name,state,baseMean,baseMeanA,baseMeanB,foldChange,log2FoldChange,lfcSE,stat,PValue,PAdj,FDR,falsePos,A1,A2,A3,B1,B2,B3
GENE-13258,YES,1133.6,80.3,2187,27.252,4.8,0.2,23.35,1.4e-120,9.0e-117,0,0,83.3,80.1,77.4,2286.9,1998.3,2275.8
GENE-17463,YES,1703.5,122.8,3284.1,26.737,4.7,0.26,18.33,4.7e-75,3.0e-71,0,0,110.1,147.3,111.1,2990.1,2775.5,4086.6
GENE-15610,YES,391.9,773.9,9.9,0.013,-6.3,0.37,-17.14,8.0e-66,5.1e-62,0,0,849,616.9,855.9,8.9,7.9,12.9
GENE-6396,YES,3474.5,742.5,6206.4,8.359,3.1,0.18,16.72,8.8e-63,5.6e-59,0,0,764.7,649.5,813.3,6517.1,6055.4,6046.8
GENE-423,YES,557.7,48.2,1067.2,22.133,4.5,0.28,16.04,6.5e-58,4.1e-54,0,0,52.6,43.5,48.6,1083.5,818,1300.1
GENE-4292,YES,609.4,1195.6,23.2,0.019,-5.7,0.36,-15.92,5.0e-57,3.2e-53,0,0,893.6,1035,1658.3,16.8,24.8,27.9
GENE-10250,YES,5378.6,9312.5,1444.7,0.155,-2.7,0.17,-15.6,7.2e-55,4.6e-51,0,0,10239.7,8704.3,8993.6,1377.7,1510.9,1445.5
GENE-5929,YES,211,408.5,13.6,0.033,-4.9,0.34,-14.62,2.0e-48,1.3e-44,0,0,467.2,419.2,339.2,10.9,13.9,15.9
GENE-18107,YES,2145.9,524.5,3767.3,7.183,2.8,0.2,14.46,2.3e-47,1.5e-43,0,0,550.5,481.4,541.5,3227.8,4067,4007
GENE-1171,YES,395.5,68.7,722.3,10.517,3.4,0.24,14.43,3.6e-47,2.3e-43,0,0,65.5,75.1,65.5,838.9,666.1,662
GENE-8549,YES,1172.8,241.4,2104.2,8.717,3.1,0.22,14.03,9.8e-45,6.3e-41,0,0,238,245.2,241,2084.9,2507.5,1720.3
GENE-12661,YES,1620.3,280.8,2959.8,10.541,3.4,0.24,14.02,1.2e-44,7.3e-41,0,0,307.5,208.6,326.3,2969.3,3226.2,2683.9
GENE-10270,YES,419.1,829.9,8.3,0.01,-6.6,0.5,-13.42,4.6e-41,2.9e-37,0,0,1149.5,818.5,521.7,9.9,12.9,2
GENE-8493,YES,6518.3,11426.2,1610.3,0.141,-2.8,0.21,-13.29,2.6e-40,1.6e-36,0,0,9342.1,11953.8,12982.6,1753.1,1462.2,1615.7
GENE-5064,YES,999.4,118.9,1879.9,15.812,4,0.3,13.2,8.4e-40,5.4e-36,0,0,151.8,119.6,85.3,1398.5,2015.2,2226
GENE-5747,YES,139.4,265.9,12.9,0.049,-4.4,0.33,-13.11,2.9e-39,1.8e-35,0,0,283.7,279.8,234.1,10.9,14.9,12.9
GENE-8703,YES,835.9,46.9,1624.9,34.64,5.1,0.39,12.96,2.1e-38,1.3e-34,0,0,64.5,31.6,44.6,1730.3,2217.7,926.8
GENE-9066,YES,170.4,318.7,22.2,0.07,-3.8,0.3,-12.73,4.1e-37,2.6e-33,0,0,271.8,341.1,343.2,16.8,23.8,25.9
GENE-12231,YES,447.1,114.2,780,6.828,2.8,0.23,12.29,9.7e-35,6.2e-31,0,0,99.2,138.4,105.1,829,765.4,745.6
GENE-12891,YES,134,17.5,250.6,14.314,3.8,0.31,12.28,1.2e-34,7.3e-31,0,0,22.8,14.8,14.9,230.8,263.1,257.8
GENE-15217,YES,226.3,33.7,418.9,12.436,3.6,0.31,11.73,8.8e-32,5.6e-28,0,0,48.6,28.7,23.8,461.5,397.1,398.2
GENE-17833,YES,1280.1,278.4,2281.8,8.197,3,0.26,11.6,4.2e-31,2.7e-27,0,0,209.3,297.6,328.3,2140.3,2743.8,1961.2
GENE-5868,YES,611.3,1046.5,176.1,0.168,-2.6,0.23,-11.03,2.6e-28,1.6e-24,0,0,1047.4,1123,969,169.4,142.9,216
GENE-3027,YES,171.6,26.8,316.4,11.824,3.6,0.32,11.02,3.1e-28,2.0e-24,0,0,21.8,18.8,39.7,339.7,315.7,293.7
GENE-745,YES,130.6,21.1,240,11.357,3.5,0.32,11.01,3.6e-28,2.3e-24,0,0,19.8,25.7,17.9,199.1,238.2,282.7
GENE-18597,YES,2614,675.7,4552.3,6.737,2.8,0.25,10.89,1.2e-27,7.9e-24,0,0,868.8,644.5,513.8,4596.6,4918.8,4141.4
GENE-13742,YES,2316.7,3904.4,728.9,0.187,-2.4,0.23,-10.55,5.1e-26,3.2e-22,0,0,3589.4,4521.7,3602.2,593.3,853.7,739.7
GENE-3047,YES,650.7,1061.8,239.5,0.226,-2.1,0.21,-10.26,1.1e-24,6.9e-21,0,0,1182.3,992.5,1010.6,275.3,226.3,217
GENE-17313,YES,952.2,408.5,1495.8,3.661,1.9,0.18,10.22,1.6e-24,1.0e-20,0,0,448.3,377.6,399.7,1546.1,1544.6,1396.7
GENE-17480,YES,102.2,183.9,20.5,0.112,-3.2,0.32,-9.83,8.7e-23,5.5e-19,0,0,194.4,211.6,145.8,20.8,20.8,19.9
GENE-18295,YES,113.6,200.5,26.8,0.134,-2.9,0.3,-9.67,3.9e-22,2.5e-18,0,0,213.2,175,213.2,33.7,24.8,21.9
GENE-16233,YES,184.2,310.4,57.9,0.187,-2.4,0.25,-9.66,4.7e-22,2.9e-18,0,0,311.4,305.5,314.4,48.5,53.6,71.7
GENE-14600,YES,1378.5,268.8,2488.3,9.258,3.2,0.33,9.61,7.0e-22,4.5e-18,0,0,332.3,299.5,174.6,3382.4,2128.3,1954.2
GENE-10539,YES,1103.4,423.8,1783,4.208,2.1,0.22,9.56,1.1e-21,7.2e-18,0,0,468.1,375.7,427.5,1545.1,1719.3,2084.6
GENE-9253,YES,137.4,28.4,246.3,8.671,3.1,0.33,9.49,2.3e-21,1.5e-17,0,0,28.8,19.8,36.7,206,231.3,301.6
GENE-7638,YES,282.3,543.7,20.8,0.038,-4.7,0.5,-9.33,1.1e-20,6.9e-17,0,0,254.9,413.2,963,24.8,23.8,13.9
GENE-18377,YES,58.1,110,6.3,0.057,-4.1,0.44,-9.28,1.6e-20,1.0e-16,0,0,94.2,115.7,120,5,8.9,5
GENE-17033,YES,678.2,266.9,1089.5,4.082,2,0.22,9.27,1.9e-20,1.2e-16,0,0,244,230.3,326.3,1124.2,1055.2,1089.1
GENE-7829,YES,114.8,32,197.6,6.169,2.6,0.28,9.22,3.1e-20,1.9e-16,0,0,34.7,30.6,30.7,173.3,188.6,231
GENE-7755,YES,1657.3,2645.3,669.4,0.253,-2,0.22,-9.19,4.0e-20,2.5e-16,0,0,2455.8,2636.5,2843.5,536.8,712.7,758.6
GENE-6623,YES,537.5,155.9,919.1,5.896,2.6,0.28,9.05,1.4e-19,8.9e-16,0,0,197.4,142.4,127.9,721,899.4,1136.9
GENE-1278,YES,3374.4,1808.1,4940.6,2.732,1.5,0.16,8.97,2.9e-19,1.8e-15,0,0,1800.2,1742.8,1881.4,4715.5,5247.3,4859.1
GENE-339,YES,1073.8,1919.1,228.5,0.119,-3.1,0.34,-8.93,4.2e-19,2.7e-15,0,0,2201.9,1555,2000.5,281.3,279.9,124.4
GENE-12318,YES,314,565.9,62.2,0.11,-3.2,0.36,-8.88,7.0e-19,4.4e-15,0,0,437.4,700.9,559.4,59.4,90.3,36.8
GENE-16370,YES,1353.3,2166.1,540.4,0.249,-2,0.23,-8.84,9.6e-19,6.1e-15,0,0,2141.4,2424,1933,628.9,435.8,556.5
GENE-19321,YES,104.9,24.5,185.3,7.584,2.9,0.33,8.81,1.3e-18,8.0e-15,0,0,29.8,28.7,14.9,209,164.8,182.2
GENE-2354,YES,566.1,991.6,140.7,0.142,-2.8,0.32,-8.68,4.1e-18,2.6e-14,0,0,628.8,1387,959.1,127.8,155.9,138.4
GENE-18032,YES,79.1,20.5,137.7,6.726,2.7,0.32,8.55,1.2e-17,7.5e-14,0,0,20.8,23.7,16.9,117.9,145.9,149.3
GENE-8690,NO,266.7,521.6,11.9,0.023,-5.5,0.66,-8.23,1.8e-16,1.1e-12,0,0,940.3,111.7,512.8,6.9,18.9,10
GENE-19942,YES,100.6,178.3,22.8,0.128,-3,0.36,-8.18,2.9e-16,1.8e-12,0,0,180.5,179.9,174.6,26.7,10.9,30.9
GENE-11389,YES,115.1,40,190.3,4.762,2.3,0.28,8.12,4.7e-16,2.9e-12,0,0,49.6,35.6,34.7,202.1,173.7,195.1
GENE-15634,YES,178.5,78.9,278,3.522,1.8,0.22,8.1,5.5e-16,3.5e-12,0,0,82.3,74.1,80.3,301.1,270,262.8
GENE-1903,YES,443.6,89.2,798.1,8.949,3.2,0.39,8.05,8.5e-16,5.4e-12,0,0,142.8,68.2,56.5,575.4,1022.5,796.4
GENE-12995,YES,228.1,360.6,95.7,0.265,-1.9,0.24,-7.96,1.8e-15,1.1e-11,0,0,320.4,360.8,400.7,79.2,100.3,107.5
GENE-7457,YES,4460.9,1529.8,7392,4.832,2.3,0.29,7.86,4.0e-15,2.5e-11,0,0,1947,1096.3,1546.2,5660.4,8391.2,8124.4
GENE-13938,YES,111.2,188.9,33.4,0.177,-2.5,0.32,-7.81,5.7e-15,3.6e-11,0,0,237,175,154.7,39.6,34.7,25.9
GENE-1205,YES,161.3,65.1,257.5,3.958,2,0.26,7.66,1.8e-14,1.1e-10,0,0,54.6,61.3,79.3,273.4,229.3,269.8
GENE-19878,YES,148,34.3,261.7,7.624,2.9,0.39,7.6,3.0e-14,1.9e-10,0,0,29.8,51.4,21.8,338.7,188.6,257.8
GENE-7078,YES,584.9,1023.9,145.9,0.143,-2.8,0.37,-7.51,6.0e-14,3.8e-10,0,0,1286.4,1171.5,613.9,182.2,90.3,165.3
GENE-8420,YES,46.5,3.7,89.3,24.581,4.6,0.63,7.38,1.6e-13,1.0e-09,0,0,3,4,4,145.6,65.5,56.7
GENE-1715,YES,58.9,15.2,102.6,6.753,2.8,0.37,7.37,1.7e-13,1.1e-09,0,0,12.9,12.9,19.8,88.1,126.1,93.6
GENE-13854,YES,121.9,198.5,45.3,0.228,-2.1,0.29,-7.36,1.9e-13,1.2e-09,0,0,221.2,183.9,190.4,59.4,37.7,38.8
GENE-9419,YES,35.7,5.3,66.2,12.525,3.6,0.51,7.19,6.3e-13,3.9e-09,0,0,5,4.9,6,83.2,49.6,65.7
GENE-13703,YES,367.6,605.9,129.4,0.214,-2.2,0.31,-7.09,1.3e-12,8.5e-09,0,0,667.5,401.4,748.8,138.7,148.9,100.5
GENE-15614,YES,34.3,6.6,61.9,9.372,3.2,0.46,7.02,2.2e-12,1.4e-08,0,0,7.9,6.9,5,53.5,64.5,67.7
GENE-2985,YES,59.4,21.4,97.3,4.533,2.2,0.32,6.82,9.1e-12,5.7e-08,0,0,20.8,22.7,20.8,108,88.3,95.6
GENE-3419,YES,97.6,175.3,19.9,0.113,-3.1,0.46,-6.81,9.6e-12,6.0e-08,0,0,120,241.2,164.6,14.9,10.9,33.8
GENE-707,YES,120.4,186.3,54.6,0.293,-1.8,0.26,-6.72,1.8e-11,1.1e-07,0,0,200.4,202.7,155.7,52.5,59.6,51.8
GENE-8761,YES,926.4,1314,538.8,0.41,-1.3,0.19,-6.7,2.1e-11,1.3e-07,0,0,1237.8,1302.9,1401.4,554.6,470.5,591.3
GENE-7710,YES,413.8,221.6,606,2.734,1.5,0.22,6.69,2.2e-11,1.4e-07,0,0,264.8,192.8,207.3,632.9,580.7,604.3
GENE-11883,YES,1270.4,751.3,1789.5,2.382,1.3,0.19,6.68,2.3e-11,1.5e-07,0,0,817.3,723.6,713.1,1589.7,1864.3,1914.4
GENE-15558,YES,368.8,526.7,210.8,0.4,-1.3,0.2,-6.59,4.3e-11,2.7e-07,0,0,489,538.8,552.4,233.7,192.6,206.1
GENE-4048,YES,30.3,4,56.6,14.279,3.8,0.59,6.48,9.0e-11,5.7e-07,0,0,4,6.9,1,74.3,50.6,44.8
GENE-5715,YES,39.5,71,7.9,0.112,-3.2,0.49,-6.47,9.7e-11,6.1e-07,0,0,72.4,53.4,87.3,9.9,10.9,3
GENE-8860,NO,93.6,176.3,10.9,0.062,-4,0.62,-6.45,1.1e-10,6.9e-07,0,0,220.2,220.5,88.3,1,16.9,14.9
GENE-10214,YES,33,57.1,8.9,0.156,-2.7,0.42,-6.36,2.0e-10,1.3e-06,0,0,56.5,53.4,61.5,9.9,8.9,8
GENE-16548,YES,133.3,235.8,30.8,0.131,-2.9,0.46,-6.35,2.1e-10,1.3e-06,0,0,203.3,243.2,260.8,22.8,56.6,12.9
GENE-5836,YES,272.3,425.4,119.1,0.28,-1.8,0.29,-6.32,2.6e-10,1.6e-06,0,0,475.1,377.6,423.5,160.5,85.4,111.5
GENE-18920,YES,1005.7,1761.1,250.3,0.142,-2.8,0.45,-6.27,3.6e-10,2.2e-06,0,0,2006.5,685.1,2591.6,230.8,197.5,322.5
GENE-1862,YES,21.5,2,41,20.709,4.4,0.71,6.13,8.9e-10,5.6e-06,0,0,1,1,4,38.6,45.7,38.8
GENE-15607,YES,74,120.2,27.8,0.231,-2.1,0.35,-6.1,1.1e-09,6.8e-06,0,0,98.2,116.7,145.8,18.8,33.8,30.9
GENE-8380,YES,151.2,246.9,55.6,0.225,-2.2,0.36,-5.97,2.4e-09,1.5e-05,0,0,198.4,343,199.4,75.3,39.7,51.8
GENE-18542,YES,20.7,3.3,38,11.525,3.5,0.59,5.95,2.7e-09,1.7e-05,0,0,3,4,3,37.6,39.7,36.8
GENE-11322,YES,430.9,241.7,620,2.565,1.4,0.23,5.92,3.1e-09,2.0e-05,0,0,218.2,267.9,239,508.1,709.8,642.1
GENE-12036,YES,285,418.1,151.9,0.363,-1.5,0.25,-5.83,5.4e-09,3.4e-05,0,0,431.4,365.8,457.2,189.2,127.1,139.4
GENE-16364,YES,897.2,250.6,1543.8,6.16,2.6,0.45,5.83,5.4e-09,3.4e-05,0,0,340.2,289.7,122,1089.5,1090,2452
GENE-6739,YES,19.5,36.7,2.3,0.063,-4,0.69,-5.78,7.3e-09,4.6e-05,0,0,27.8,44.5,37.7,2,2,3
GENE-8689,YES,24.2,4.9,43.3,8.752,3.1,0.54,5.75,8.8e-09,5.5e-05,0,0,3,4.9,6.9,39.6,54.6,35.8
GENE-18137,YES,207.3,100.7,314,3.118,1.6,0.29,5.75,9.2e-09,5.8e-05,0,0,77.4,119.6,105.1,357.5,342.5,241.9
GENE-13749,YES,18.4,1.3,35.4,26.81,4.7,0.83,5.71,1.1e-08,7.2e-05,0,0,1,1,2,30.7,38.7,36.8
GENE-13079,YES,96.5,149.3,43.7,0.293,-1.8,0.31,-5.69,1.3e-08,7.9e-05,0,0,144.8,116.7,186.5,50.5,43.7,36.8
GENE-8392,YES,36.2,59.4,12.9,0.217,-2.2,0.39,-5.67,1.4e-08,8.8e-05,0,0,59.5,62.3,56.5,15.8,9.9,12.9
GENE-13707,YES,119.1,66.7,171.4,2.57,1.4,0.24,5.62,1.9e-08,1.2e-04,0,0,72.4,68.2,59.5,180.3,163.8,170.2
GENE-13856,YES,121.4,186,56.9,0.306,-1.7,0.3,-5.6,2.1e-08,1.3e-04,0,0,161.7,174,222.2,74.3,43.7,52.8
GENE-14682,YES,6403.3,3384.3,9422.2,2.784,1.5,0.26,5.58,2.3e-08,1.5e-04,0,0,2444.9,4308.2,3399.9,9578.6,8275,10413.1
GENE-6453,YES,55.8,22.5,89,3.965,2,0.36,5.57,2.5e-08,1.6e-04,0,0,28.8,22.7,15.9,74.3,89.3,103.5
GENE-3070,YES,312.2,520.4,104,0.2,-2.3,0.42,-5.5,3.7e-08,2.3e-04,0,0,305.5,556.6,699.2,75.3,72.5,164.3
GENE-16921,YES,41.6,67.3,15.9,0.236,-2.1,0.39,-5.4,6.5e-08,4.1e-04,0,0,68.4,74.1,59.5,18.8,18.9,10
GENE-18593,YES,19.4,3,35.8,12.028,3.6,0.67,5.34,9.2e-08,5.8e-04,0,0,0,4.9,4,31.7,44.7,30.9
GENE-9928,YES,286.5,438.4,134.8,0.307,-1.7,0.32,-5.32,1.0e-07,6.5e-04,0,0,490,336.1,489,128.8,92.3,183.2
GENE-14603,YES,52.3,18.9,85.7,4.551,2.2,0.41,5.27,1.4e-07,8.5e-04,0,0,28.8,10.9,16.9,106,76.4,74.7
GENE-5809,YES,34.4,12.9,55.9,4.344,2.1,0.41,5.2,2.0e-07,1.2e-03,0,0,14.9,13.8,9.9,44.6,63.5,59.7
GENE-11043,YES,24.6,42.6,6.6,0.155,-2.7,0.52,-5.17,2.3e-07,1.4e-03,0,0,38.7,40.5,48.6,5.9,10.9,3
GENE-4836,YES,26.3,43.6,8.9,0.205,-2.3,0.44,-5.17,2.4e-07,1.5e-03,0,0,38.7,48.4,43.6,8.9,7.9,10
GENE-17481,YES,63.4,25.8,101,3.921,2,0.38,5.14,2.7e-07,1.7e-03,0,0,16.9,34.6,25.8,78.2,94.3,130.4
GENE-8239,YES,10.3,0,20.5,112.636,6.8,1.33,5.14,2.7e-07,1.7e-03,0,0,0,0,0,19.8,12.9,28.9
GENE-16076,YES,17.3,30.7,4,0.129,-3,0.58,-5.12,3.0e-07,1.9e-03,0,0,31.7,29.7,30.7,4,4,4
GENE-18049,NO,299.2,450.4,148,0.329,-1.6,0.32,-4.98,6.5e-07,4.1e-03,0,0,586.2,484.4,280.7,124.8,155.9,163.3
GENE-3377,YES,77.3,154.3,0.3,0.002,-8.8,1.78,-4.91,9.1e-07,5.7e-03,1e-04,0,371.9,36.6,54.5,1,0,0
GENE-19573,YES,2856.9,3760.3,1953.5,0.52,-0.9,0.19,-4.9,9.6e-07,6.0e-03,1e-04,0,3987.2,3658.7,3634.9,2005.6,1665.7,2189.1
GENE-15931,YES,685,961.2,408.8,0.425,-1.2,0.25,-4.85,1.2e-06,7.7e-03,1e-04,0,1224.9,824.5,834.1,346.7,431.8,448
GENE-6109,YES,326.5,208.8,444.2,2.128,1.1,0.23,4.84,1.3e-06,8.3e-03,1e-04,0,235.1,176,215.2,389.2,467.6,475.9
GENE-7811,YES,46,18.2,73.9,4.065,2,0.43,4.71,2.4e-06,1.5e-02,1e-04,0,17.9,14.8,21.8,43.6,81.4,96.6
GENE-8125,YES,12.2,23.5,1,0.042,-4.6,0.98,-4.66,3.1e-06,2.0e-02,2e-04,0,29.8,18.8,21.8,2,0,1
GENE-17437,YES,44.1,65.1,23.2,0.356,-1.5,0.33,-4.52,6.1e-06,3.8e-02,3e-04,0,66.5,62.3,66.5,23.8,24.8,20.9
GENE-2965,YES,302.9,405.2,200.5,0.495,-1,0.23,-4.49,7.1e-06,4.5e-02,4e-04,0,421.5,388.5,405.6,239.7,194.6,167.2
GENE-19741,YES,262.8,170.1,355.4,2.09,1.1,0.24,4.49,7.1e-06,4.4e-02,4e-04,0,174.6,183.9,151.7,316.9,426.9,322.5
GENE-10843,YES,430.4,632,228.9,0.362,-1.5,0.33,-4.46,8.2e-06,5.2e-02,4e-04,0,560.4,718.7,616.9,282.3,274,130.4
GENE-2623,YES,94.2,56.4,132,2.338,1.2,0.28,4.46,8.4e-06,5.2e-02,4e-04,0,58.5,65.2,45.6,144.6,132,119.5
GENE-8742,NO,195.2,388.1,2.3,0.006,-7.4,1.66,-4.45,8.7e-06,5.5e-02,5e-04,0,973,57.3,133.9,1,0,6
GENE-10680,YES,18.5,30.7,6.3,0.205,-2.3,0.52,-4.41,1.0e-05,6.3e-02,5e-04,0,30.7,29.7,31.7,4,7.9,7
GENE-16846,YES,12.1,23.4,0.7,0.028,-5.1,1.17,-4.4,1.1e-05,6.8e-02,6e-04,0,32.7,24.7,12.9,0,1,1
GENE-5439,YES,399.1,266.1,532.2,2,1,0.23,4.39,1.2e-05,7.2e-02,6e-04,0,246,328.2,224.1,525.9,538,532.6
GENE-11591,YES,55069.1,78534,31604.3,0.402,-1.3,0.3,-4.38,1.2e-05,7.6e-02,6e-04,0,68835.3,102611.3,64155.4,23209,40766.6,30837.2
GENE-13303,NO,94.1,35.7,152.5,4.276,2.1,0.48,4.37,1.3e-05,7.9e-02,6e-04,0,12.9,38.6,55.5,200.1,147.9,109.5
GENE-18214,YES,11.7,2.3,21.2,9.161,3.2,0.73,4.35,1.4e-05,8.6e-02,7e-04,0,4,1,2,20.8,22.8,19.9
GENE-1457,NO,73.5,115.3,31.8,0.275,-1.9,0.43,-4.33,1.5e-05,9.1e-02,7e-04,0,110.1,67.2,168.6,43.6,24.8,26.9
GENE-15874,YES,17.5,5.9,29.1,4.899,2.3,0.54,4.28,1.8e-05,1.1e-01,9e-04,0,5,4.9,7.9,28.7,33.8,24.9
GENE-2448,NO,838.3,510.3,1166.3,2.285,1.2,0.28,4.24,2.3e-05,1.4e-01,0.0011,0,494.9,445.8,590.1,1222.2,1466.2,810.4
GENE-14650,YES,15.9,4.3,27.5,6.4,2.7,0.63,4.23,2.3e-05,1.4e-01,0.0011,0,2,4.9,6,18.8,37.7,25.9
GENE-10583,YES,417.8,2.3,833.3,360.104,8.5,2.01,4.23,2.3e-05,1.5e-01,0.0011,0,6,0,1,1225.2,1268.7,6
GENE-3367,YES,52.8,29.4,76.1,2.589,1.4,0.33,4.2,2.6e-05,1.6e-01,0.0013,0,36.7,26.7,24.8,79.2,81.4,67.7
GENE-1964,YES,31.4,50.2,12.6,0.251,-2,0.48,-4.18,2.9e-05,1.8e-01,0.0014,0,38.7,38.6,73.4,8.9,11.9,16.9
GENE-2016,NO,757.3,513.9,1000.6,1.947,1,0.23,4.16,3.2e-05,2.0e-01,0.0015,0,629.8,477.5,434.4,975.6,910.3,1116
GENE-17422,YES,32.2,14.2,50.3,3.542,1.8,0.44,4.13,3.7e-05,2.3e-01,0.0017,0,19.8,13.8,8.9,51.5,61.5,37.8
GENE-9157,YES,93,48.5,137.4,2.83,1.5,0.36,4.11,3.9e-05,2.4e-01,0.0018,0,46.6,48.4,50.6,79.2,177.7,155.3
GENE-18088,YES,9.1,0.7,17.5,26.562,4.7,1.16,4.09,4.3e-05,2.7e-01,0.002,0,0,1,1,15.8,17.9,18.9
GENE-5553,NO,119.1,72.6,165.5,2.278,1.2,0.29,4.08,4.4e-05,2.8e-01,0.002,0,55.5,79.1,83.3,156.5,199.5,140.4
GENE-12828,YES,317.5,205,430,2.097,1.1,0.27,4.02,5.9e-05,3.7e-01,0.0027,0,155.7,235.3,224.1,433.8,354.4,501.7
GENE-4679,YES,16,5.6,26.5,4.717,2.2,0.56,4.01,6.1e-05,3.8e-01,0.0028,0,4,6.9,6,26.7,20.8,31.9
GENE-12461,NO,53,84.9,21.1,0.249,-2,0.5,-4,6.4e-05,4.0e-01,0.0029,0,122,92.9,39.7,29.7,20.8,12.9
GENE-18244,YES,10274.8,3869.4,16680.3,4.311,2.1,0.53,3.99,6.5e-05,4.0e-01,0.0029,0,5863.7,4269.6,1474.8,28708.9,9778.9,11553
GENE-2933,YES,338.7,455.6,221.8,0.487,-1,0.26,-3.98,6.8e-05,4.2e-01,0.003,0,501.9,331.2,533.6,206,219.4,239.9
GENE-6631,NO,653,927.4,378.5,0.408,-1.3,0.33,-3.95,7.9e-05,4.9e-01,0.0035,1,1240.8,856.1,685.3,501.2,272,362.4
GENE-9669,YES,25.8,11.9,39.7,3.34,1.7,0.44,3.92,8.9e-05,5.5e-01,0.0039,1,12.9,12.9,9.9,43.6,46.7,28.9
GENE-16010,YES,20.8,32.7,8.9,0.273,-1.9,0.48,-3.91,9.2e-05,5.7e-01,0.004,1,34.7,37.6,25.8,9.9,6.9,10
GENE-19971,YES,6.8,0.3,13.2,37.303,5.2,1.34,3.89,9.9e-05,6.2e-01,0.0043,1,0,0,1,12.9,10.9,15.9
GENE-18798,YES,532.6,716.9,348.3,0.486,-1,0.27,-3.88,1.1e-04,6.6e-01,0.0045,1,701.2,782,667.5,354.6,247.2,443
GENE-12214,YES,13.9,4.3,23.5,5.474,2.5,0.65,3.79,1.5e-04,9.4e-01,0.0065,1,3,7.9,2,28.7,22.8,18.9
GENE-8821,NO,207.5,85.8,329.2,3.837,1.9,0.51,3.78,1.6e-04,9.7e-01,0.0066,1,55.5,144.3,57.5,474.4,138,375.3
GENE-3005,NO,964.6,1257.7,671.5,0.534,-0.9,0.24,-3.78,1.6e-04,9.8e-01,0.0066,1,1464.9,1167.5,1140.6,610.1,827.9,576.4
GENE-961,YES,9.6,2.3,16.9,7.303,2.9,0.79,3.64,2.8e-04,1.0e+00,0.0116,2,2,2,3,17.8,9.9,22.9
GENE-16873,YES,1214.5,952.4,1476.5,1.55,0.6,0.18,3.61,3.1e-04,1.0e+00,0.0129,2,1032.5,961.9,862.9,1430.2,1477.1,1522.1
GENE-2879,YES,12.9,20.8,5,0.239,-2.1,0.59,-3.48,5.0e-04,1.0e+00,0.0204,3,16.9,24.7,20.8,4,5,6
GENE-16529,YES,2459.1,1632.2,3286,2.013,1,0.29,3.48,5.0e-04,1.0e+00,0.0204,3,1142.6,2095.8,1658.3,2593,3625.3,3639.6
GENE-14041,YES,83,110,55.9,0.509,-1,0.28,-3.47,5.3e-04,1.0e+00,0.0215,3,123,100.8,106.1,45.6,64.5,57.7
GENE-14654,YES,42.8,60.1,25.5,0.424,-1.2,0.36,-3.41,6.6e-04,1.0e+00,0.0267,4,60.5,47.5,72.4,26.7,29.8,19.9
GENE-5789,YES,6.8,12.2,1.3,0.108,-3.2,0.95,-3.39,7.1e-04,1.0e+00,0.0287,5,11.9,14.8,9.9,2,1,1
GENE-13279,NO,441.1,5.6,876.6,156.345,7.3,2.17,3.37,7.6e-04,1.0e+00,0.0305,5,4,12.9,0,3,480.5,2146.3
GENE-6335,NO,1309.4,1704.5,914.3,0.536,-0.9,0.27,-3.36,7.7e-04,1.0e+00,0.0308,5,1430.2,1578.7,2104.6,951.8,696.9,1094.1
GENE-3509,YES,19.8,9.9,29.8,3.007,1.6,0.47,3.35,8.1e-04,1.0e+00,0.032,5,7.9,12.9,8.9,24.8,31.8,32.9
GENE-9109,YES,40.5,59.1,21.8,0.369,-1.4,0.43,-3.35,8.2e-04,1.0e+00,0.032,5,44.6,54.4,78.4,29.7,22.8,12.9
GENE-2179,YES,56.4,35.3,77.5,2.192,1.1,0.34,3.34,8.3e-04,1.0e+00,0.0322,5,41.7,31.6,32.7,76.3,59.6,96.6
GENE-13345,YES,241.9,177.4,306.4,1.728,0.8,0.24,3.33,8.7e-04,1.0e+00,0.0337,6,212.3,162.1,157.7,344.7,279.9,294.7
GENE-4146,YES,28.1,15.2,41.1,2.702,1.4,0.44,3.3,9.8e-04,1.0e+00,0.0379,6,20.8,11.9,12.9,37.6,33.8,51.8
GENE-3317,NO,1344,1752.2,935.8,0.534,-0.9,0.28,-3.28,1.0e-03,1.0e+00,0.0392,7,2384.4,1492.7,1379.6,1004.3,982.8,820.3
GENE-2273,YES,24.3,12.2,36.4,2.978,1.6,0.48,3.25,1.1e-03,1.0e+00,0.0438,7,18.8,8.9,8.9,46.6,32.8,29.9
GENE-12295,NO,550.8,1051.5,50,0.048,-4.4,1.35,-3.24,1.2e-03,1.0e+00,0.0445,7,1566.1,395.4,1193.1,59.4,1,89.6
GENE-19608,NO,436.4,318,554.9,1.745,0.8,0.25,3.2,1.4e-03,1.0e+00,0.0515,9,241,358.8,354.1,602.2,588.7,473.9
GENE-10091,NO,614.2,404.2,824.2,2.039,1,0.33,3.14,1.7e-03,1.0e+00,0.0639,11,377.9,432,402.7,718.1,536.1,1218.5
GENE-5632,NO,3468,166.5,6769.5,40.665,5.3,1.71,3.13,1.8e-03,1.0e+00,0.0657,11,28.8,446.8,23.8,185.2,16142.1,3981.1
GENE-13338,NO,14.9,23.8,6,0.251,-2,0.64,-3.13,1.8e-03,1.0e+00,0.0657,11,23.8,22.7,24.8,2,4,11.9
GENE-7037,NO,39.5,24.1,55,2.279,1.2,0.38,3.11,1.9e-03,1.0e+00,0.0689,12,29.8,16.8,25.8,44.6,66.5,53.8
GENE-7609,YES,48.7,64.7,32.7,0.506,-1,0.32,-3.1,1.9e-03,1.0e+00,0.0698,12,64.5,62.3,67.4,36.6,26.8,34.8
GENE-19976,YES,12.1,4.3,19.8,4.623,2.2,0.71,3.1,1.9e-03,1.0e+00,0.0699,12,7.9,2,3,18.8,28.8,11.9
GENE-2839,NO,42.8,74.3,11.3,0.151,-2.7,0.88,-3.1,1.9e-03,1.0e+00,0.0701,12,135.9,81.1,6,10.9,19.9,3
GENE-1088,YES,44.9,63.7,26.1,0.41,-1.3,0.42,-3.09,2.0e-03,1.0e+00,0.0725,13,56.5,54.4,80.3,25.8,37.7,14.9
GENE-8054,YES,288.1,221.6,354.7,1.601,0.7,0.22,3.08,2.1e-03,1.0e+00,0.0753,13,198.4,245.2,221.2,406.1,338.5,319.6
GENE-17158,NO,115.8,46.2,185.4,4.012,2,0.65,3.07,2.2e-03,1.0e+00,0.0767,14,67.4,48.4,22.8,381.3,48.6,126.4
GENE-12366,NO,16.5,6.6,26.4,4.006,2,0.65,3.06,2.2e-03,1.0e+00,0.0776,14,3,4.9,11.9,36.6,28.8,13.9
GENE-14242,YES,62,43.6,80.5,1.845,0.9,0.29,3.05,2.3e-03,1.0e+00,0.0814,15,41.7,47.5,41.7,77.3,73.5,90.6
GENE-6875,NO,1269.6,1854.7,684.5,0.369,-1.4,0.48,-3.02,2.5e-03,1.0e+00,0.0874,16,1416.3,2108.6,2039.1,227.8,758.4,1067.2
GENE-19079,YES,65,41.3,88.7,2.148,1.1,0.37,3,2.7e-03,1.0e+00,0.0937,17,37.7,28.7,57.5,106,67.5,92.6
GENE-1579,NO,142.9,79.3,206.4,2.603,1.4,0.46,3,2.7e-03,1.0e+00,0.0937,17,117,40.5,80.3,195.1,305.7,118.5
GENE-3653,YES,5.1,9.6,0.7,0.069,-3.9,1.29,-3,2.7e-03,1.0e+00,0.0937,17,9.9,12.9,6,0,2,0
GENE-952,YES,170.6,132.4,208.8,1.577,0.7,0.22,2.99,2.8e-03,1.0e+00,0.0967,18,132.9,139.4,125,187.2,224.3,215
GENE-18978,NO,6666.3,7834.9,5497.6,0.702,-0.5,0.17,-2.96,3.1e-03,1.0e+00,0.106,20,7781.9,7909.5,7813.4,6136.8,5342.6,5013.4
GENE-18435,NO,80.6,42.6,118.5,2.784,1.5,0.51,2.92,3.5e-03,1.0e+00,0.1181,22,14.9,58.3,54.5,71.3,130,154.3
GENE-19764,YES,7.1,12.2,2,0.162,-2.6,0.9,-2.91,3.6e-03,1.0e+00,0.1226,23,6,11.9,18.8,2,3,1
GENE-8396,YES,3.5,0.3,6.6,18.647,4.2,1.45,2.9,3.7e-03,1.0e+00,0.1232,23,1,0,0,6.9,6.9,6
GENE-10050,NO,992.2,786,1198.5,1.525,0.6,0.21,2.9,3.7e-03,1.0e+00,0.1241,24,806.4,793.8,757.7,1427.2,1017.5,1150.8
GENE-15944,NO,552.8,262.5,843.2,3.212,1.7,0.58,2.89,3.9e-03,1.0e+00,0.1281,25,422.5,299.5,65.5,874.6,1231.9,423.1
GENE-2517,NO,250.9,384.2,117.6,0.306,-1.7,0.59,-2.88,3.9e-03,1.0e+00,0.1287,25,88.3,613.9,450.3,65.4,123.1,164.3
GENE-6589,NO,28.3,9.2,47.3,5.126,2.4,0.82,2.89,3.9e-03,1.0e+00,0.1287,25,6.9,18.8,2,51.5,9.9,80.6
GENE-1692,NO,2220.9,2901.3,1540.4,0.531,-0.9,0.32,-2.86,4.2e-03,1.0e+00,0.1359,27,2467.7,4283.5,1952.8,1624.3,1598.2,1398.7
GENE-7846,NO,17.4,9.2,25.5,2.756,1.5,0.51,2.86,4.2e-03,1.0e+00,0.1359,27,12.9,5.9,8.9,20.8,28.8,26.9
GENE-13051,YES,24.8,36.3,13.2,0.364,-1.5,0.51,-2.85,4.3e-03,1.0e+00,0.1399,28,30.7,51.4,26.8,18.8,6.9,13.9
GENE-13014,NO,15,24.4,5.6,0.23,-2.1,0.74,-2.85,4.4e-03,1.0e+00,0.1399,28,11.9,25.7,35.7,10.9,5,1
GENE-16013,NO,764.4,634.1,894.6,1.411,0.5,0.17,2.85,4.4e-03,1.0e+00,0.1411,28,673.5,640.6,588.1,867.6,882.5,933.8
GENE-8273,YES,47.3,31.1,63.5,2.046,1,0.36,2.84,4.5e-03,1.0e+00,0.1424,28,27.8,29.7,35.7,83.2,60.6,46.8
GENE-10274,NO,159.4,102.3,216.5,2.116,1.1,0.38,2.84,4.5e-03,1.0e+00,0.1424,29,64.5,150.3,92.2,194.1,164.8,290.7
GENE-9261,NO,233.5,177.4,289.7,1.633,0.7,0.25,2.84,4.5e-03,1.0e+00,0.1426,29,214.2,167.1,150.8,268.4,264.1,336.5
GENE-7667,NO,2334.9,2854.6,1815.3,0.636,-0.7,0.23,-2.81,4.9e-03,1.0e+00,0.1531,31,3086.6,2857.9,2619.3,1578.8,1580.4,2286.7
GENE-6257,NO,33.3,0.7,66,99.934,6.6,2.36,2.81,4.9e-03,1.0e+00,0.1533,31,1,1,0,0,55.6,142.4
GENE-1795,NO,4856.1,6553.8,3158.4,0.482,-1.1,0.38,-2.8,5.1e-03,1.0e+00,0.1573,32,3745.2,5497.4,10418.8,2639.5,3646.1,3189.6
GENE-5861,YES,9.3,15.2,3.3,0.218,-2.2,0.79,-2.8,5.1e-03,1.0e+00,0.1581,33,14.9,6.9,23.8,3,2,5
GENE-4517,NO,54.3,32.4,76.2,2.354,1.2,0.44,2.78,5.4e-03,1.0e+00,0.1672,35,28.8,46.5,21.8,42.6,94.3,91.6
GENE-18830,NO,5,9.6,0.3,0.037,-4.8,1.71,-2.78,5.5e-03,1.0e+00,0.1686,35,16.9,11.9,0,1,0,0
GENE-19466,YES,8.6,3.3,13.9,4.211,2.1,0.75,2.75,6.0e-03,1.0e+00,0.1827,38,2,4,4,13.9,7.9,19.9
GENE-14344,NO,985.5,780.9,1190,1.524,0.6,0.22,2.74,6.1e-03,1.0e+00,0.185,39,799.4,903.6,639.7,1089.5,1145.6,1335
GENE-10964,NO,496.5,372.6,620.5,1.666,0.7,0.27,2.73,6.2e-03,1.0e+00,0.1885,40,438.4,338.1,341.2,738.9,450.7,672
GENE-11511,NO,763.7,185.4,1342,7.238,2.9,1.05,2.73,6.3e-03,1.0e+00,0.1887,40,216.2,63.3,276.7,213.9,2731.9,1080.1
GENE-15851,YES,2.1,4.3,0,0.043,-4.6,1.67,-2.72,6.5e-03,1.0e+00,0.1941,41,3,6.9,3,0,0,0
GENE-17357,NO,121.9,149.3,94.6,0.634,-0.7,0.24,-2.71,6.8e-03,1.0e+00,0.2018,43,138.9,167.1,141.8,105,88.3,90.6
GENE-3510,YES,162,31,292.9,9.439,3.2,1.2,2.69,7.2e-03,1.0e+00,0.2122,46,32.7,40.5,19.8,11.9,425.9,441
GENE-8006,YES,21.8,12.9,30.7,2.389,1.3,0.47,2.67,7.6e-03,1.0e+00,0.2234,48,11.9,11.9,14.9,37.6,34.7,19.9
GENE-10565,NO,627.6,756.1,499.1,0.66,-0.6,0.23,-2.66,7.9e-03,1.0e+00,0.2316,50,679.4,881.8,707.2,462.5,585.7,449
GENE-5031,NO,101.5,149.8,53.2,0.355,-1.5,0.56,-2.65,8.0e-03,1.0e+00,0.2334,51,124,263.9,61.5,60.4,75.4,23.9
GENE-17080,NO,587.1,722.8,451.5,0.625,-0.7,0.26,-2.65,8.1e-03,1.0e+00,0.2366,52,763.7,869,535.6,442.7,404,507.7
GENE-991,YES,4.8,1.3,8.3,6.264,2.6,1.01,2.63,8.6e-03,1.0e+00,0.2498,55,2,1,1,7.9,6.9,10
GENE-5904,NO,35.5,20.5,50.6,2.473,1.3,0.5,2.61,9.0e-03,1.0e+00,0.2571,57,13.9,26.7,20.8,79.2,26.8,45.8
GENE-5988,NO,483.6,390.4,576.9,1.478,0.6,0.22,2.61,9.0e-03,1.0e+00,0.2571,57,471.1,358.8,341.2,579.4,566.8,584.4
GENE-1657,NO,28.3,13.2,43.4,3.282,1.7,0.66,2.6,9.3e-03,1.0e+00,0.2622,58,17.9,8.9,12.9,12.9,82.4,34.8
GENE-9810,NO,61.5,44.6,78.5,1.76,0.8,0.31,2.6,9.2e-03,1.0e+00,0.2622,59,36.7,50.4,46.6,67.4,94.3,73.7
GENE-16237,YES,4.8,8.2,1.3,0.16,-2.6,1.01,-2.6,9.2e-03,1.0e+00,0.2622,59,8.9,5.9,9.9,1,2,1
GENE-6689,NO,389.7,451.8,327.6,0.725,-0.5,0.18,-2.58,9.8e-03,1.0e+00,0.277,63,453.3,459.7,442.3,342.7,314.7,325.5
GENE-18473,NO,2231.7,1582.7,2880.6,1.82,0.9,0.34,2.57,1.0e-02,1.0e+00,0.2814,64,1296.3,1739.9,1711.8,1635.2,3768.2,3238.4
GENE-7370,NO,160.9,115.9,205.8,1.775,0.8,0.32,2.56,1.0e-02,1.0e+00,0.2884,66,133.9,92.9,121,272.4,140,205.1
GENE-4162,NO,313.7,395.4,232,0.587,-0.8,0.3,-2.55,1.1e-02,1.0e+00,0.3022,69,492.9,249.1,444.3,245.6,225.3,225
GENE-7042,YES,3,5.6,0.3,0.063,-4,1.56,-2.54,1.1e-02,1.0e+00,0.3035,70,6,8.9,2,0,0,1
GENE-3595,NO,44,29.1,58.9,2.028,1,0.4,2.53,1.1e-02,1.0e+00,0.3161,73,18.8,29.7,38.7,57.4,43.7,75.7
GENE-3008,NO,41,23.4,58.6,2.498,1.3,0.52,2.53,1.2e-02,1.0e+00,0.3169,74,42.6,15.8,11.9,39.6,75.4,60.7
GENE-1938,NO,966.6,806.5,1126.7,1.397,0.5,0.19,2.52,1.2e-02,1.0e+00,0.3174,74,868.8,782.9,767.7,1272.7,1081,1026.4
GENE-8977,NO,4036.2,2843.9,5228.5,1.838,0.9,0.35,2.51,1.2e-02,1.0e+00,0.3265,76,2279.2,4465.4,1787.2,5205.8,4922.7,5557
GENE-8319,NO,324.8,250.4,399.2,1.595,0.7,0.27,2.51,1.2e-02,1.0e+00,0.3267,77,279.7,216.5,254.9,302.1,501.3,394.2
GENE-18620,YES,2.6,5,0.3,0.072,-3.8,1.52,-2.5,1.3e-02,1.0e+00,0.3378,80,5,4.9,5,0,0,1
GENE-17789,NO,543.4,438.8,648,1.477,0.6,0.23,2.49,1.3e-02,1.0e+00,0.3422,81,385.8,501.2,429.4,743.8,548,652.1
GENE-4642,NO,6215.1,3402.2,9027.9,2.654,1.4,0.57,2.48,1.3e-02,1.0e+00,0.3449,82,3161,5196.9,1848.7,2417.7,10082.7,14583.4
GENE-7472,NO,856,526.5,1185.5,2.252,1.2,0.47,2.49,1.3e-02,1.0e+00,0.3449,82,345.2,457.7,776.6,1609.5,469.5,1477.4
GENE-9493,NO,56.8,84.9,28.8,0.34,-1.6,0.63,-2.48,1.3e-02,1.0e+00,0.3449,83,23.8,98.9,131.9,14.9,22.8,48.8
GENE-19495,NO,1442.6,1206.3,1678.8,1.392,0.5,0.19,2.48,1.3e-02,1.0e+00,0.3449,83,1324.1,1252.5,1042.4,1645.1,1587.3,1803.9
GENE-8397,NO,9.1,16.5,1.7,0.1,-3.3,1.34,-2.48,1.3e-02,1.0e+00,0.3453,84,0,6.9,42.6,1,3,1
GENE-11896,YES,4.3,7.6,1,0.131,-2.9,1.18,-2.48,1.3e-02,1.0e+00,0.3453,84,6.9,4,11.9,1,2,0
GENE-2232,NO,908.3,739.9,1076.7,1.455,0.5,0.22,2.46,1.4e-02,1.0e+00,0.3586,87,784.5,613.9,821.2,957.8,1223,1049.3
GENE-8355,YES,8.1,12.6,3.7,0.29,-1.8,0.73,-2.46,1.4e-02,1.0e+00,0.3626,89,14.9,8.9,13.9,2,4,5
GENE-2522,NO,1424.5,1620.5,1228.6,0.758,-0.4,0.16,-2.45,1.4e-02,1.0e+00,0.3654,90,1542.3,1645,1674.2,1195.5,1206.1,1284.2
GENE-3220,YES,182.9,216,149.9,0.694,-0.5,0.22,-2.45,1.4e-02,1.0e+00,0.3689,91,222.2,212.5,213.2,157.5,159.8,132.4
GENE-15277,NO,49.9,63.1,36.7,0.582,-0.8,0.32,-2.43,1.5e-02,1.0e+00,0.3851,96,73.4,60.3,55.5,42.6,34.7,32.9
GENE-13033,NO,11.7,4.6,18.8,4.074,2,0.83,2.43,1.5e-02,1.0e+00,0.3874,96,7.9,2,4,38.6,8.9,9
GENE-11922,NO,31.2,44.3,18.2,0.411,-1.3,0.53,-2.43,1.5e-02,1.0e+00,0.3891,97,76.4,24.7,31.7,22.8,13.9,17.9
GENE-2734,NO,274.2,333.9,214.5,0.642,-0.6,0.27,-2.41,1.6e-02,1.0e+00,0.406,102,300.5,280.8,420.5,177.3,241.2,225
GENE-4938,NO,203.1,19.8,386.5,19.523,4.3,1.78,2.41,1.6e-02,1.0e+00,0.406,102,0,36.6,22.8,965.7,127.1,66.7
GENE-1561,NO,16.2,22.8,9.6,0.421,-1.2,0.52,-2.4,1.7e-02,1.0e+00,0.4155,105,17.9,30.6,19.8,7.9,8.9,11.9
GENE-10440,NO,28.4,40.9,15.9,0.388,-1.4,0.57,-2.39,1.7e-02,1.0e+00,0.4244,108,32.7,47.5,42.6,29.7,12.9,5
GENE-3667,NO,615.1,451.6,778.5,1.724,0.8,0.33,2.38,1.7e-02,1.0e+00,0.4325,110,360,570.4,424.5,480.4,894.4,960.7
GENE-4521,YES,6.5,2.7,10.2,3.883,2,0.82,2.38,1.7e-02,1.0e+00,0.4325,111,4,1,3,7.9,9.9,12.9
GENE-8379,NO,103.3,131.1,75.5,0.576,-0.8,0.33,-2.38,1.7e-02,1.0e+00,0.4325,111,81.3,142.4,169.6,73.3,74.5,78.6
GENE-9954,NO,59.7,75.3,44,0.585,-0.8,0.33,-2.37,1.8e-02,1.0e+00,0.4369,113,66.5,78.1,81.3,42.6,32.8,56.7
GENE-2885,YES,128.1,170.4,85.8,0.503,-1,0.42,-2.36,1.8e-02,1.0e+00,0.4496,116,227.1,161.1,123,42.6,123.1,91.6
GENE-10853,YES,2.5,4.6,0.3,0.077,-3.7,1.57,-2.36,1.8e-02,1.0e+00,0.4503,117,4,6.9,3,0,0,1
GENE-18698,NO,200.9,247,154.8,0.627,-0.7,0.29,-2.36,1.8e-02,1.0e+00,0.4503,118,182.5,262,296.5,180.3,158.8,125.4
GENE-16645,NO,2337,1890.4,2783.6,1.472,0.6,0.24,2.34,1.9e-02,1.0e+00,0.4667,122,1631.6,1777.4,2262.3,3077.3,3034.6,2238.9
GENE-19012,YES,54.4,69.7,39.1,0.561,-0.8,0.36,-2.34,1.9e-02,1.0e+00,0.4685,123,66.5,69.2,73.4,42.6,23.8,50.8
GENE-11355,NO,74.4,92.8,56,0.603,-0.7,0.31,-2.34,1.9e-02,1.0e+00,0.4685,124,104.1,87,87.3,40.6,56.6,70.7
GENE-3582,NO,2.5,4.6,0.3,0.077,-3.7,1.59,-2.32,2.0e-02,1.0e+00,0.4864,129,6.9,4.9,2,1,0,0
GENE-637,NO,348.7,403.2,294.2,0.73,-0.5,0.2,-2.31,2.1e-02,1.0e+00,0.4941,131,384.8,376.6,448.3,308,293.8,280.7
GENE-2497,NO,80.2,58.1,102.3,1.759,0.8,0.35,2.3,2.2e-02,1.0e+00,0.507,135,80.3,48.4,45.6,78.2,130,98.6
GENE-4298,NO,59.7,46.2,73.1,1.582,0.7,0.29,2.3,2.1e-02,1.0e+00,0.507,136,49.6,42.5,46.6,74.3,78.4,66.7
GENE-6392,NO,23.3,30.7,15.9,0.517,-1,0.41,-2.3,2.2e-02,1.0e+00,0.507,136,28.8,31.6,31.7,17.8,12.9,16.9
GENE-17007,NO,42.8,31.4,54.3,1.73,0.8,0.34,2.3,2.1e-02,1.0e+00,0.507,137,31.7,23.7,38.7,58.4,50.6,53.8
GENE-19049,NO,82.8,109.6,56,0.511,-1,0.42,-2.3,2.2e-02,1.0e+00,0.507,137,96.2,134.4,98.2,24.8,70.5,72.7
GENE-12507,YES,58.7,39.3,78.1,1.989,1,0.43,2.29,2.2e-02,1.0e+00,0.5109,139,33.7,63.3,20.8,73.3,66.5,94.6
GENE-3680,NO,126.1,155.9,96.3,0.618,-0.7,0.3,-2.29,2.2e-02,1.0e+00,0.5109,139,114.1,185.9,167.6,103,110.2,75.7
GENE-2856,NO,521.8,607.4,436.2,0.718,-0.5,0.21,-2.29,2.2e-02,1.0e+00,0.5166,142,673.5,557.6,591.1,406.1,502.3,400.2
GENE-3071,NO,478,256.4,699.5,2.729,1.4,0.64,2.28,2.3e-02,1.0e+00,0.5269,145,482,163.1,124,1052.8,873.6,172.2
GENE-11833,NO,1909.5,2225.4,1593.6,0.716,-0.5,0.21,-2.27,2.3e-02,1.0e+00,0.5293,146,2422.1,2299.4,1954.8,1427.2,1878.2,1475.4
GENE-14223,YES,2.3,4.3,0.3,0.083,-3.6,1.58,-2.27,2.3e-02,1.0e+00,0.5293,147,6,3,4,0,1,0
GENE-18138,NO,103,80.3,125.8,1.568,0.6,0.29,2.27,2.3e-02,1.0e+00,0.5293,147,87.3,81.1,72.4,94.1,140,143.4
GENE-6837,NO,36.5,22.8,50.3,2.208,1.1,0.51,2.26,2.4e-02,1.0e+00,0.5403,151,7.9,33.6,26.8,62.4,39.7,48.8
GENE-14705,NO,452.7,319.8,585.6,1.831,0.9,0.39,2.26,2.4e-02,1.0e+00,0.5403,151,495.9,166.1,297.5,523,539,694.9
GENE-16349,NO,1175.9,1366.6,985.2,0.721,-0.5,0.21,-2.26,2.4e-02,1.0e+00,0.5403,152,1476.8,1286.1,1336.9,843.9,951,1160.8
GENE-19681,NO,424.8,322,527.7,1.639,0.7,0.32,2.26,2.4e-02,1.0e+00,0.5403,152,432.4,308.4,225.1,633.9,548,401.2
GENE-16058,YES,3072.4,3988.1,2156.7,0.541,-0.9,0.39,-2.25,2.4e-02,1.0e+00,0.5435,154,3923.7,3017.1,5023.5,2312.7,1060.2,3097.1
GENE-6480,NO,44.8,31.7,57.9,1.827,0.9,0.39,2.25,2.5e-02,1.0e+00,0.5499,156,42.6,26.7,25.8,40.6,65.5,67.7
GENE-18777,NO,21,30.4,11.6,0.381,-1.4,0.62,-2.25,2.5e-02,1.0e+00,0.5499,157,47.6,29.7,13.9,12.9,16.9,5
GENE-19777,NO,28.4,18.5,38.4,2.077,1.1,0.47,2.24,2.5e-02,1.0e+00,0.5638,161,18.8,25.7,10.9,24.8,44.7,45.8
GENE-8037,NO,34.5,45.3,23.8,0.527,-0.9,0.41,-2.23,2.5e-02,1.0e+00,0.5642,162,38.7,38.6,58.5,16.8,32.8,21.9
GENE-12741,YES,1.5,0,3,16.352,4,1.81,2.23,2.6e-02,1.0e+00,0.5683,164,0,0,0,2,3,4
GENE-19724,YES,1.5,0,3,16.349,4,1.81,2.23,2.6e-02,1.0e+00,0.5683,164,0,0,0,3,2,4
GENE-3869,YES,1.5,3,0,0.061,-4,1.81,-2.22,2.6e-02,1.0e+00,0.5736,166,2,4,3,0,0,0
GENE-14938,NO,2194.3,2559.6,1829,0.715,-0.5,0.22,-2.22,2.7e-02,1.0e+00,0.584,170,2237.6,2339.9,3101.4,1667.9,2014.2,1804.9
GENE-400,NO,195.7,227.2,164.1,0.722,-0.5,0.21,-2.21,2.7e-02,1.0e+00,0.5851,171,238,230.3,213.2,174.3,147.9,170.2
GENE-4797,NO,6.6,10.2,3,0.291,-1.8,0.81,-2.21,2.7e-02,1.0e+00,0.5851,171,10.9,13.8,6,3,4,2
GENE-7040,NO,238.2,200.4,276,1.377,0.5,0.21,2.21,2.7e-02,1.0e+00,0.5851,172,193.4,223.4,184.5,275.3,292.8,259.8
GENE-8484,NO,40.8,52.5,29.1,0.555,-0.9,0.39,-2.21,2.7e-02,1.0e+00,0.5851,173,38.7,47.5,71.4,31.7,31.8,23.9
GENE-9326,NO,116.7,92.1,141.4,1.534,0.6,0.28,2.21,2.7e-02,1.0e+00,0.5851,173,85.3,103.8,87.3,108,148.9,167.2
GENE-3912,NO,184.6,270.4,98.9,0.366,-1.5,0.66,-2.21,2.7e-02,1.0e+00,0.5876,175,290.6,55.4,465.2,156.5,99.3,40.8
GENE-2926,NO,1113.8,881,1346.6,1.528,0.6,0.28,2.2,2.8e-02,1.0e+00,0.5893,176,879.8,629.7,1133.6,1288.6,1180.3,1570.9
GENE-9058,NO,4.5,7.2,1.7,0.228,-2.1,0.97,-2.2,2.8e-02,1.0e+00,0.5901,176,6.9,5.9,8.9,2,1,2
GENE-1958,NO,439.8,517.3,362.4,0.701,-0.5,0.23,-2.19,2.8e-02,1.0e+00,0.5975,179,585.2,433,533.6,425.9,317.7,343.5
GENE-13109,NO,559.6,405.6,713.5,1.759,0.8,0.37,2.19,2.8e-02,1.0e+00,0.5975,180,325.3,304.5,587.1,640.8,488.4,1011.4
GENE-14327,NO,3,5.6,0.3,0.063,-4,1.82,-2.19,2.8e-02,1.0e+00,0.5975,180,11.9,0,5,0,1,0
GENE-18587,NO,1.5,0,3,16.356,4,1.84,2.19,2.8e-02,1.0e+00,0.5975,181,0,0,0,2,2,5
GENE-11733,YES,12.6,17.5,7.6,0.435,-1.2,0.55,-2.19,2.9e-02,1.0e+00,0.5987,182,18.8,19.8,13.9,7.9,7.9,7
GENE-10705,NO,93.7,65.4,122.1,1.866,0.9,0.41,2.19,2.9e-02,1.0e+00,0.5987,183,90.3,55.4,50.6,146.6,153.9,65.7
GENE-13853,NO,23.1,30.7,15.6,0.507,-1,0.45,-2.18,2.9e-02,1.0e+00,0.6046,185,25.8,33.6,32.7,9.9,15.9,20.9
GENE-10247,NO,755.8,868.9,642.7,0.74,-0.4,0.2,-2.18,2.9e-02,1.0e+00,0.6111,188,1016.6,815.6,774.6,639.8,656.2,632.2
GENE-15758,NO,978.1,813.1,1143.2,1.406,0.5,0.23,2.17,3.0e-02,1.0e+00,0.6121,189,994.8,757.2,687.3,1183.6,1029.4,1216.5
GENE-19128,NO,889.5,583.5,1195.5,2.049,1,0.48,2.17,3.0e-02,1.0e+00,0.6121,189,624.9,317.3,808.3,1116.2,546,1924.3
GENE-1818,NO,322.5,396.6,248.4,0.626,-0.7,0.31,-2.16,3.1e-02,1.0e+00,0.6144,190,363,379.6,447.3,307,286.9,151.3
GENE-4646,NO,118.1,149.2,87,0.583,-0.8,0.36,-2.16,3.1e-02,1.0e+00,0.6144,191,109.1,224.4,114.1,95.1,93.3,72.7
GENE-6484,NO,603.9,455.3,752.5,1.653,0.7,0.33,2.16,3.0e-02,1.0e+00,0.6144,192,260.9,616.9,488,738.9,858.7,660
GENE-8827,NO,41.8,52.5,31.1,0.592,-0.8,0.35,-2.16,3.1e-02,1.0e+00,0.6144,192,42.6,60.3,54.5,35.7,32.8,24.9
GENE-13253,NO,190.8,244.8,136.7,0.558,-0.8,0.39,-2.17,3.0e-02,1.0e+00,0.6144,193,287.6,129.5,317.4,126.8,105.2,178.2
GENE-15551,NO,102.2,82.3,122.2,1.485,0.6,0.26,2.17,3.0e-02,1.0e+00,0.6144,194,96.2,72.2,78.4,107,127.1,132.4
GENE-16159,NO,180.9,152.2,209.5,1.376,0.5,0.21,2.17,3.0e-02,1.0e+00,0.6144,194,153.7,139.4,163.6,216.9,200.5,211.1
GENE-17590,NO,1484.1,1708.9,1259.4,0.737,-0.4,0.2,-2.17,3.0e-02,1.0e+00,0.6144,195,1608.8,1496.7,2021.3,1239,1211.1,1328
GENE-19485,NO,166,139.4,192.7,1.382,0.5,0.22,2.16,3.1e-02,1.0e+00,0.6144,195,142.8,138.4,136.9,179.3,187.6,211.1
GENE-11344,NO,912.7,765.7,1059.6,1.384,0.5,0.22,2.16,3.1e-02,1.0e+00,0.6189,197,702.2,885.8,709.1,987.5,958.9,1232.5
GENE-3738,NO,233.8,198.8,268.7,1.352,0.4,0.2,2.15,3.2e-02,1.0e+00,0.6288,201,215.2,197.7,183.5,265.4,260.1,280.7
GENE-5029,NO,292.8,344.1,241.6,0.702,-0.5,0.24,-2.15,3.2e-02,1.0e+00,0.6288,202,298.5,381.6,352.1,222.8,289.9,212
GENE-32,NO,96.9,76.6,117.1,1.529,0.6,0.29,2.14,3.3e-02,1.0e+00,0.6435,207,78.4,78.1,73.4,119.8,142.9,88.6
GENE-8854,NO,55.9,68,43.7,0.642,-0.6,0.3,-2.14,3.3e-02,1.0e+00,0.6435,208,59.5,68.2,76.4,45.6,45.7,39.8
GENE-15698,NO,3.6,6.3,1,0.158,-2.7,1.25,-2.13,3.3e-02,1.0e+00,0.6446,209,3,10.9,5,2,1,0
GENE-7109,NO,1273.6,975.5,1571.8,1.611,0.7,0.32,2.13,3.3e-02,1.0e+00,0.651,212,1281.4,733.5,911.5,1811.5,1038.3,1865.6
GENE-18067,NO,654.6,783.1,526.1,0.672,-0.6,0.27,-2.12,3.4e-02,1.0e+00,0.6607,215,1005.7,654.4,689.3,549.7,608.5,420.1
GENE-6641,NO,139.7,201.5,77.9,0.387,-1.4,0.65,-2.12,3.4e-02,1.0e+00,0.6676,218,169.6,148.3,286.6,26.7,29.8,177.2
GENE-993,NO,532.6,435.6,629.6,1.445,0.5,0.25,2.11,3.4e-02,1.0e+00,0.6684,219,377.9,414.2,514.7,493.2,736.6,659
GENE-9634,NO,13.5,18.5,8.6,0.465,-1.1,0.52,-2.11,3.5e-02,1.0e+00,0.6684,220,18.8,18.8,17.9,9.9,6.9,9
GENE-10207,YES,5.3,8.2,2.3,0.281,-1.8,0.87,-2.11,3.5e-02,1.0e+00,0.6717,222,8.9,7.9,7.9,3,1,3
GENE-14948,NO,4.3,1.7,6.9,4.209,2.1,0.99,2.1,3.5e-02,1.0e+00,0.6783,225,1,2,2,6.9,8.9,5
GENE-18813,NO,54.6,39.6,69.5,1.754,0.8,0.39,2.1,3.5e-02,1.0e+00,0.6783,225,52.6,39.5,26.8,50.5,89.3,68.7
GENE-8304,NO,11.1,6.6,15.5,2.355,1.2,0.59,2.1,3.6e-02,1.0e+00,0.6813,227,6.9,7.9,5,18.8,12.9,14.9
GENE-19237,YES,1440.1,1638.7,1241.4,0.758,-0.4,0.19,-2.09,3.6e-02,1.0e+00,0.6841,229,1571.1,1881.2,1463.9,1303.4,1194.2,1226.5
GENE-12125,NO,7.8,11.6,4,0.344,-1.5,0.74,-2.09,3.6e-02,1.0e+00,0.6841,229,9.9,12.9,11.9,2,6.9,3
GENE-12278,NO,2374.4,2724.6,2024.3,0.743,-0.4,0.2,-2.1,3.6e-02,1.0e+00,0.6841,230,3228.4,2358.7,2586.6,1894.7,2088.6,2089.6
GENE-18307,YES,5.8,2.3,9.3,4.008,2,0.95,2.1,3.6e-02,1.0e+00,0.6841,231,5,2,0,11.9,6,10
GENE-14750,YES,3.6,6.3,1,0.158,-2.7,1.27,-2.09,3.6e-02,1.0e+00,0.687,232,4,6.9,7.9,3,0,0
GENE-4936,YES,97.5,65.4,129.7,1.983,1,0.48,2.08,3.8e-02,1.0e+00,0.7041,239,43.6,76.1,76.4,137.7,197.5,53.8
GENE-16906,NO,1.3,0,2.7,14.529,3.9,1.86,2.08,3.8e-02,1.0e+00,0.7041,239,0,0,0,3,2,3
GENE-19067,NO,1295.6,828.8,1762.3,2.126,1.1,0.52,2.08,3.8e-02,1.0e+00,0.7041,240,894.6,279.8,1312.1,1064.7,2734.8,1487.3
GENE-3798,NO,374.3,293.6,455,1.55,0.6,0.31,2.07,3.9e-02,1.0e+00,0.721,247,245,310.4,325.3,305.1,453.7,606.3
GENE-12225,NO,260.8,209,312.7,1.496,0.6,0.28,2.07,3.9e-02,1.0e+00,0.721,247,188.4,262,176.5,345.7,355.4,236.9
GENE-8199,NO,669.2,778.5,559.9,0.719,-0.5,0.23,-2.06,3.9e-02,1.0e+00,0.7271,250,772.6,665.3,897.6,663.6,520.2,495.8
GENE-17777,NO,326.9,263.6,390.2,1.48,0.6,0.27,2.06,3.9e-02,1.0e+00,0.728,251,270.8,219.5,300.5,322.9,508.3,339.5
GENE-12645,YES,11.1,17.5,4.6,0.264,-1.9,0.93,-2.06,4.0e-02,1.0e+00,0.7283,252,38.7,2,11.9,5.9,4,4
GENE-3596,NO,19.8,26.1,13.5,0.52,-0.9,0.46,-2.05,4.0e-02,1.0e+00,0.7297,253,21.8,32.6,23.8,15.8,10.9,13.9
GENE-17290,NO,1.3,0,2.7,14.528,3.9,1.88,2.06,4.0e-02,1.0e+00,0.7297,254,0,0,0,2,4,2
GENE-3259,NO,124.2,101.4,147,1.449,0.5,0.26,2.05,4.0e-02,1.0e+00,0.7302,255,113.1,88,103.1,120.8,164.8,155.3
GENE-17326,NO,176.9,146.3,207.4,1.418,0.5,0.25,2.04,4.1e-02,1.0e+00,0.7461,261,130.9,139.4,168.6,222.8,227.3,172.2
GENE-8279,NO,379.4,277.8,480.9,1.731,0.8,0.39,2.04,4.1e-02,1.0e+00,0.7481,263,265.8,234.3,333.2,288.2,777.3,377.3
GENE-5751,NO,288.4,26,550.8,21.145,4.4,2.16,2.04,4.1e-02,1.0e+00,0.7484,263,0,65.2,12.9,1412.4,10.9,229
GENE-16478,NO,160,185,135,0.73,-0.5,0.22,-2.04,4.2e-02,1.0e+00,0.752,265,174.6,184.9,195.4,149.6,133,122.4
GENE-16667,NO,1152.9,1343.9,961.9,0.716,-0.5,0.24,-2.03,4.2e-02,1.0e+00,0.7553,267,1173.3,1177.4,1681.1,1085.5,923.2,877.1
GENE-19262,NO,36.4,27.1,45.6,1.686,0.8,0.37,2.02,4.3e-02,1.0e+00,0.7731,274,28.8,27.7,24.8,57.4,45.7,33.8
GENE-8128,NO,38,29.4,46.7,1.588,0.7,0.33,2.02,4.3e-02,1.0e+00,0.7739,276,28.8,29.7,29.8,45.6,48.6,45.8
GENE-9630,NO,371.4,285.3,457.5,1.603,0.7,0.34,2.02,4.3e-02,1.0e+00,0.7739,276,184.5,305.5,366,472.4,326.6,573.4
GENE-12175,YES,245.1,174.7,315.4,1.805,0.9,0.42,2.02,4.4e-02,1.0e+00,0.7744,277,213.2,121.6,189.4,177.3,253.1,515.7
GENE-1740,NO,61.3,37.7,85,2.258,1.2,0.58,2.02,4.4e-02,1.0e+00,0.7744,278,27.8,32.6,52.6,51.5,168.8,34.8
GENE-9473,NO,73.6,90.2,56.9,0.631,-0.7,0.33,-2.01,4.4e-02,1.0e+00,0.7752,279,114.1,60.3,96.2,56.5,56.6,57.7
GENE-11104,NO,171.2,201.8,140.7,0.697,-0.5,0.26,-2.01,4.4e-02,1.0e+00,0.7752,280,232.1,174,199.4,151.5,112.2,158.3
GENE-16307,NO,190,224.5,155.5,0.693,-0.5,0.26,-2.01,4.4e-02,1.0e+00,0.7752,281,189.4,270.9,213.2,151.5,183.6,131.4
GENE-8481,NO,1202.2,985.9,1418.5,1.439,0.5,0.26,2.01,4.5e-02,1.0e+00,0.783,284,721.1,1146.7,1090,1503.5,1575.4,1176.7
GENE-18383,YES,149.4,174,124.8,0.717,-0.5,0.24,-2,4.6e-02,1.0e+00,0.7871,286,189.4,186.8,145.8,114.9,126.1,133.4
GENE-3093,NO,33.4,42,24.8,0.592,-0.8,0.38,-2,4.6e-02,1.0e+00,0.7871,287,49.6,37.6,38.7,31.7,20.8,21.9
GENE-9936,NO,3.8,0.7,6.9,10.501,3.4,1.69,2,4.5e-02,1.0e+00,0.7871,288,0,0,2,13.9,6.9,0
GENE-10048,NO,169.9,138.3,201.5,1.457,0.5,0.27,2,4.5e-02,1.0e+00,0.7871,289,132.9,169,113.1,212.9,227.3,164.3
GENE-14983,NO,255.1,216.3,293.9,1.359,0.4,0.22,2,4.5e-02,1.0e+00,0.7871,290,228.1,204.6,216.2,305.1,247.2,329.5
GENE-18941,NO,189,133.5,244.4,1.831,0.9,0.44,2,4.5e-02,1.0e+00,0.7871,290,190.4,77.1,132.9,134.7,244.2,354.4
GENE-16352,NO,129.7,151.9,107.5,0.708,-0.5,0.25,-1.99,4.6e-02,1.0e+00,0.7957,294,154.7,155.2,145.8,103,129,90.6
GENE-13762,NO,9.4,3.7,15.2,4.186,2.1,1.04,1.99,4.7e-02,1.0e+00,0.8037,298,6,1,4,29.7,1,14.9
GENE-7421,NO,1394.1,1166.3,1622,1.391,0.5,0.24,1.98,4.7e-02,1.0e+00,0.8102,301,1268.6,1016.2,1214,1427.2,2041,1397.7
GENE-8825,YES,3.6,6,1.3,0.223,-2.2,1.1,-1.98,4.8e-02,1.0e+00,0.8173,305,4,8.9,5,1,2,1
GENE-12438,NO,46.1,32.7,59.6,1.822,0.9,0.44,1.98,4.8e-02,1.0e+00,0.8173,306,38.7,44.5,14.9,71.3,56.6,50.8
GENE-1583,NO,68.6,22.8,114.5,5.019,2.3,1.18,1.97,4.9e-02,1.0e+00,0.8234,309,55.5,3,9.9,184.2,40.7,118.5
GENE-1062,NO,564.5,667.6,461.3,0.691,-0.5,0.27,-1.97,4.9e-02,1.0e+00,0.8245,310,776.6,464.6,761.7,447.7,517.2,419.1
GENE-19791,NO,795.3,949.4,641.1,0.675,-0.6,0.29,-1.96,5.0e-02,1.0e+00,0.8434,318,1072.2,957.9,818.2,886.4,493.4,543.6
GENE-981,NO,78.8,41.2,116.5,2.826,1.5,0.77,1.95,5.1e-02,1.0e+00,0.8502,321,12.9,102.8,7.9,107,168.8,73.7
GENE-15018,NO,60.2,45.2,75.1,1.661,0.7,0.37,1.95,5.1e-02,1.0e+00,0.8502,322,27.8,62.3,45.6,88.1,61.5,75.7
GENE-9048,NO,2.3,0.3,4.3,12.135,3.6,1.85,1.95,5.1e-02,1.0e+00,0.8539,324,1,0,0,0,6,7
GENE-5664,NO,205.5,167.1,243.9,1.46,0.5,0.28,1.95,5.1e-02,1.0e+00,0.8601,328,119,168.1,214.2,234.7,265,232
GENE-1963,NO,65.8,52.2,79.4,1.522,0.6,0.31,1.94,5.3e-02,1.0e+00,0.8694,332,58.5,44.5,53.6,92.1,85.4,60.7
GENE-3159,NO,14.1,9.2,18.9,2.04,1,0.53,1.94,5.2e-02,1.0e+00,0.8694,333,7.9,9.9,9.9,24.8,15.9,15.9
GENE-7045,NO,22.1,29.1,15.2,0.524,-0.9,0.48,-1.94,5.2e-02,1.0e+00,0.8694,334,34.7,34.6,17.9,13.9,19.9,11.9
GENE-13494,NO,320.1,407.2,233,0.572,-0.8,0.41,-1.94,5.2e-02,1.0e+00,0.8694,335,592.1,431,198.4,190.2,316.7,192.1
GENE-19717,NO,118.7,97.7,139.7,1.429,0.5,0.27,1.94,5.3e-02,1.0e+00,0.8694,336,111.1,101.8,80.3,159.5,139,120.5
GENE-6969,NO,541.5,646.2,436.7,0.676,-0.6,0.29,-1.93,5.3e-02,1.0e+00,0.8746,338,509.8,700.9,728,301.1,473.5,535.6
GENE-1943,YES,4.3,7,1.7,0.239,-2.1,1.07,-1.93,5.3e-02,1.0e+00,0.8748,339,6,8.9,6,1,4,0
GENE-4431,NO,48.2,59.1,37.4,0.633,-0.7,0.34,-1.93,5.3e-02,1.0e+00,0.8748,340,56.5,75.1,45.6,40.6,37.7,33.8
GENE-16537,NO,10.4,6.3,14.5,2.321,1.2,0.63,1.93,5.4e-02,1.0e+00,0.877,342,7.9,5.9,5,18.8,8.9,15.9
GENE-16728,NO,11314.7,12864.2,9765.1,0.759,-0.4,0.21,-1.93,5.4e-02,1.0e+00,0.8784,343,11517.2,13538.4,13537,8715.9,9026.5,11553
GENE-12364,NO,245.6,280,211.2,0.754,-0.4,0.21,-1.93,5.4e-02,1.0e+00,0.8791,345,260.9,282.7,296.5,212,234.3,187.2
GENE-10426,NO,53.7,78,29.5,0.378,-1.4,0.73,-1.92,5.4e-02,1.0e+00,0.8801,346,153.7,23.7,56.5,10.9,59.6,17.9
GENE-13419,NO,366.9,500.4,233.4,0.466,-1.1,0.57,-1.92,5.4e-02,1.0e+00,0.8801,347,835.1,394.4,271.8,254.5,69.5,376.3
GENE-15483,NO,8.1,0.3,15.9,44.853,5.5,2.86,1.92,5.5e-02,1.0e+00,0.8801,348,0,0,1,4,0,43.8
GENE-2123,NO,259.3,213.7,304.9,1.426,0.5,0.27,1.92,5.5e-02,1.0e+00,0.8851,351,220.2,154.2,266.8,284.3,313.7,316.6
GENE-15145,NO,31.1,22.5,39.7,1.769,0.8,0.43,1.92,5.5e-02,1.0e+00,0.8851,351,14.9,25.7,26.8,33.7,53.6,31.9
GENE-18776,NO,227.1,263.6,190.7,0.723,-0.5,0.24,-1.92,5.5e-02,1.0e+00,0.8861,353,320.4,251.1,219.2,173.3,195.6,203.1
GENE-5594,NO,1265.5,954.5,1576.5,1.652,0.7,0.38,1.91,5.6e-02,1.0e+00,0.8865,354,615.9,1124,1123.7,1131.1,1194.2,2404.2
GENE-16,NO,5,8.2,1.7,0.201,-2.3,1.21,-1.91,5.7e-02,1.0e+00,0.889,356,1,15.8,7.9,2,0,3
GENE-1012,NO,2.5,0.7,4.3,6.517,2.7,1.42,1.91,5.6e-02,1.0e+00,0.889,356,0,1,1,4,3,6
GENE-10332,NO,2668.5,3255.9,2081.2,0.639,-0.6,0.34,-1.91,5.7e-02,1.0e+00,0.889,357,3546.8,3515.3,2705.6,1418.3,3168.7,1656.5
GENE-12848,NO,28.6,37.6,19.5,0.519,-0.9,0.5,-1.91,5.6e-02,1.0e+00,0.889,358,48.6,44.5,19.8,27.7,16.9,13.9
GENE-17635,NO,90.9,71,110.9,1.563,0.6,0.34,1.91,5.6e-02,1.0e+00,0.889,359,62.5,97.9,52.6,89.1,111.2,132.4
GENE-18995,NO,241.8,281.7,201.9,0.717,-0.5,0.25,-1.91,5.7e-02,1.0e+00,0.889,360,310.4,288.7,246,156.5,233.3,216
GENE-2819,YES,14.7,19.5,9.9,0.509,-1,0.51,-1.9,5.7e-02,1.0e+00,0.8911,362,19.8,14.8,23.8,9.9,9.9,10
GENE-127,NO,738.1,629.9,846.4,1.344,0.4,0.22,1.9,5.7e-02,1.0e+00,0.8911,363,723,557.6,609,998.4,792.2,748.6
GENE-6592,NO,267,316.3,217.7,0.688,-0.5,0.28,-1.9,5.7e-02,1.0e+00,0.8911,364,314.4,342,292.6,287.2,154.9,211.1
GENE-10277,NO,102.7,85.8,119.5,1.392,0.5,0.25,1.9,5.7e-02,1.0e+00,0.8933,365,72.4,93.9,91.2,115.9,119.1,123.4
GENE-16786,NO,169.1,134,204.2,1.524,0.6,0.32,1.9,5.8e-02,1.0e+00,0.8933,366,133.9,175,93.2,227.8,154.9,230
GENE-8346,NO,18.2,12.6,23.8,1.899,0.9,0.49,1.9,5.8e-02,1.0e+00,0.8933,367,17.9,11.9,7.9,21.8,24.8,24.9
GENE-19307,YES,1.2,0,2.3,12.716,3.7,1.93,1.9,5.8e-02,1.0e+00,0.8938,368,0,0,0,2,2,3
GENE-19253,NO,3,1,5,5.01,2.3,1.23,1.89,5.8e-02,1.0e+00,0.8973,371,1,1,1,4,7.9,3
GENE-1655,NO,14.2,8.9,19.5,2.191,1.1,0.6,1.89,5.9e-02,1.0e+00,0.9102,377,11.9,10.9,4,16.8,13.9,27.9
GENE-17982,NO,11.4,15.6,7.3,0.469,-1.1,0.58,-1.89,5.9e-02,1.0e+00,0.9107,378,17.9,12.9,15.9,9.9,6,6
GENE-14173,NO,1068.7,682.8,1454.7,2.13,1.1,0.58,1.88,6.0e-02,1.0e+00,0.9127,380,1169.4,223.4,655.6,1697.6,567.8,2098.6
GENE-16494,NO,166.9,135.1,198.8,1.472,0.6,0.3,1.88,6.0e-02,1.0e+00,0.9127,381,111.1,148.3,145.8,263.5,176.7,156.3
GENE-12448,NO,998.1,700.7,1295.5,1.849,0.9,0.47,1.88,6.0e-02,1.0e+00,0.9128,382,1243.8,529.9,328.3,1241,889.4,1756.1
GENE-5841,NO,180.1,137.7,222.4,1.615,0.7,0.37,1.88,6.0e-02,1.0e+00,0.9143,383,196.4,134.4,82.3,187.2,288.9,191.1
GENE-9467,NO,141.5,167.4,115.5,0.69,-0.5,0.29,-1.88,6.0e-02,1.0e+00,0.9155,385,191.4,157.2,153.7,122.8,83.4,140.4
GENE-4382,NO,690,578,802,1.388,0.5,0.25,1.88,6.1e-02,1.0e+00,0.9168,386,710.2,544.7,479,949.8,780.3,676
GENE-17328,NO,100,116.6,83.4,0.715,-0.5,0.26,-1.87,6.1e-02,1.0e+00,0.9252,390,123,128.5,98.2,90.1,81.4,78.6
GENE-4946,NO,95.5,112,79.1,0.707,-0.5,0.27,-1.87,6.2e-02,1.0e+00,0.9332,395,90.3,123.6,122,85.2,76.4,75.7
GENE-19310,NO,80.4,50.6,110.2,2.18,1.1,0.6,1.86,6.3e-02,1.0e+00,0.9402,399,39.7,19.8,92.2,62.4,197.5,70.7
GENE-6167,NO,140,115.9,164.1,1.416,0.5,0.27,1.86,6.3e-02,1.0e+00,0.9446,401,135.9,92.9,119,170.4,185.6,136.4
GENE-8251,NO,1115.8,386.7,1844.8,4.77,2.3,1.21,1.86,6.3e-02,1.0e+00,0.9446,402,501.9,88,570.3,2775.2,142,2617.2
GENE-2012,NO,203.5,176,231,1.313,0.4,0.21,1.85,6.4e-02,1.0e+00,0.9475,405,187.5,174,166.6,213.9,225.3,253.9
GENE-2462,NO,1.8,0.3,3.3,9.33,3.2,1.74,1.85,6.4e-02,1.0e+00,0.9475,406,0,1,0,3,1,6
GENE-4164,NO,143,121.5,164.5,1.354,0.4,0.24,1.85,6.4e-02,1.0e+00,0.9475,406,103.2,128.5,132.9,167.4,153.9,172.2
GENE-10748,NO,499.9,438.2,561.6,1.281,0.4,0.19,1.85,6.5e-02,1.0e+00,0.9574,412,438.4,430,446.3,625,494.4,565.5
GENE-13194,NO,13.2,17.8,8.6,0.482,-1.1,0.57,-1.85,6.5e-02,1.0e+00,0.9579,413,20.8,11.9,20.8,11.9,6,8
GENE-15322,NO,30.2,38,22.5,0.592,-0.8,0.41,-1.85,6.5e-02,1.0e+00,0.9579,414,38.7,30.6,44.6,17.8,30.8,18.9
GENE-5133,NO,434,345.1,522.8,1.515,0.6,0.33,1.84,6.6e-02,1.0e+00,0.9631,417,311.4,308.4,415.6,322.9,693.9,551.5
GENE-15414,NO,31.1,23.1,39.1,1.69,0.8,0.41,1.84,6.6e-02,1.0e+00,0.9643,419,15.9,20.8,32.7,35.7,36.7,44.8
GENE-5752,NO,24.3,17.5,31.1,1.778,0.8,0.45,1.84,6.6e-02,1.0e+00,0.9658,420,23.8,12.9,15.9,23.8,29.8,39.8
GENE-9088,NO,38.5,29.4,47.7,1.622,0.7,0.38,1.84,6.6e-02,1.0e+00,0.9658,421,34.7,26.7,26.8,32.7,56.6,53.8
GENE-5435,YES,10.6,6.6,14.6,2.204,1.1,0.62,1.83,6.7e-02,1.0e+00,0.9769,427,9.9,5.9,4,16.8,15.9,11
GENE-884,YES,4,6.3,1.7,0.264,-1.9,1.05,-1.83,6.7e-02,1.0e+00,0.9769,428,6.9,6.9,5,0,3,2
GENE-2202,YES,1.2,2.3,0,0.079,-3.7,2,-1.83,6.7e-02,1.0e+00,0.9769,429,2,4,1,0,0,0
GENE-13658,NO,19.3,25.1,13.6,0.541,-0.9,0.49,-1.82,6.9e-02,1.0e+00,0.9924,437,23.8,20.8,30.7,7.9,15.9,16.9
GENE-16509,NO,17.4,11.6,23.2,2.005,1,0.55,1.82,6.9e-02,1.0e+00,0.9924,438,12.9,11.9,9.9,10.9,30.8,27.9
GENE-1366,YES,47.1,36.7,57.6,1.572,0.7,0.48,1.37,1.7e-01,1.0e+00,0.9999,442,38.7,54.4,16.9,62.4,37.7,72.7
GENE-1962,YES,751.9,734.1,769.7,1.049,0.1,0.19,0.36,7.2e-01,1.0e+00,0.9999,443,683.4,795.8,723,834,776.3,698.9
GENE-2762,YES,88.1,80.3,96,1.196,0.3,0.43,0.61,5.4e-01,1.0e+00,0.9999,444,42.6,71.2,127,73.3,117.1,97.6
GENE-3186,YES,4529.6,4185,4874.2,1.165,0.2,0.24,0.94,3.5e-01,1.0e+00,0.9999,445,4474.2,3448.1,4632.7,5921.9,4291.4,4409.2
GENE-3460,YES,108.8,94.8,122.8,1.296,0.4,0.25,1.5,1.3e-01,1.0e+00,0.9999,446,97.2,90,97.2,105,137,126.4
GENE-4154,YES,56.6,59.5,53.7,0.903,-0.1,0.46,-0.32,7.5e-01,1.0e+00,0.9999,447,54.6,60.3,63.5,29.7,37.7,93.6
GENE-4846,YES,638.7,588.6,688.8,1.17,0.2,0.25,0.9,3.7e-01,1.0e+00,0.9999,448,619.9,509.1,636.7,821.1,730.6,514.7
GENE-5196,YES,14.9,16.2,13.6,0.839,-0.3,0.59,-0.43,6.7e-01,1.0e+00,0.9999,449,9.9,20.8,17.9,17.8,6,16.9
GENE-5327,YES,47,47.9,46,0.961,-0.1,0.34,-0.17,8.6e-01,1.0e+00,0.9999,450,42.6,39.5,61.5,39.6,50.6,47.8
GENE-5616,YES,108.6,118.6,98.6,0.832,-0.3,0.29,-0.91,3.6e-01,1.0e+00,0.9999,451,102.2,115.7,137.9,121.8,98.3,75.7
GENE-6010,YES,171.3,188.9,153.6,0.813,-0.3,0.23,-1.32,1.9e-01,1.0e+00,0.9999,452,205.3,167.1,194.4,149.6,142.9,168.2
GENE-6608,YES,759.8,717.6,802.1,1.118,0.2,0.19,0.83,4.1e-01,1.0e+00,0.9999,453,749.8,732.5,670.5,698.3,826.9,881
GENE-8069,YES,25.5,19.8,31.1,1.57,0.7,0.42,1.54,1.2e-01,1.0e+00,0.9999,454,26.8,13.8,18.8,33.7,30.8,28.9
GENE-8071,YES,578.5,754.4,402.6,0.534,-0.9,1.46,-0.62,5.3e-01,1.0e+00,0.9999,455,728,28.7,1506.5,907.2,73.5,227
GENE-8231,YES,270.8,249.3,292.3,1.172,0.2,0.26,0.88,3.8e-01,1.0e+00,0.9999,456,213.2,258,276.7,324.9,220.4,331.5
GENE-8920,YES,1293,1275.9,1310.2,1.027,0,0.24,0.16,8.7e-01,1.0e+00,0.9999,457,1082.1,1147.7,1597.8,1147.9,1320.3,1462.4
GENE-9169,YES,737.6,783.1,692.1,0.884,-0.2,0.44,-0.41,6.8e-01,1.0e+00,0.9999,458,547.5,1352.4,449.3,768.6,474.5,833.2
GENE-9886,YES,547.8,529.7,565.9,1.068,0.1,0.4,0.24,8.1e-01,1.0e+00,0.9999,459,828.2,272.8,488,669.5,428.8,599.3
GENE-10014,YES,56.5,67.4,45.6,0.677,-0.6,0.42,-1.34,1.8e-01,1.0e+00,0.9999,460,87.3,46.5,68.4,68.3,29.8,38.8
GENE-10453,YES,1819.1,1705.7,1932.5,1.133,0.2,0.37,0.48,6.3e-01,1.0e+00,0.9999,461,1023.6,1709.2,2384.3,1466.8,2714,1616.7
GENE-10463,YES,42.5,13.9,71,5.116,2.4,1.61,1.46,1.4e-01,1.0e+00,0.9999,462,15.9,0,25.8,157.5,40.7,14.9
GENE-10652,YES,318.7,259.5,377.9,1.456,0.5,0.37,1.47,1.4e-01,1.0e+00,0.9999,463,248,370.7,159.7,488.3,270,375.3
GENE-10780,YES,44.8,52.5,37.1,0.706,-0.5,0.5,-1,3.2e-01,1.0e+00,0.9999,464,54.6,32.6,70.4,23.8,23.8,63.7
GENE-10838,YES,16.5,13.2,19.9,1.503,0.6,0.52,1.14,2.5e-01,1.0e+00,0.9999,465,12.9,11.9,14.9,12.9,28.8,17.9
GENE-11881,YES,16.7,20.8,12.6,0.605,-0.7,0.49,-1.49,1.4e-01,1.0e+00,0.9999,466,15.9,24.7,21.8,9.9,12.9,14.9
GENE-13272,YES,810.7,847.6,773.8,0.913,-0.1,0.28,-0.47,6.4e-01,1.0e+00,0.9999,467,665.5,995.5,881.7,907.2,860.7,553.5
GENE-13559,YES,115.1,115.6,114.5,0.991,0,0.29,-0.04,9.6e-01,1.0e+00,0.9999,468,106.1,127.5,113.1,83.2,143.9,116.5
GENE-13692,YES,12.7,12.2,13.2,1.084,0.1,0.58,0.2,8.4e-01,1.0e+00,0.9999,469,16.9,11.9,7.9,7.9,15.9,15.9
GENE-13716,YES,542,588.1,495.8,0.843,-0.2,0.2,-1.23,2.2e-01,1.0e+00,0.9999,470,531.6,608,624.8,513,434.8,539.6
GENE-14226,YES,10.9,8.9,12.9,1.449,0.5,0.7,0.77,4.4e-01,1.0e+00,0.9999,471,6,8.9,11.9,4,16.9,17.9
GENE-14280,YES,1890.1,2033.3,1746.9,0.859,-0.2,0.51,-0.43,6.7e-01,1.0e+00,0.9999,472,1743.6,856.1,3500.1,2000.7,870.6,2369.3
GENE-14462,YES,220.2,208.6,231.8,1.111,0.2,0.47,0.32,7.5e-01,1.0e+00,0.9999,473,244,305.5,76.4,192.1,185.6,317.6
GENE-14615,YES,15.9,15.9,15.9,1.002,0,0.5,0.01,9.9e-01,1.0e+00,0.9999,474,15.9,19.8,11.9,14.9,19.9,12.9
GENE-14677,YES,252.7,247,258.5,1.047,0.1,0.21,0.31,7.6e-01,1.0e+00,0.9999,475,219.2,265.9,255.9,235.7,282.9,256.8
GENE-16060,YES,763.7,860.3,667.1,0.775,-0.4,0.29,-1.28,2.0e-01,1.0e+00,0.9999,476,595.1,876.9,1108.8,710.1,728.6,562.5
GENE-16144,YES,18.7,17.5,19.9,1.134,0.2,0.57,0.32,7.5e-01,1.0e+00,0.9999,477,15.9,10.9,25.8,19.8,29.8,10
GENE-16164,YES,109.4,98.1,120.8,1.231,0.3,0.26,1.16,2.5e-01,1.0e+00,0.9999,478,99.2,84,111.1,129.7,104.2,128.4
GENE-16733,YES,158.9,143,174.7,1.222,0.3,0.22,1.34,1.8e-01,1.0e+00,0.9999,479,148.8,130.5,149.8,176.3,170.7,177.2
GENE-17005,YES,15.4,10.9,19.9,1.822,0.9,0.5,1.71,8.6e-02,1.0e+00,0.9999,480,12.9,8.9,10.9,22.8,14.9,21.9
GENE-18133,YES,19.3,16.5,22.2,1.343,0.4,0.46,0.92,3.5e-01,1.0e+00,0.9999,481,17.9,10.9,20.8,20.8,21.8,23.9
GENE-18299,YES,209.9,164.5,255.2,1.551,0.6,0.45,1.41,1.6e-01,1.0e+00,0.9999,482,171.6,110.7,211.3,140.6,436.8,188.2
GENE-18622,YES,103.1,103.4,102.9,0.996,0,0.25,-0.02,9.8e-01,1.0e+00,0.9999,483,104.1,115.7,90.3,95.1,107.2,106.5
GENE-18706,YES,899.9,932.5,867.4,0.93,-0.1,0.31,-0.34,7.4e-01,1.0e+00,0.9999,484,724,708.8,1364.7,955.8,818,828.3
GENE-19355,YES,116,126.5,105.6,0.834,-0.3,0.3,-0.87,3.8e-01,1.0e+00,0.9999,485,111.1,117.6,150.8,137.7,85.4,93.6
GENE-19575,YES,11.4,9.9,12.9,1.302,0.4,0.63,0.6,5.5e-01,1.0e+00,0.9999,486,7.9,4.9,16.9,14.9,13.9,10
GENE-3,NO,724.1,704.1,744.2,1.057,0.1,0.2,0.4,6.9e-01,1.0e+00,0.9999,487,696.3,682.1,733.9,860.7,717.7,654.1
GENE-4,NO,9.6,8.9,10.3,1.151,0.2,0.63,0.32,7.5e-01,1.0e+00,0.9999,488,13.9,7.9,5,9.9,10.9,10
GENE-14,NO,2.5,2.7,2.3,0.877,-0.2,1.14,-0.17,8.7e-01,1.0e+00,0.9999,489,4,2,2,3,1,3
GENE-17,NO,180.6,192.8,168.5,0.874,-0.2,0.33,-0.6,5.5e-01,1.0e+00,0.9999,490,147.8,267.9,162.7,165.4,133,207.1
GENE-18,NO,15,15.2,14.9,0.979,0,0.62,-0.05,9.6e-01,1.0e+00,0.9999,491,20.8,7.9,16.9,24.8,7.9,11.9
GENE-21,NO,26.9,28.1,25.8,0.919,-0.1,0.4,-0.31,7.6e-01,1.0e+00,0.9999,492,26.8,24.7,32.7,31.7,23.8,21.9
GENE-24,NO,174.3,189.5,159.1,0.84,-0.3,0.27,-0.95,3.4e-01,1.0e+00,0.9999,493,149.8,204.6,214.2,186.2,157.8,133.4
GENE-25,NO,1,1,1,1.003,0,1.93,0,1.0e+00,1.0e+00,0.9999,494,1,2,0,1,0,2
GENE-27,NO,202.6,193.8,211.5,1.091,0.1,0.26,0.48,6.3e-01,1.0e+00,0.9999,495,200.4,224.4,156.7,201.1,253.1,180.2
GENE-36,NO,8.1,5.6,10.6,1.885,0.9,0.68,1.34,1.8e-01,1.0e+00,0.9999,496,6.9,3,6.9,11.9,11.9,8
GENE-42,NO,98.8,103.1,94.6,0.919,-0.1,0.25,-0.49,6.2e-01,1.0e+00,0.9999,497,99.2,97.9,112.1,101,99.3,83.6
GENE-43,NO,17.5,19.5,15.5,0.798,-0.3,0.55,-0.6,5.5e-01,1.0e+00,0.9999,498,26.8,22.7,8.9,17.8,11.9,16.9
GENE-49,NO,1.5,0.3,2.7,7.465,2.9,1.78,1.63,1.0e-01,1.0e+00,0.9999,499,1,0,0,1,3,4
GENE-52,NO,14478.3,15111.9,13844.7,0.916,-0.1,0.2,-0.64,5.2e-01,1.0e+00,0.9999,500,17025.8,15513.6,12796.2,14315.8,12624,14594.3
GENE-55,NO,470,457.3,482.6,1.055,0.1,0.2,0.38,7.0e-01,1.0e+00,0.9999,501,484,501.2,386.8,460.6,495.4,491.8
GENE-56,NO,90.6,94.1,87,0.925,-0.1,0.27,-0.43,6.7e-01,1.0e+00,0.9999,502,105.1,97.9,79.3,96.1,81.4,83.6
GENE-57,NO,1.3,0.7,2,3.008,1.6,1.67,0.95,3.4e-01,1.0e+00,0.9999,503,0,1,1,2,1,3
GENE-60,NO,6.9,8.3,5.6,0.682,-0.6,0.7,-0.78,4.3e-01,1.0e+00,0.9999,504,8.9,9.9,6,6.9,4,6
GENE-70,NO,51.9,52.2,51.6,0.99,0,0.38,-0.04,9.7e-01,1.0e+00,0.9999,505,29.8,63.3,63.5,54.5,47.6,52.8
GENE-72,NO,231.9,232.8,231.1,0.992,0,0.24,-0.05,9.6e-01,1.0e+00,0.9999,506,195.4,230.3,272.7,199.1,250.2,243.9
GENE-74,NO,107.8,107,108.6,1.015,0,0.24,0.09,9.3e-01,1.0e+00,0.9999,507,114.1,100.8,106.1,97.1,120.1,108.5
GENE-75,NO,809.2,783.4,835.1,1.066,0.1,0.2,0.47,6.4e-01,1.0e+00,0.9999,508,711.1,744.4,894.6,829,777.3,899
GENE-77,NO,9.9,7,12.9,1.86,0.9,0.8,1.12,2.6e-01,1.0e+00,0.9999,509,6,8.9,6,18.8,17.9,2
GENE-80,NO,16.9,16.5,17.2,1.042,0.1,0.5,0.12,9.0e-01,1.0e+00,0.9999,510,16.9,22.7,9.9,18.8,16.9,15.9
GENE-81,NO,276.7,280.7,272.7,0.972,0,0.22,-0.19,8.5e-01,1.0e+00,0.9999,511,288.6,310.4,243,261.5,256.1,300.6
GENE-83,NO,144.3,139,149.6,1.076,0.1,0.25,0.42,6.7e-01,1.0e+00,0.9999,512,127,126.5,163.6,133.7,168.8,146.3
GENE-86,NO,20,26.1,13.9,0.532,-0.9,1.72,-0.53,6.0e-01,1.0e+00,0.9999,513,46.6,0,31.7,8.9,29.8,3
GENE-88,NO,514.9,491,538.8,1.097,0.1,0.27,0.51,6.1e-01,1.0e+00,0.9999,514,344.2,564.5,564.3,487.3,580.7,548.5
GENE-89,NO,1107.3,1208.3,1006.3,0.833,-0.3,0.21,-1.26,2.1e-01,1.0e+00,0.9999,515,989.9,1309.9,1325,1077.6,1007.6,933.8
GENE-91,NO,47.6,49.5,45.7,0.922,-0.1,0.31,-0.38,7.1e-01,1.0e+00,0.9999,516,50.6,49.4,48.6,52.5,39.7,44.8
GENE-92,NO,108.3,104.3,112.2,1.075,0.1,0.4,0.26,7.9e-01,1.0e+00,0.9999,517,55.5,129.5,127.9,84.2,147.9,104.5
GENE-96,NO,228,226.9,229,1.009,0,0.25,0.05,9.6e-01,1.0e+00,0.9999,518,269.8,192.8,218.2,200.1,274,213
GENE-99,NO,31.4,33.6,29.2,0.866,-0.2,0.86,-0.24,8.1e-01,1.0e+00,0.9999,519,4,85,11.9,23.8,19.9,43.8
GENE-100,NO,129.6,123.8,135.3,1.093,0.1,0.32,0.4,6.9e-01,1.0e+00,0.9999,520,80.3,151.3,139.8,129.7,157.8,118.5
GENE-102,NO,294.4,289.5,299.4,1.035,0,0.35,0.14,8.9e-01,1.0e+00,0.9999,521,378.9,159.2,330.3,355.6,294.8,247.9
GENE-104,NO,259.8,241.1,278.6,1.156,0.2,0.22,0.97,3.3e-01,1.0e+00,0.9999,522,219.2,269.9,234.1,290.2,298.8,246.9
GENE-106,NO,44.8,47.9,41.7,0.871,-0.2,0.32,-0.62,5.3e-01,1.0e+00,0.9999,523,47.6,48.4,47.6,39.6,35.7,49.8
GENE-108,NO,225.6,223.6,227.6,1.018,0,0.23,0.12,9.1e-01,1.0e+00,0.9999,524,214.2,246.2,210.3,238.7,252.1,192.1
GENE-113,NO,8.1,10.9,5.3,0.487,-1,1.24,-0.84,4.0e-01,1.0e+00,0.9999,525,0,27.7,5,5,1,10
GENE-115,NO,196.7,199.8,193.5,0.969,0,0.26,-0.18,8.6e-01,1.0e+00,0.9999,526,184.5,215.5,199.4,233.7,198.5,148.3
GENE-117,NO,1.3,1.7,1,0.602,-0.7,1.68,-0.44,6.6e-01,1.0e+00,0.9999,527,0,4,1,1,1,1
GENE-121,NO,7.6,6.9,8.3,1.193,0.3,0.69,0.37,7.1e-01,1.0e+00,0.9999,528,8.9,4,7.9,7.9,6,11
GENE-126,NO,36.7,37.7,35.8,0.949,-0.1,0.35,-0.21,8.3e-01,1.0e+00,0.9999,529,33.7,38.6,40.7,34.7,43.7,28.9
GENE-128,NO,0.7,1,0.3,0.359,-1.5,2.44,-0.61,5.5e-01,1.0e+00,0.9999,530,0,1,2,0,1,0
GENE-130,NO,5429.9,4968.4,5891.4,1.186,0.2,0.27,0.92,3.6e-01,1.0e+00,0.9999,531,5507.7,3559.8,5837.7,5116.6,6950.8,5606.8
GENE-132,NO,49.6,45.6,53.7,1.178,0.2,0.51,0.47,6.4e-01,1.0e+00,0.9999,532,37.7,58.3,40.7,21.8,48.6,90.6
GENE-134,NO,1253.1,1211.9,1294.3,1.068,0.1,0.23,0.41,6.8e-01,1.0e+00,0.9999,533,1337,1010.3,1288.3,1484.7,1064.2,1334
GENE-137,NO,25.3,26.4,24.2,0.915,-0.1,0.44,-0.29,7.7e-01,1.0e+00,0.9999,534,17.9,28.7,32.7,17.8,30.8,23.9
GENE-140,NO,2.2,1.7,2.7,1.604,0.7,1.27,0.54,5.9e-01,1.0e+00,0.9999,535,1,1,3,1,4,3
GENE-146,NO,2.3,2,2.7,1.336,0.4,1.18,0.36,7.2e-01,1.0e+00,0.9999,536,2,1,3,2,2,4
GENE-147,NO,298.5,304.2,292.8,0.963,-0.1,0.21,-0.26,7.9e-01,1.0e+00,0.9999,537,295.6,311.4,305.5,335.8,278.9,263.8
GENE-150,NO,20,19.8,20.2,1.019,0,2.35,0.01,9.9e-01,1.0e+00,0.9999,538,2,57.3,0,56.5,3,1
GENE-151,NO,51.9,52.8,51,0.965,-0.1,0.34,-0.15,8.8e-01,1.0e+00,0.9999,539,61.5,59.3,37.7,44.6,58.6,49.8
GENE-154,NO,665.6,676.4,654.8,0.968,0,0.23,-0.2,8.4e-01,1.0e+00,0.9999,540,750.8,600.1,678.4,665.6,768.3,530.6
GENE-156,NO,321.8,305.5,338.2,1.107,0.1,0.19,0.76,4.4e-01,1.0e+00,0.9999,541,278.7,319.3,318.4,353.6,330.6,330.5
GENE-161,NO,82,76.3,87.7,1.149,0.2,0.38,0.53,6.0e-01,1.0e+00,0.9999,542,69.4,62.3,97.2,118.9,91.3,52.8
GENE-162,NO,272.7,274,271.4,0.99,0,0.26,-0.05,9.6e-01,1.0e+00,0.9999,543,216.2,319.3,286.6,262.5,228.3,323.5
GENE-168,NO,6.3,6.3,6.3,1.002,0,0.77,0,1.0e+00,1.0e+00,0.9999,544,4,4.9,9.9,4,7.9,7
GENE-169,NO,22.1,21.5,22.8,1.064,0.1,0.44,0.2,8.4e-01,1.0e+00,0.9999,545,13.9,25.7,24.8,23.8,24.8,19.9
GENE-173,NO,94.4,92.5,96.3,1.042,0.1,0.26,0.23,8.2e-01,1.0e+00,0.9999,546,98.2,85,94.2,92.1,85.4,111.5
GENE-176,NO,528,522.8,533.2,1.02,0,0.18,0.16,8.8e-01,1.0e+00,0.9999,547,521.7,510.1,536.6,515,500.3,584.4
GENE-179,NO,12.9,14.5,11.3,0.774,-0.4,0.59,-0.62,5.3e-01,1.0e+00,0.9999,548,9.9,12.9,20.8,13.9,13.9,6
GENE-180,NO,224.6,195.2,254,1.301,0.4,0.43,0.88,3.8e-01,1.0e+00,0.9999,549,155.7,179.9,249.9,212.9,127.1,422.1
GENE-182,NO,175.4,175.7,175.1,0.997,0,0.22,-0.02,9.8e-01,1.0e+00,0.9999,550,180.5,164.1,182.5,154.5,176.7,194.1
GENE-192,NO,0.8,1,0.7,0.669,-0.6,2.07,-0.28,7.8e-01,1.0e+00,0.9999,551,1,2,0,0,1,1
GENE-196,NO,16673.8,17368,15979.7,0.92,-0.1,0.2,-0.59,5.5e-01,1.0e+00,0.9999,552,15252.4,20262.7,16588.8,15833.2,14549.8,17556
GENE-197,NO,47.6,45.9,49.3,1.075,0.1,0.38,0.27,7.8e-01,1.0e+00,0.9999,553,33.7,51.4,52.6,33.7,63.5,50.8
GENE-199,NO,2111.5,1936,2286.9,1.181,0.2,0.33,0.72,4.7e-01,1.0e+00,0.9999,554,1250.7,1845.7,2711.6,2773.2,1750.1,2337.5
GENE-200,NO,14.5,14.5,14.5,1.002,0,0.52,0.01,9.9e-01,1.0e+00,0.9999,555,9.9,18.8,14.9,15.8,10.9,16.9
GENE-201,NO,8.9,9.9,7.9,0.801,-0.3,0.67,-0.48,6.3e-01,1.0e+00,0.9999,556,6.9,11.9,10.9,11.9,7.9,4
GENE-203,NO,63.6,67.7,59.6,0.88,-0.2,0.28,-0.66,5.1e-01,1.0e+00,0.9999,557,75.4,61.3,66.5,64.4,56.6,57.7
GENE-208,NO,166.3,157.9,174.7,1.107,0.1,0.22,0.66,5.1e-01,1.0e+00,0.9999,558,176.5,151.3,145.8,186.2,169.7,168.2
GENE-210,NO,127.3,125.5,129.1,1.029,0,0.29,0.14,8.9e-01,1.0e+00,0.9999,559,124,129.5,123,130.7,91.3,165.3
GENE-218,NO,43.5,40.6,46.4,1.141,0.2,0.33,0.58,5.6e-01,1.0e+00,0.9999,560,33.7,41.5,46.6,43.6,43.7,51.8
GENE-221,NO,197.7,209.4,186.1,0.888,-0.2,0.27,-0.63,5.3e-01,1.0e+00,0.9999,561,239,176,213.2,139.7,205.5,213
GENE-223,NO,2.8,2.3,3.3,1.432,0.5,1.05,0.49,6.2e-01,1.0e+00,0.9999,562,2,2,3,3,3,4
GENE-227,NO,9.6,6.9,12.3,1.765,0.8,0.69,1.19,2.3e-01,1.0e+00,0.9999,563,10.9,4.9,5,14.9,15.9,6
GENE-232,NO,102.8,112.6,93,0.826,-0.3,0.34,-0.82,4.1e-01,1.0e+00,0.9999,564,83.3,149.3,105.1,78.2,80.4,120.5
GENE-234,NO,23.6,22.5,24.8,1.106,0.1,0.46,0.32,7.5e-01,1.0e+00,0.9999,565,16.9,33.6,16.9,27.7,24.8,21.9
GENE-235,NO,573.4,578.3,568.4,0.983,0,0.25,-0.1,9.2e-01,1.0e+00,0.9999,566,617.9,547.7,569.3,417,650.2,638.1
GENE-236,NO,2042,1936.5,2147.5,1.109,0.1,0.3,0.5,6.2e-01,1.0e+00,0.9999,567,2247.5,2291.5,1270.5,2163.1,2539.3,1740.2
GENE-241,NO,7.8,8.6,7,0.81,-0.3,0.77,-0.4,6.9e-01,1.0e+00,0.9999,568,8.9,12.9,4,4,5,11.9
GENE-242,NO,383.5,368.9,398.1,1.079,0.1,0.23,0.49,6.3e-01,1.0e+00,0.9999,569,343.2,379.6,383.8,343.7,483.4,367.3
GENE-243,NO,169.9,168.4,171.5,1.018,0,0.24,0.11,9.1e-01,1.0e+00,0.9999,570,154.7,191.8,158.7,155.5,157.8,201.1
GENE-245,NO,0.8,1.3,0.3,0.269,-1.9,2.06,-0.92,3.6e-01,1.0e+00,0.9999,571,1,2,1,0,0,1
GENE-247,NO,96.4,92.8,99.9,1.077,0.1,0.26,0.41,6.8e-01,1.0e+00,0.9999,572,104.1,94.9,79.3,112.9,94.3,92.6
GENE-249,NO,121,121.5,120.5,0.992,0,0.37,-0.03,9.7e-01,1.0e+00,0.9999,573,149.8,130.5,84.3,96.1,89.3,176.2
GENE-253,NO,247.8,242.1,253.5,1.047,0.1,0.22,0.3,7.7e-01,1.0e+00,0.9999,574,251.9,214.5,259.9,286.2,222.4,251.9
GENE-254,NO,23.8,23.1,24.5,1.059,0.1,0.44,0.19,8.5e-01,1.0e+00,0.9999,575,23.8,16.8,28.8,30.7,24.8,17.9
GENE-257,NO,22.2,21.5,22.8,1.064,0.1,0.42,0.21,8.3e-01,1.0e+00,0.9999,576,24.8,19.8,19.8,18.8,24.8,24.9
GENE-262,NO,78.4,83.6,73.1,0.875,-0.2,0.27,-0.7,4.8e-01,1.0e+00,0.9999,577,88.3,69.2,93.2,78.2,68.5,72.7
GENE-267,NO,404,427.2,380.8,0.891,-0.2,0.27,-0.61,5.4e-01,1.0e+00,0.9999,578,378.9,508.1,394.7,489.3,300.8,352.4
GENE-271,NO,176.7,204.5,149,0.729,-0.5,0.37,-1.23,2.2e-01,1.0e+00,0.9999,579,123,182.9,307.5,149.6,122.1,175.2
GENE-274,NO,385.3,389.6,381.1,0.978,0,0.25,-0.13,9.0e-01,1.0e+00,0.9999,580,332.3,439.9,396.7,336.8,327.6,478.8
GENE-283,NO,4116.1,3876.1,4356.1,1.124,0.2,0.27,0.61,5.4e-01,1.0e+00,0.9999,581,2933.8,3825.8,4868.7,3886.5,3772.2,5409.6
GENE-284,NO,645.9,703.4,588.3,0.836,-0.3,1.01,-0.26,8.0e-01,1.0e+00,0.9999,582,1476.8,387.5,246,660.6,962.9,141.4
GENE-285,NO,64.3,59.1,69.5,1.176,0.2,0.37,0.64,5.2e-01,1.0e+00,0.9999,583,52.6,69.2,55.5,54.5,101.3,52.8
GENE-287,NO,2,1.3,2.7,2.004,1,1.42,0.71,4.8e-01,1.0e+00,0.9999,584,1,0,3,1,4,3
GENE-288,NO,21.2,20.1,22.2,1.1,0.1,0.53,0.26,7.9e-01,1.0e+00,0.9999,585,16.9,22.7,20.8,22.8,33.8,10
GENE-289,NO,70.2,86.9,53.6,0.617,-0.7,0.49,-1.43,1.5e-01,1.0e+00,0.9999,586,116,52.4,92.2,52.5,84.4,23.9
GENE-292,NO,19.2,18.5,19.8,1.073,0.1,0.46,0.22,8.3e-01,1.0e+00,0.9999,587,16.9,18.8,19.8,22.8,23.8,12.9
GENE-294,NO,5.8,4.3,7.3,1.696,0.8,0.78,0.97,3.3e-01,1.0e+00,0.9999,588,4,3,6,6.9,5,10
GENE-298,NO,4.5,2.3,6.6,2.862,1.5,0.93,1.63,1.0e-01,1.0e+00,0.9999,589,3,2,2,9.9,4,6
GENE-303,NO,24.3,30,18.5,0.617,-0.7,0.55,-1.26,2.1e-01,1.0e+00,0.9999,590,18.8,25.7,45.6,11.9,30.8,12.9
GENE-307,NO,413.6,485.9,341.2,0.702,-0.5,0.32,-1.57,1.2e-01,1.0e+00,0.9999,591,429.5,681.1,347.1,384.3,257.1,382.3
GENE-310,NO,45.1,39.9,50.3,1.259,0.3,0.36,0.92,3.6e-01,1.0e+00,0.9999,592,31.7,40.5,47.6,44.6,65.5,40.8
GENE-311,NO,33.2,34.4,32.1,0.935,-0.1,0.39,-0.25,8.0e-01,1.0e+00,0.9999,593,45.6,29.7,27.8,27.7,38.7,29.9
GENE-312,NO,125.3,130.1,120.5,0.926,-0.1,0.32,-0.35,7.3e-01,1.0e+00,0.9999,594,103.2,126.5,160.7,92.1,160.8,108.5
GENE-313,NO,42.3,44.6,40,0.898,-0.2,0.34,-0.45,6.5e-01,1.0e+00,0.9999,595,34.7,44.5,54.5,37.6,42.7,39.8
GENE-315,NO,261.6,263.5,259.7,0.986,0,0.24,-0.09,9.3e-01,1.0e+00,0.9999,596,310.4,256,224.1,287.2,269,223
GENE-321,NO,163.3,146.6,180,1.228,0.3,0.26,1.12,2.6e-01,1.0e+00,0.9999,597,130.9,185.9,123,186.2,193.6,160.3
GENE-323,NO,13.4,15.5,11.3,0.725,-0.5,0.74,-0.63,5.3e-01,1.0e+00,0.9999,598,27.8,5.9,12.9,4,17.9,11.9
GENE-336,NO,1.7,1.7,1.7,1.003,0,1.45,0,1.0e+00,1.0e+00,0.9999,599,3,2,0,1,2,2
GENE-338,NO,9.1,10.6,7.6,0.72,-0.5,0.66,-0.72,4.7e-01,1.0e+00,0.9999,600,9.9,10.9,10.9,5,12.9,5
GENE-341,NO,8.4,10.9,6,0.547,-0.9,0.73,-1.2,2.3e-01,1.0e+00,0.9999,601,7.9,10.9,13.9,2,6,10
GENE-342,NO,397.9,423.4,372.4,0.879,-0.2,0.19,-0.98,3.3e-01,1.0e+00,0.9999,602,464.2,409.3,396.7,353.6,376.2,387.3
GENE-354,NO,7.1,6.6,7.6,1.153,0.2,0.74,0.28,7.8e-01,1.0e+00,0.9999,603,6,5.9,7.9,5,5,12.9
GENE-359,NO,24.8,15.8,33.8,2.131,1.1,0.71,1.54,1.2e-01,1.0e+00,0.9999,604,13.9,23.7,9.9,9.9,70.5,20.9
GENE-362,NO,0.8,0.7,1,1.503,0.6,2.07,0.28,7.8e-01,1.0e+00,0.9999,605,0,1,1,2,0,1
GENE-366,NO,1078.9,1194.9,962.8,0.806,-0.3,0.28,-1.1,2.7e-01,1.0e+00,0.9999,606,1623.6,1118.1,843,933,920.2,1035.3
GENE-368,NO,104.8,108.7,100.9,0.929,-0.1,0.33,-0.32,7.5e-01,1.0e+00,0.9999,607,93.2,94.9,137.9,84.2,136,82.6
GENE-370,NO,1657.1,1842.9,1471.4,0.798,-0.3,0.92,-0.35,7.3e-01,1.0e+00,0.9999,608,506.8,1711.2,3310.6,2520.7,1421.5,471.9
GENE-379,NO,17.5,14.5,20.5,1.412,0.5,0.51,0.97,3.3e-01,1.0e+00,0.9999,609,6.9,18.8,17.9,21.8,19.9,19.9
GENE-380,NO,3.5,3,4,1.337,0.4,1.32,0.32,7.5e-01,1.0e+00,0.9999,610,1,7.9,0,5,6,1
GENE-383,NO,121,207.6,34.4,0.166,-2.6,1.46,-1.78,7.5e-02,1.0e+00,0.9999,611,402.7,41.5,178.5,77.3,24.8,1
GENE-387,NO,44.5,43.9,45,1.025,0,0.33,0.11,9.1e-01,1.0e+00,0.9999,612,37.7,48.4,45.6,53.5,40.7,40.8
GENE-390,NO,103.4,120.5,86.3,0.716,-0.5,0.29,-1.67,9.5e-02,1.0e+00,0.9999,613,105.1,124.6,131.9,109.9,80.4,68.7
GENE-391,NO,22,20.1,23.9,1.183,0.2,0.42,0.57,5.7e-01,1.0e+00,0.9999,614,22.8,17.8,19.8,25.8,18.9,26.9
GENE-393,NO,1.3,0.7,2,3.003,1.6,1.84,0.86,3.9e-01,1.0e+00,0.9999,615,1,1,0,4,2,0
GENE-394,NO,72.6,69.3,75.8,1.093,0.1,0.29,0.44,6.6e-01,1.0e+00,0.9999,616,56.5,80.1,71.4,65.4,81.4,80.6
GENE-403,NO,13.1,12.2,13.9,1.138,0.2,0.56,0.33,7.4e-01,1.0e+00,0.9999,617,17.9,10.9,7.9,10.9,15.9,14.9
GENE-406,NO,187.6,193.5,181.7,0.939,-0.1,0.22,-0.4,6.9e-01,1.0e+00,0.9999,618,169.6,223.4,187.4,187.2,178.7,179.2
GENE-410,NO,15,12.9,17.2,1.336,0.4,0.48,0.86,3.9e-01,1.0e+00,0.9999,619,11.9,12.9,13.9,18.8,17.9,14.9
GENE-419,NO,88.1,90.2,86,0.955,-0.1,0.26,-0.26,8.0e-01,1.0e+00,0.9999,620,77.4,96.9,96.2,79.2,90.3,88.6
GENE-422,NO,636.5,683.4,589.7,0.863,-0.2,0.23,-0.92,3.6e-01,1.0e+00,0.9999,621,649.7,605,795.4,556.6,701.8,510.7
GENE-425,NO,27.3,25.8,28.8,1.118,0.2,0.44,0.36,7.2e-01,1.0e+00,0.9999,622,16.9,35.6,24.8,31.7,20.8,33.8
GENE-429,NO,396.7,399.2,394.2,0.987,0,0.21,-0.09,9.3e-01,1.0e+00,0.9999,623,380.9,455.7,361,394.2,357.4,431.1
GENE-432,NO,2.8,2.7,3,1.127,0.2,1.05,0.16,8.7e-01,1.0e+00,0.9999,624,3,2,3,4,3,2
GENE-433,NO,420.3,395.6,445,1.125,0.2,0.35,0.49,6.2e-01,1.0e+00,0.9999,625,553.4,376.6,256.9,377.4,370.3,587.4
GENE-440,NO,27.1,19.8,34.4,1.736,0.8,0.54,1.46,1.4e-01,1.0e+00,0.9999,626,27.8,23.7,7.9,49.5,31.8,21.9
GENE-441,NO,335.9,331.9,339.8,1.024,0,0.22,0.15,8.8e-01,1.0e+00,0.9999,627,338.2,322.3,335.2,327.8,405,286.7
GENE-444,NO,2015,2224.7,1805.2,0.811,-0.3,0.42,-0.72,4.7e-01,1.0e+00,0.9999,628,3900.9,1465.1,1308.2,1498.5,1823.6,2093.6
GENE-451,NO,115,95.7,134.3,1.403,0.5,0.3,1.63,1.0e-01,1.0e+00,0.9999,629,84.3,121.6,81.3,164.4,128.1,110.5
GENE-452,NO,1813.5,1731.7,1895.4,1.095,0.1,0.2,0.64,5.2e-01,1.0e+00,0.9999,630,1778.4,1810.1,1606.7,2231.5,1657.8,1796.9
GENE-453,NO,3.1,2.7,3.6,1.377,0.5,1.1,0.42,6.7e-01,1.0e+00,0.9999,631,1,4,3,6.9,2,2
GENE-456,NO,79.7,83.8,75.5,0.9,-0.2,0.31,-0.49,6.2e-01,1.0e+00,0.9999,632,60.5,99.8,91.2,71.3,67.5,87.6
GENE-457,NO,111.1,116.6,105.5,0.905,-0.1,0.25,-0.57,5.7e-01,1.0e+00,0.9999,633,110.1,111.7,127.9,109.9,117.1,89.6
GENE-459,NO,7.6,10.6,4.7,0.439,-1.2,0.72,-1.65,9.9e-02,1.0e+00,0.9999,634,11.9,12.9,6.9,4,3,7
GENE-460,NO,84.8,80.2,89.4,1.114,0.2,0.26,0.61,5.4e-01,1.0e+00,0.9999,635,79.3,83,78.4,80.2,89.3,98.6
GENE-462,NO,201.2,169.5,233,1.375,0.5,0.36,1.28,2.0e-01,1.0e+00,0.9999,636,246,121.6,140.8,212,309.7,177.2
GENE-464,NO,20.3,21.8,18.9,0.866,-0.2,0.42,-0.49,6.2e-01,1.0e+00,0.9999,637,20.8,24.7,19.8,18.8,19.9,17.9
GENE-470,NO,67.4,71.7,63.2,0.882,-0.2,0.32,-0.56,5.7e-01,1.0e+00,0.9999,638,76.4,73.2,65.5,84.2,57.6,47.8
GENE-472,NO,199.7,188.2,211.2,1.122,0.2,0.28,0.6,5.5e-01,1.0e+00,0.9999,639,222.2,177.9,164.6,157.5,219.4,256.8
GENE-474,NO,1.8,2.3,1.3,0.573,-0.8,1.46,-0.55,5.8e-01,1.0e+00,0.9999,640,3,4,0,1,2,1
GENE-475,YES,2.5,2,3,1.504,0.6,1.16,0.51,6.1e-01,1.0e+00,0.9999,641,1,3,2,2,5,2
GENE-477,NO,527.3,522.8,531.8,1.017,0,0.2,0.13,9.0e-01,1.0e+00,0.9999,642,491.9,501.2,575.2,514,590.6,490.8
GENE-481,NO,15.5,14.9,16.2,1.091,0.1,0.51,0.24,8.1e-01,1.0e+00,0.9999,643,16.9,9.9,17.9,19.8,16.9,11.9
GENE-483,NO,10.1,9.2,10.9,1.181,0.2,0.59,0.41,6.8e-01,1.0e+00,0.9999,644,7.9,7.9,11.9,12.9,8.9,11
GENE-484,NO,1287.7,1331.2,1244.1,0.935,-0.1,0.27,-0.36,7.2e-01,1.0e+00,0.9999,645,1510.6,1334.6,1148.5,1585.7,891.4,1255.3
GENE-485,NO,1.5,2,1,0.501,-1,1.79,-0.56,5.8e-01,1.0e+00,0.9999,646,1,0,5,1,0,2
GENE-489,NO,26.9,28.4,25.5,0.898,-0.2,0.39,-0.4,6.9e-01,1.0e+00,0.9999,647,23.8,31.6,29.8,22.8,23.8,29.9
GENE-490,NO,0.8,1,0.7,0.669,-0.6,2.07,-0.28,7.8e-01,1.0e+00,0.9999,648,0,2,1,1,0,1
GENE-491,NO,11.1,11.2,10.9,0.973,0,0.57,-0.07,9.4e-01,1.0e+00,0.9999,649,8.9,8.9,15.9,10.9,9.9,11.9
GENE-493,NO,1.5,1.3,1.7,1.251,0.3,1.54,0.21,8.3e-01,1.0e+00,0.9999,650,3,0,1,2,2,1
GENE-494,NO,8.3,6.9,9.6,1.383,0.5,0.7,0.67,5.0e-01,1.0e+00,0.9999,651,9.9,4.9,6,13.9,5,10
GENE-495,NO,70.3,80.2,60.3,0.751,-0.4,0.37,-1.11,2.7e-01,1.0e+00,0.9999,652,79.3,83,78.4,54.5,36.7,89.6
GENE-499,NO,2.5,1,4,4.015,2,1.53,1.31,1.9e-01,1.0e+00,0.9999,653,2,1,0,1,1,10
GENE-500,NO,1.5,1.3,1.7,1.252,0.3,1.54,0.21,8.3e-01,1.0e+00,0.9999,654,3,0,1,1,2,2
GENE-502,NO,162.3,180,144.6,0.803,-0.3,0.25,-1.25,2.1e-01,1.0e+00,0.9999,655,150.8,190.8,198.4,170.4,127.1,136.4
GENE-503,NO,793.7,757.4,830,1.096,0.1,0.19,0.69,4.9e-01,1.0e+00,0.9999,656,746.9,673.2,852,803.2,882.5,804.4
GENE-508,NO,8.6,7.6,9.6,1.263,0.3,0.67,0.5,6.2e-01,1.0e+00,0.9999,657,9.9,4.9,7.9,13.9,6,9
GENE-510,NO,2.2,1.3,3,2.256,1.2,1.41,0.83,4.1e-01,1.0e+00,0.9999,658,1,2,1,4,0,5
GENE-511,NO,50.2,52.5,48,0.914,-0.1,0.37,-0.35,7.3e-01,1.0e+00,0.9999,659,64.5,50.4,42.6,60.4,31.8,51.8
GENE-514,NO,2.1,2.3,2,0.859,-0.2,1.34,-0.16,8.7e-01,1.0e+00,0.9999,660,1,3,3,2,4,0
GENE-521,NO,316.8,303.9,329.7,1.085,0.1,0.26,0.45,6.5e-01,1.0e+00,0.9999,661,385.8,237.3,288.6,322.9,302.8,363.4
GENE-525,NO,2.1,3,1.3,0.446,-1.2,1.29,-0.9,3.7e-01,1.0e+00,0.9999,662,3,3,3,0,2,2
GENE-530,NO,12.7,12.2,13.2,1.084,0.1,0.56,0.21,8.4e-01,1.0e+00,0.9999,663,16.9,10.9,8.9,8.9,14.9,15.9
GENE-531,NO,826.2,731.1,921.3,1.26,0.3,0.3,1.1,2.7e-01,1.0e+00,0.9999,664,551.5,779,862.9,1230.1,860.7,673
GENE-534,NO,2126.2,1807,2445.5,1.353,0.4,0.28,1.56,1.2e-01,1.0e+00,0.9999,665,1938,2234.2,1248.7,2833.7,2060.8,2442
GENE-540,NO,1.2,1.7,0.7,0.401,-1.3,1.88,-0.7,4.8e-01,1.0e+00,0.9999,666,2,3,0,0,1,1
GENE-542,NO,13.6,13.2,13.9,1.052,0.1,0.56,0.13,9.0e-01,1.0e+00,0.9999,667,13.9,12.9,12.9,21.8,8.9,11
GENE-544,NO,282.8,281.4,284.3,1.01,0,0.2,0.07,9.4e-01,1.0e+00,0.9999,668,270.8,268.9,304.5,290.2,302.8,259.8
GENE-547,NO,501.1,489.8,512.4,1.046,0.1,0.22,0.29,7.7e-01,1.0e+00,0.9999,669,577.2,408.3,484,459.6,522.2,555.5
GENE-550,NO,133.4,120.2,146.7,1.22,0.3,0.32,0.89,3.7e-01,1.0e+00,0.9999,670,94.2,124.6,141.8,133.7,108.2,198.1
GENE-551,NO,1643.5,1546.1,1741,1.126,0.2,0.22,0.78,4.4e-01,1.0e+00,0.9999,671,1382.6,1652.9,1602.7,1961.1,1867.2,1394.7
GENE-552,NO,76.2,75.9,76.5,1.007,0,0.27,0.04,9.7e-01,1.0e+00,0.9999,672,67.4,83,77.4,74.3,81.4,73.7
GENE-553,YES,1.7,2.3,1,0.43,-1.2,1.42,-0.86,3.9e-01,1.0e+00,0.9999,673,1,3,3,1,1,1
GENE-554,NO,16.2,14.9,17.6,1.181,0.2,0.63,0.38,7.1e-01,1.0e+00,0.9999,674,25.8,12.9,6,9.9,19.9,22.9
GENE-557,NO,126.8,117.9,135.7,1.151,0.2,0.25,0.82,4.1e-01,1.0e+00,0.9999,675,118,105.8,129.9,133.7,119.1,154.3
GENE-568,NO,52.4,55.5,49.3,0.889,-0.2,0.32,-0.53,6.0e-01,1.0e+00,0.9999,676,67.4,51.4,47.6,52.5,40.7,54.8
GENE-569,NO,5.8,3.7,8,2.186,1.1,0.81,1.39,1.6e-01,1.0e+00,0.9999,677,4,3,4,9.9,4,10
GENE-575,NO,0.7,1,0.3,0.359,-1.5,2.44,-0.61,5.5e-01,1.0e+00,0.9999,678,2,1,0,0,0,1
GENE-576,NO,0.7,0.3,1,2.797,1.5,2.2,0.68,5.0e-01,1.0e+00,0.9999,679,0,0,1,1,1,1
GENE-579,NO,276.7,314.1,239.3,0.762,-0.4,0.23,-1.72,8.5e-02,1.0e+00,0.9999,680,325.3,281.7,335.2,207,229.3,281.7
GENE-582,NO,334.8,301.3,368.3,1.223,0.3,0.22,1.3,2.0e-01,1.0e+00,0.9999,681,326.3,246.2,331.3,349.6,404,351.4
GENE-584,NO,517.9,521.2,514.7,0.988,0,0.22,-0.08,9.3e-01,1.0e+00,0.9999,682,479.1,498.2,586.2,552.7,427.8,563.5
GENE-587,NO,2.8,3.6,2,0.547,-0.9,1.52,-0.57,5.7e-01,1.0e+00,0.9999,683,8.9,2,0,2,0,4
GENE-595,NO,42.5,37.3,47.7,1.277,0.4,0.34,1.05,2.9e-01,1.0e+00,0.9999,684,31.7,46.5,33.7,44.6,51.6,46.8
GENE-599,NO,972.9,949,996.7,1.05,0.1,0.2,0.35,7.2e-01,1.0e+00,0.9999,685,918.4,1044.9,883.7,863.7,1015.5,1111
GENE-600,NO,2156.3,1977.3,2335.4,1.181,0.2,0.26,0.91,3.6e-01,1.0e+00,0.9999,686,2421.1,1910.9,1599.8,2533.5,1788.8,2683.9
GENE-601,NO,8.1,8.9,7.3,0.817,-0.3,0.7,-0.42,6.8e-01,1.0e+00,0.9999,687,7.9,10.9,7.9,3,7.9,11
GENE-602,NO,3413.5,3386.7,3440.3,1.016,0,0.17,0.13,8.9e-01,1.0e+00,0.9999,688,3368.3,3317.6,3474.3,3506.2,3716.6,3098.1
GENE-607,NO,128.4,133.4,123.4,0.925,-0.1,0.33,-0.34,7.3e-01,1.0e+00,0.9999,689,94.2,155.2,150.8,136.7,145.9,87.6
GENE-608,NO,0.7,1,0.3,0.359,-1.5,2.44,-0.61,5.4e-01,1.0e+00,0.9999,690,2,0,1,0,1,0
GENE-611,NO,2,1,3,3.009,1.6,1.45,1.1,2.7e-01,1.0e+00,0.9999,691,0,2,1,3,1,5
GENE-612,NO,2.1,2,2.3,1.169,0.2,1.28,0.18,8.6e-01,1.0e+00,0.9999,692,4,1,1,1,4,2
GENE-616,NO,72.6,73.7,71.5,0.97,0,0.3,-0.15,8.8e-01,1.0e+00,0.9999,693,85.3,63.3,72.4,85.2,70.5,58.7
GENE-618,NO,1.3,1.3,1.3,1.003,0,1.8,0,1.0e+00,1.0e+00,0.9999,694,0,3,1,1,3,0
GENE-619,NO,29.9,27.7,32.1,1.158,0.2,0.54,0.39,7.0e-01,1.0e+00,0.9999,695,18.8,45.5,18.8,34.7,15.9,45.8
GENE-630,NO,241.9,232.2,251.6,1.083,0.1,0.2,0.57,5.7e-01,1.0e+00,0.9999,696,231.1,223.4,242,230.8,276,247.9
GENE-638,NO,165.2,162.5,167.8,1.033,0,0.24,0.2,8.4e-01,1.0e+00,0.9999,697,142.8,158.2,186.5,152.5,163.8,187.2
GENE-646,NO,1.2,1.6,0.7,0.402,-1.3,2.51,-0.52,6.0e-01,1.0e+00,0.9999,698,0,4.9,0,0,0,2
GENE-657,NO,1944.2,1875.7,2012.7,1.073,0.1,0.19,0.53,6.0e-01,1.0e+00,0.9999,699,1839.9,1993.9,1793.2,1813.5,1906,2318.6
GENE-659,NO,4,5.6,2.3,0.413,-1.3,0.96,-1.32,1.9e-01,1.0e+00,0.9999,700,4,8.9,4,2,3,2
GENE-662,NO,18.7,15.5,21.9,1.408,0.5,0.61,0.8,4.2e-01,1.0e+00,0.9999,701,11.9,8.9,25.8,11.9,17.9,35.8
GENE-673,NO,17.9,19.5,16.2,0.833,-0.3,0.56,-0.47,6.4e-01,1.0e+00,0.9999,702,24.8,18.8,14.9,7.9,13.9,26.9
GENE-675,NO,115.2,113.3,117.1,1.034,0,0.26,0.19,8.5e-01,1.0e+00,0.9999,703,109.1,110.7,120,140.6,110.2,100.5
GENE-676,NO,1409.5,1508.4,1310.7,0.869,-0.2,0.2,-1,3.2e-01,1.0e+00,0.9999,704,1715.9,1402.8,1406.4,1483.7,1235.9,1212.5
GENE-682,NO,534.3,442.5,626,1.415,0.5,0.29,1.72,8.5e-02,1.0e+00,0.9999,705,547.5,441.9,338.2,598.2,484.4,795.4
GENE-683,NO,268.8,272.2,265.5,0.975,0,0.24,-0.15,8.8e-01,1.0e+00,0.9999,706,272.8,232.3,311.4,234.7,248.2,313.6
GENE-686,NO,1.3,1.7,1,0.601,-0.7,1.82,-0.4,6.9e-01,1.0e+00,0.9999,707,0,1,4,2,0,1
GENE-689,NO,6.1,6,6.3,1.058,0.1,0.74,0.11,9.1e-01,1.0e+00,0.9999,708,5,6.9,6,6.9,4,8
GENE-691,NO,267.6,261.2,274.1,1.05,0.1,0.26,0.27,7.9e-01,1.0e+00,0.9999,709,265.8,306.5,211.3,220.9,284.9,316.6
GENE-692,NO,17.5,16.5,18.5,1.122,0.2,0.48,0.35,7.3e-01,1.0e+00,0.9999,710,18.8,12.9,17.9,17.8,23.8,13.9
GENE-694,NO,34.2,32,36.4,1.137,0.2,0.37,0.5,6.2e-01,1.0e+00,0.9999,711,25.8,33.6,36.7,28.7,39.7,40.8
GENE-695,NO,5.5,5.3,5.6,1.064,0.1,0.92,0.1,9.2e-01,1.0e+00,0.9999,712,3,4.9,7.9,6.9,8.9,1
GENE-703,NO,11.6,14.5,8.6,0.592,-0.8,0.63,-1.19,2.3e-01,1.0e+00,0.9999,713,15.9,13.8,13.9,13.9,8.9,3
GENE-705,NO,242.8,271.8,213.8,0.787,-0.3,0.22,-1.55,1.2e-01,1.0e+00,0.9999,714,289.6,223.4,302.5,210,215.4,216
GENE-708,NO,14.4,14.2,14.6,1.025,0,0.55,0.07,9.5e-01,1.0e+00,0.9999,715,7.9,18.8,15.9,16.8,16.9,10
GENE-711,NO,17.8,20.1,15.5,0.772,-0.4,0.46,-0.82,4.1e-01,1.0e+00,0.9999,716,21.8,19.8,18.8,17.8,16.9,11.9
GENE-714,NO,197.4,214.4,180.4,0.842,-0.2,0.22,-1.13,2.6e-01,1.0e+00,0.9999,717,245,201.7,196.4,168.4,190.6,182.2
GENE-715,NO,56,103.7,8.3,0.08,-3.6,2.28,-1.6,1.1e-01,1.0e+00,0.9999,718,23.8,127.5,159.7,0,0,24.9
GENE-724,NO,67.8,55.2,80.5,1.459,0.5,0.44,1.24,2.1e-01,1.0e+00,0.9999,719,28.8,52.4,84.3,55.5,87.4,98.6
GENE-728,NO,9.8,7.9,11.6,1.462,0.5,0.72,0.76,4.5e-01,1.0e+00,0.9999,720,5,6.9,11.9,5,19.9,10
GENE-738,NO,3,3.3,2.7,0.801,-0.3,1.25,-0.26,8.0e-01,1.0e+00,0.9999,721,1,3,6,5,0,3
GENE-744,NO,84.7,93.8,75.5,0.804,-0.3,0.38,-0.82,4.1e-01,1.0e+00,0.9999,722,107.1,54.4,120,54.5,88.3,83.6
GENE-746,NO,9.1,12.6,5.6,0.448,-1.2,0.66,-1.75,8.1e-02,1.0e+00,0.9999,723,11.9,9.9,15.9,5.9,7.9,3
GENE-748,NO,14.4,14.9,13.9,0.935,-0.1,0.54,-0.18,8.6e-01,1.0e+00,0.9999,724,13.9,14.8,15.9,20.8,12.9,8
GENE-750,NO,21.5,24.8,18.2,0.735,-0.4,0.54,-0.82,4.1e-01,1.0e+00,0.9999,725,16.9,16.8,40.7,11.9,18.9,23.9
GENE-752,NO,122,130.5,113.5,0.87,-0.2,0.33,-0.61,5.4e-01,1.0e+00,0.9999,726,168.6,99.8,123,124.8,136,79.6
GENE-755,NO,505.6,535.4,475.8,0.889,-0.2,0.26,-0.65,5.2e-01,1.0e+00,0.9999,727,440.4,461.7,704.2,525.9,472.5,429.1
GENE-760,NO,2.1,2.3,2,0.859,-0.2,1.34,-0.16,8.7e-01,1.0e+00,0.9999,728,0,4,3,2,3,1
GENE-761,NO,1.3,1.7,1,0.602,-0.7,1.82,-0.4,6.9e-01,1.0e+00,0.9999,729,0,4,1,2,0,1
GENE-763,NO,14.6,16.5,12.6,0.762,-0.4,0.65,-0.6,5.5e-01,1.0e+00,0.9999,730,17.9,15.8,15.9,3,13.9,20.9
GENE-766,NO,387.3,567.2,207.4,0.366,-1.5,1.09,-1.34,1.8e-01,1.0e+00,0.9999,731,1360.8,90.9,249.9,118.9,193.6,309.6
GENE-767,NO,41.8,43.2,40.4,0.933,-0.1,0.32,-0.31,7.5e-01,1.0e+00,0.9999,732,45.6,40.5,43.6,41.6,38.7,40.8
GENE-772,NO,17,12.9,21.2,1.644,0.7,0.53,1.35,1.8e-01,1.0e+00,0.9999,733,13.9,11.9,12.9,28.7,23.8,11
GENE-778,NO,122.4,140,104.9,0.749,-0.4,0.37,-1.13,2.6e-01,1.0e+00,0.9999,734,82.3,167.1,170.6,135.7,82.4,96.6
GENE-783,NO,0.7,0,1.3,7.276,2.9,2.76,1.04,3.0e-01,1.0e+00,0.9999,735,0,0,0,0,1,3
GENE-790,YES,2.3,2,2.7,1.336,0.4,1.3,0.32,7.5e-01,1.0e+00,0.9999,736,3,3,0,4,1,3
GENE-792,NO,635.7,576.6,694.7,1.205,0.3,0.36,0.75,4.6e-01,1.0e+00,0.9999,737,710.2,540.7,479,598.2,429.8,1056.2
GENE-793,NO,1070.6,1022.7,1118.6,1.094,0.1,0.17,0.75,4.5e-01,1.0e+00,0.9999,738,998.8,1081.5,987.8,1198.4,1061.2,1096.1
GENE-794,NO,2261.8,2186.4,2337.2,1.069,0.1,0.26,0.37,7.1e-01,1.0e+00,0.9999,739,2169.1,1714.2,2675.9,1872.9,2527.4,2611.2
GENE-795,NO,9.9,11.6,8.3,0.716,-0.5,0.63,-0.76,4.4e-01,1.0e+00,0.9999,740,9.9,12.9,11.9,8.9,4,11.9
GENE-797,NO,2.5,2,3,1.503,0.6,1.18,0.5,6.2e-01,1.0e+00,0.9999,741,1,1,4,3,2,4
GENE-798,NO,54.4,60.1,48.7,0.809,-0.3,0.32,-0.96,3.4e-01,1.0e+00,0.9999,742,49.6,71.2,59.5,56.5,42.7,46.8
GENE-806,NO,25.3,25.5,25.2,0.989,0,0.43,-0.04,9.7e-01,1.0e+00,0.9999,743,16.9,29.7,29.8,23.8,29.8,21.9
GENE-808,NO,4.3,5.9,2.7,0.446,-1.2,0.98,-1.2,2.3e-01,1.0e+00,0.9999,744,3,7.9,6.9,2,1,5
GENE-810,NO,549.4,564.7,534.1,0.946,-0.1,0.23,-0.35,7.3e-01,1.0e+00,0.9999,745,678.4,551.6,464.2,565.5,555.9,480.8
GENE-815,NO,3.1,2.7,3.7,1.379,0.5,1.01,0.46,6.5e-01,1.0e+00,0.9999,746,3,3,2,2,4,5
GENE-817,NO,22,22.1,21.9,0.989,0,0.65,-0.03,9.8e-01,1.0e+00,0.9999,747,17.9,30.6,17.9,9.9,10.9,44.8
GENE-827,NO,1169.4,1172.4,1166.4,0.995,0,0.18,-0.04,9.7e-01,1.0e+00,0.9999,748,1189.2,1109.2,1218.9,1291.5,1145.6,1062.2
GENE-830,NO,10.1,11.6,8.6,0.744,-0.4,0.6,-0.71,4.8e-01,1.0e+00,0.9999,749,13.9,7.9,12.9,9.9,6.9,9
GENE-842,NO,552.2,587.4,517,0.88,-0.2,0.19,-0.99,3.2e-01,1.0e+00,0.9999,750,603,630.7,528.6,507.1,499.3,544.5
GENE-843,NO,18.5,19.5,17.5,0.901,-0.2,0.52,-0.29,7.7e-01,1.0e+00,0.9999,751,19.8,21.7,16.9,7.9,20.8,23.9
GENE-850,NO,65.3,65.4,65.2,0.997,0,0.33,-0.01,9.9e-01,1.0e+00,0.9999,752,56.5,69.2,70.4,51.5,87.4,56.7
GENE-860,NO,362.8,430.7,295,0.685,-0.5,0.39,-1.4,1.6e-01,1.0e+00,0.9999,753,425.5,379.6,487,329.8,137,418.1
GENE-867,NO,721.6,693.9,749.3,1.08,0.1,0.18,0.63,5.3e-01,1.0e+00,0.9999,754,754.8,677.2,649.6,740.9,742.5,764.6
GENE-869,NO,12.6,10.6,14.5,1.378,0.5,0.53,0.88,3.8e-01,1.0e+00,0.9999,755,9.9,9.9,11.9,16.8,13.9,12.9
GENE-879,NO,12.9,11.9,13.9,1.17,0.2,0.55,0.41,6.8e-01,1.0e+00,0.9999,756,10.9,12.9,11.9,9.9,11.9,19.9
GENE-889,NO,30.7,27.4,34.1,1.244,0.3,0.37,0.85,4.0e-01,1.0e+00,0.9999,757,21.8,32.6,27.8,36.6,31.8,33.8
GENE-891,NO,132.7,149.3,116.1,0.778,-0.4,0.36,-1.01,3.1e-01,1.0e+00,0.9999,758,93.2,132.5,222.2,119.8,104.2,124.4
GENE-900,NO,60.3,57.5,63.2,1.1,0.1,0.35,0.4,6.9e-01,1.0e+00,0.9999,759,62.5,62.3,47.6,84.2,60.6,44.8
GENE-905,NO,56.2,52.2,60.2,1.154,0.2,0.32,0.65,5.2e-01,1.0e+00,0.9999,760,56.5,46.5,53.6,76.3,50.6,53.8
GENE-909,NO,1.8,1,2.7,2.677,1.4,1.56,0.91,3.6e-01,1.0e+00,0.9999,761,1,2,0,1,1,6
GENE-912,NO,109.9,118.3,101.6,0.859,-0.2,0.35,-0.62,5.3e-01,1.0e+00,0.9999,762,161.7,75.1,118,126.8,90.3,87.6
GENE-916,NO,719.7,760.6,678.8,0.892,-0.2,0.27,-0.62,5.4e-01,1.0e+00,0.9999,763,565.3,969.8,746.8,722,581.7,732.7
GENE-917,NO,0.8,1.3,0.3,0.269,-1.9,2.06,-0.92,3.6e-01,1.0e+00,0.9999,764,1,2,1,1,0,0
GENE-918,NO,1618.5,2245.8,991.2,0.441,-1.2,1.02,-1.15,2.5e-01,1.0e+00,0.9999,765,269.8,2734.4,3733.1,674.5,579.7,1719.3
GENE-920,NO,4.5,3,6,2.004,1,0.9,1.12,2.6e-01,1.0e+00,0.9999,766,2,4,3,8.9,5,4
GENE-927,NO,449.2,453.3,445.1,0.982,0,0.29,-0.09,9.3e-01,1.0e+00,0.9999,767,388.8,517,454.2,302.1,466.6,566.5
GENE-928,NO,6.4,7,6,0.857,-0.2,1.24,-0.18,8.6e-01,1.0e+00,0.9999,768,6,0,14.9,13.9,1,3
GENE-935,NO,40.8,42,39.7,0.947,-0.1,0.35,-0.22,8.2e-01,1.0e+00,0.9999,769,52.6,32.6,40.7,35.7,37.7,45.8
GENE-938,YES,6.3,5.3,7.3,1.377,0.5,0.8,0.58,5.7e-01,1.0e+00,0.9999,770,8.9,2,5,6.9,9.9,5
GENE-939,NO,72.9,71.7,74.2,1.035,0,0.34,0.15,8.8e-01,1.0e+00,0.9999,771,89.3,72.2,53.6,54.5,90.3,77.7
GENE-942,NO,25.1,25.8,24.5,0.951,-0.1,0.41,-0.18,8.6e-01,1.0e+00,0.9999,772,22.8,26.7,27.8,31.7,18.9,22.9
GENE-943,NO,0.7,0.3,1,2.794,1.5,2.44,0.61,5.4e-01,1.0e+00,0.9999,773,0,1,0,2,1,0
GENE-945,NO,2603.9,2657,2550.9,0.96,-0.1,0.19,-0.31,7.6e-01,1.0e+00,0.9999,774,3061.8,2510,2399.2,2521.7,2455.9,2675
GENE-947,NO,12.7,14.2,11.2,0.792,-0.3,0.56,-0.6,5.5e-01,1.0e+00,0.9999,775,19.8,13.8,8.9,9.9,11.9,11.9
GENE-950,YES,3.3,3,3.7,1.227,0.3,1.16,0.25,8.0e-01,1.0e+00,0.9999,776,3,3,3,1,1,9
GENE-951,NO,258.2,251,265.4,1.057,0.1,0.21,0.39,7.0e-01,1.0e+00,0.9999,777,274.7,247.1,231.1,259.5,288.9,247.9
GENE-953,NO,45.3,43.9,46.7,1.063,0.1,0.33,0.26,7.9e-01,1.0e+00,0.9999,778,50.6,38.6,42.6,36.6,51.6,51.8
GENE-960,NO,59.5,56.5,62.5,1.108,0.1,0.29,0.51,6.1e-01,1.0e+00,0.9999,779,51.6,57.3,60.5,69.3,53.6,64.7
GENE-963,NO,4.8,6.9,2.7,0.382,-1.4,0.9,-1.55,1.2e-01,1.0e+00,0.9999,780,5,4.9,10.9,2,3,3
GENE-965,NO,4,2.6,5.3,2.006,1,1.1,0.92,3.6e-01,1.0e+00,0.9999,781,2,5.9,0,5.9,3,7
GENE-966,NO,1.3,1.7,1,0.6,-0.7,1.82,-0.4,6.9e-01,1.0e+00,0.9999,782,1,0,4,2,1,0
GENE-968,NO,0.7,0,1.3,7.253,2.9,2.76,1.04,3.0e-01,1.0e+00,0.9999,783,0,0,0,3,1,0
GENE-969,NO,7.3,5.6,8.9,1.591,0.7,0.69,0.97,3.3e-01,1.0e+00,0.9999,784,4,4.9,7.9,9.9,7.9,9
GENE-975,NO,5.3,5,5.7,1.136,0.2,0.79,0.23,8.2e-01,1.0e+00,0.9999,785,6.9,4,4,4,6,7
GENE-976,NO,202.4,196.9,207.9,1.056,0.1,0.27,0.29,7.7e-01,1.0e+00,0.9999,786,211.3,162.1,217.2,159.5,225.3,238.9
GENE-978,NO,21.2,19.1,23.2,1.21,0.3,0.42,0.65,5.2e-01,1.0e+00,0.9999,787,18.8,21.7,16.9,21.8,26.8,20.9
GENE-980,NO,418.7,353.5,483.9,1.369,0.5,0.48,0.94,3.5e-01,1.0e+00,0.9999,788,190.4,237.3,632.8,295.2,482.4,674
GENE-983,NO,6.6,6.6,6.6,1.002,0,0.86,0,1.0e+00,1.0e+00,0.9999,789,3,4.9,11.9,5,11.9,3
GENE-984,NO,6298.5,6230.4,6366.6,1.022,0,0.16,0.2,8.4e-01,1.0e+00,0.9999,790,6392.4,6261.6,6037.1,6584.5,6013.7,6501.7
GENE-996,NO,1.7,1.7,1.7,1.003,0,1.67,0,1.0e+00,1.0e+00,0.9999,791,3,2,0,1,0,4
GENE-998,NO,42.5,43.9,41.1,0.934,-0.1,0.33,-0.3,7.7e-01,1.0e+00,0.9999,792,49.6,45.5,36.7,35.7,42.7,44.8
GENE-999,NO,6,6,6,1,0,1.1,0,1.0e+00,1.0e+00,0.9999,793,12.9,0,5,10.9,4,3
GENE-1001,NO,3.1,4.9,1.3,0.267,-1.9,1.23,-1.55,1.2e-01,1.0e+00,0.9999,794,8.9,4.9,1,1,1,2
GENE-1002,NO,8.3,8.9,7.6,0.854,-0.2,0.64,-0.36,7.2e-01,1.0e+00,0.9999,795,8.9,10.9,6.9,6.9,8.9,7
GENE-1004,NO,47.1,43.3,50.9,1.178,0.2,0.31,0.75,4.5e-01,1.0e+00,0.9999,796,44.6,47.5,37.7,57.4,47.6,47.8
GENE-1006,NO,495,502.1,487.9,0.972,0,0.23,-0.18,8.6e-01,1.0e+00,0.9999,797,498.9,424.1,583.2,482.3,417.9,563.5
GENE-1007,NO,213.4,173.3,253.5,1.463,0.5,0.37,1.5,1.3e-01,1.0e+00,0.9999,798,166.6,241.2,112.1,232.8,343.5,184.2
GENE-1008,NO,46.1,47.5,44.7,0.94,-0.1,0.35,-0.25,8.0e-01,1.0e+00,0.9999,799,42.6,43.5,56.5,40.6,34.7,58.7
GENE-1011,NO,39.3,35,43.7,1.248,0.3,0.37,0.85,3.9e-01,1.0e+00,0.9999,800,30.7,40.5,33.7,53.5,47.6,29.9
GENE-1015,NO,1.5,1.7,1.3,0.802,-0.3,1.54,-0.21,8.4e-01,1.0e+00,0.9999,801,1,3,1,2,0,2
GENE-1016,NO,89.1,95.7,82.4,0.861,-0.2,0.34,-0.64,5.2e-01,1.0e+00,0.9999,802,95.2,121.6,70.4,63.4,106.2,77.7
GENE-1020,NO,182.9,198.2,167.7,0.847,-0.2,0.26,-0.93,3.5e-01,1.0e+00,0.9999,803,208.3,190.8,195.4,182.2,195.6,125.4
GENE-1023,NO,878.9,945.6,812.2,0.859,-0.2,0.22,-0.99,3.2e-01,1.0e+00,0.9999,804,886.7,836.3,1113.8,711.1,929.2,796.4
GENE-1025,NO,79,84.6,73.5,0.869,-0.2,0.32,-0.63,5.3e-01,1.0e+00,0.9999,805,96.2,69.2,88.3,55.5,96.3,68.7
GENE-1026,NO,7.4,7.6,7.3,0.958,-0.1,0.72,-0.09,9.3e-01,1.0e+00,0.9999,806,9.9,3,9.9,7.9,6,8
GENE-1029,NO,208.1,194.2,222.1,1.143,0.2,0.23,0.86,3.9e-01,1.0e+00,0.9999,807,202.3,199.7,180.5,232.8,246.2,187.2
GENE-1030,NO,1018.2,987.5,1048.8,1.062,0.1,0.23,0.38,7.0e-01,1.0e+00,0.9999,808,1142.6,919.4,900.6,1208.3,1082,856.1
GENE-1033,NO,1.2,2.3,0,0.079,-3.7,2.07,-1.77,7.8e-02,1.0e+00,0.9999,809,1,1,5,0,0,0
GENE-1037,NO,0.7,1,0.3,0.36,-1.5,2.86,-0.52,6.1e-01,1.0e+00,0.9999,810,0,3,0,1,0,0
GENE-1038,NO,8.9,11.2,6.6,0.59,-0.8,0.66,-1.16,2.5e-01,1.0e+00,0.9999,811,10.9,7.9,14.9,4,6.9,9
GENE-1044,NO,141.1,152.9,129.4,0.846,-0.2,0.25,-0.96,3.4e-01,1.0e+00,0.9999,812,133.9,174,150.8,150.5,119.1,118.5
GENE-1046,NO,227.8,242.4,213.1,0.879,-0.2,0.22,-0.85,3.9e-01,1.0e+00,0.9999,813,270.8,241.2,215.2,218.9,227.3,193.1
GENE-1048,NO,1261.7,1271.4,1252,0.985,0,0.16,-0.14,8.9e-01,1.0e+00,0.9999,814,1263.6,1343.5,1207,1237.1,1255.7,1263.3
GENE-1049,NO,70.9,74.3,67.5,0.908,-0.1,0.29,-0.47,6.4e-01,1.0e+00,0.9999,815,68.4,68.2,86.3,80.2,65.5,56.7
GENE-1050,NO,1.7,1.3,2,1.503,0.6,1.45,0.4,6.9e-01,1.0e+00,0.9999,816,2,2,0,3,1,2
GENE-1052,NO,232.6,238.7,226.4,0.948,-0.1,0.26,-0.3,7.7e-01,1.0e+00,0.9999,817,197.4,291.6,227.1,237.7,188.6,252.9
GENE-1053,NO,35.5,43.9,27.2,0.618,-0.7,0.56,-1.24,2.1e-01,1.0e+00,0.9999,818,23.8,34.6,73.4,14.9,22.8,43.8
GENE-1057,NO,511,465.2,556.8,1.197,0.3,0.38,0.68,5.0e-01,1.0e+00,0.9999,819,379.9,305.5,710.1,595.3,372.3,702.8
GENE-1058,NO,65.5,52.9,78.1,1.478,0.6,0.32,1.77,7.7e-02,1.0e+00,0.9999,820,38.7,55.4,64.5,83.2,84.4,66.7
GENE-1063,NO,46,39,53,1.359,0.4,0.34,1.31,1.9e-01,1.0e+00,0.9999,821,45.6,38.6,32.7,41.6,58.6,58.7
GENE-1065,NO,6.6,9.6,3.6,0.38,-1.4,0.84,-1.66,9.8e-02,1.0e+00,0.9999,822,9.9,4.9,13.9,5.9,4,1
GENE-1066,NO,53.4,53.8,52.9,0.984,0,0.31,-0.08,9.4e-01,1.0e+00,0.9999,823,46.6,63.3,51.6,58.4,49.6,50.8
GENE-1070,NO,34.7,32.7,36.7,1.124,0.2,0.5,0.33,7.4e-01,1.0e+00,0.9999,824,25.8,19.8,52.6,20.8,47.6,41.8
GENE-1074,NO,28.9,31,26.8,0.863,-0.2,0.44,-0.49,6.3e-01,1.0e+00,0.9999,825,32.7,17.8,42.6,24.8,27.8,27.9
GENE-1078,NO,8.1,11.3,5,0.442,-1.2,1.01,-1.17,2.4e-01,1.0e+00,0.9999,826,2,4,27.8,3,7.9,4
GENE-1081,NO,8.9,7.6,10.3,1.351,0.4,0.65,0.66,5.1e-01,1.0e+00,0.9999,827,9.9,8.9,4,12.9,7.9,10
GENE-1082,NO,155.2,168.1,142.4,0.847,-0.2,0.27,-0.89,3.7e-01,1.0e+00,0.9999,828,188.4,165.1,150.8,107,160.8,159.3
GENE-1086,NO,8.3,8.6,7.9,0.926,-0.1,0.67,-0.17,8.7e-01,1.0e+00,0.9999,829,5,11.9,8.9,6.9,6.9,10
GENE-1089,NO,164.2,150.6,177.8,1.181,0.2,0.31,0.77,4.4e-01,1.0e+00,0.9999,830,124,183.9,143.8,125.8,180.7,227
GENE-1092,NO,72.7,75.9,69.5,0.915,-0.1,0.3,-0.42,6.7e-01,1.0e+00,0.9999,831,58.5,88,81.3,62.4,65.5,80.6
GENE-1094,NO,1,0.7,1.3,2,1,2.21,0.45,6.5e-01,1.0e+00,0.9999,832,2,0,0,3,1,0
GENE-1096,NO,85.8,89.5,82.1,0.917,-0.1,0.32,-0.39,6.9e-01,1.0e+00,0.9999,833,73.4,103.8,91.2,68.3,108.2,69.7
GENE-1100,NO,2230.4,1941.5,2519.4,1.298,0.4,0.27,1.39,1.7e-01,1.0e+00,0.9999,834,1480.8,2515.9,1827.9,2076,2872.8,2609.3
GENE-1103,NO,57.2,56.5,57.8,1.025,0,0.37,0.1,9.2e-01,1.0e+00,0.9999,835,54.6,57.3,57.5,78.2,61.5,33.8
GENE-1106,NO,49.4,49.5,49.3,0.996,0,0.32,-0.02,9.8e-01,1.0e+00,0.9999,836,43.6,49.4,55.5,41.6,57.6,48.8
GENE-1108,NO,2,2.6,1.3,0.501,-1,1.83,-0.54,5.9e-01,1.0e+00,0.9999,837,3,4.9,0,0,4,0
GENE-1110,NO,2.5,3.3,1.7,0.501,-1,1.22,-0.82,4.1e-01,1.0e+00,0.9999,838,3,4,3,2,0,3
GENE-1125,NO,28.9,25.8,32.1,1.246,0.3,0.38,0.83,4.1e-01,1.0e+00,0.9999,839,25.8,26.7,24.8,24.8,38.7,32.9
GENE-1126,NO,74.5,72.7,76.5,1.052,0.1,0.27,0.28,7.8e-01,1.0e+00,0.9999,840,75.4,78.1,64.5,81.2,74.5,73.7
GENE-1130,NO,7.4,7.2,7.6,1.047,0.1,0.68,0.1,9.2e-01,1.0e+00,0.9999,841,6.9,6.9,7.9,10.9,6.9,5
GENE-1135,NO,21.2,20.8,21.5,1.034,0,0.5,0.1,9.2e-01,1.0e+00,0.9999,842,18.8,31.6,11.9,24.8,16.9,22.9
GENE-1140,NO,2,2.7,1.3,0.501,-1,1.35,-0.74,4.6e-01,1.0e+00,0.9999,843,4,2,2,2,0,2
GENE-1144,NO,197.9,169,226.7,1.341,0.4,0.27,1.59,1.1e-01,1.0e+00,0.9999,844,146.8,215.5,144.8,207,259.1,214
GENE-1150,NO,792.4,784.3,800.6,1.021,0,0.18,0.17,8.7e-01,1.0e+00,0.9999,845,710.2,837.3,805.3,810.2,807.1,784.5
GENE-1151,NO,510.3,470.1,550.4,1.171,0.2,0.41,0.55,5.8e-01,1.0e+00,0.9999,846,818.3,314.4,277.7,558.6,520.2,572.4
GENE-1153,NO,4516.8,4404.5,4629.1,1.051,0.1,0.19,0.38,7.0e-01,1.0e+00,0.9999,847,4335.3,4631.4,4246.9,3982.6,5186.8,4717.8
GENE-1155,NO,58.8,59.1,58.6,0.992,0,0.56,-0.02,9.8e-01,1.0e+00,0.9999,848,59.5,95.9,21.8,28.7,68.5,78.6
GENE-1158,NO,528.9,558.2,499.7,0.895,-0.2,0.29,-0.56,5.8e-01,1.0e+00,0.9999,849,612,520,542.5,631.9,330.6,536.6
GENE-1160,NO,2.5,2.7,2.3,0.876,-0.2,1.34,-0.14,8.9e-01,1.0e+00,0.9999,850,5,2,1,2,5,0
GENE-1163,NO,37,41.6,32.4,0.779,-0.4,0.33,-1.08,2.8e-01,1.0e+00,0.9999,851,40.7,39.5,44.6,31.7,31.8,33.8
GENE-1164,NO,11.9,8,15.9,2.003,1,0.67,1.49,1.4e-01,1.0e+00,0.9999,852,14.9,4,5,21.8,14.9,11
GENE-1166,NO,194,213.6,174.4,0.816,-0.3,0.25,-1.16,2.5e-01,1.0e+00,0.9999,853,221.2,249.1,170.6,163.4,199.5,160.3
GENE-1167,NO,7.6,5.9,9.3,1.559,0.6,0.66,0.96,3.4e-01,1.0e+00,0.9999,854,6,4.9,6.9,8.9,7.9,11
GENE-1168,NO,44.6,42.9,46.3,1.079,0.1,0.37,0.3,7.7e-01,1.0e+00,0.9999,855,44.6,28.7,55.5,51.5,38.7,48.8
GENE-1170,NO,107.8,112,103.6,0.925,-0.1,0.32,-0.34,7.3e-01,1.0e+00,0.9999,856,94.2,97.9,143.8,74.3,128.1,108.5
GENE-1172,NO,3.3,2.7,4,1.504,0.6,1.01,0.58,5.6e-01,1.0e+00,0.9999,857,4,2,2,2,5,5
GENE-1173,NO,550.5,567.7,533.2,0.939,-0.1,0.19,-0.47,6.4e-01,1.0e+00,0.9999,858,544.5,563.5,595.1,480.4,593.6,525.6
GENE-1178,NO,62.7,69,56.3,0.815,-0.3,0.41,-0.71,4.8e-01,1.0e+00,0.9999,859,99.2,53.4,54.5,45.6,41.7,81.6
GENE-1182,NO,101.2,109.6,92.7,0.845,-0.2,0.29,-0.82,4.1e-01,1.0e+00,0.9999,860,109.1,102.8,117,66.4,96.3,115.5
GENE-1185,NO,1.5,1.7,1.3,0.802,-0.3,1.42,-0.23,8.2e-01,1.0e+00,0.9999,861,1,2,2,2,1,1
GENE-1188,NO,0.7,0.3,1,2.799,1.5,2.44,0.61,5.4e-01,1.0e+00,0.9999,862,0,0,1,0,2,1
GENE-1190,NO,0.7,0.7,0.7,1.001,0,2.22,0,1.0e+00,1.0e+00,0.9999,863,1,0,1,1,1,0
GENE-1191,NO,25.3,20.1,30.5,1.512,0.6,0.39,1.51,1.3e-01,1.0e+00,0.9999,864,19.8,23.7,16.9,30.7,29.8,30.9
GENE-1203,NO,146.8,169.1,124.4,0.736,-0.4,0.3,-1.46,1.4e-01,1.0e+00,0.9999,865,223.2,149.3,134.9,119.8,104.2,149.3
GENE-1208,NO,27.3,26.4,28.1,1.065,0.1,0.38,0.24,8.1e-01,1.0e+00,0.9999,866,23.8,25.7,29.8,28.7,23.8,31.9
GENE-1210,NO,0.8,1.3,0.3,0.269,-1.9,2.32,-0.82,4.1e-01,1.0e+00,0.9999,867,1,0,3,0,1,0
GENE-1212,NO,3.8,3.7,4,1.092,0.1,1.01,0.13,9.0e-01,1.0e+00,0.9999,868,4,4,3,7.9,3,1
GENE-1215,NO,0.8,1.3,0.3,0.269,-1.9,2.06,-0.92,3.6e-01,1.0e+00,0.9999,869,1,1,2,0,1,0
GENE-1216,NO,486.6,502.7,470.4,0.936,-0.1,0.33,-0.29,7.7e-01,1.0e+00,0.9999,870,637.7,430,440.4,671.5,325.6,414.1
GENE-1219,NO,344.3,315.1,373.4,1.185,0.2,0.36,0.68,5.0e-01,1.0e+00,0.9999,871,299.5,250.1,395.7,229.8,549,341.5
GENE-1223,NO,131.2,121.5,141,1.16,0.2,0.23,0.92,3.6e-01,1.0e+00,0.9999,872,115.1,128.5,121,155.5,140,127.4
GENE-1225,NO,531.6,507.1,556,1.096,0.1,0.29,0.46,6.5e-01,1.0e+00,0.9999,873,436.4,593.1,491.9,449.7,761.4,456.9
GENE-1229,NO,35.2,37.3,33.1,0.887,-0.2,0.37,-0.47,6.4e-01,1.0e+00,0.9999,874,29.8,45.5,36.7,40.6,29.8,28.9
GENE-1232,NO,1.8,1.7,2,1.204,0.3,1.46,0.18,8.5e-01,1.0e+00,0.9999,875,3,2,0,1,1,4
GENE-1236,NO,167.3,138.7,195.8,1.412,0.5,0.35,1.41,1.6e-01,1.0e+00,0.9999,876,180.5,110.7,125,251.6,214.4,121.5
GENE-1237,NO,2970,3030,2910,0.96,-0.1,0.18,-0.32,7.5e-01,1.0e+00,0.9999,877,2761.3,3291.9,3036.9,2871.3,3162.7,2695.9
GENE-1240,NO,9.4,8.9,9.9,1.113,0.2,0.66,0.23,8.1e-01,1.0e+00,0.9999,878,12.9,8.9,5,10.9,12.9,6
GENE-1243,NO,14.4,15.2,13.6,0.893,-0.2,0.53,-0.3,7.6e-01,1.0e+00,0.9999,879,21.8,13.8,9.9,11.9,15.9,12.9
GENE-1246,NO,1,1,1,1.002,0,1.93,0,1.0e+00,1.0e+00,0.9999,880,0,2,1,1,2,0
GENE-1248,NO,33.6,28.4,38.8,1.364,0.4,0.46,0.97,3.3e-01,1.0e+00,0.9999,881,20.8,26.7,37.7,21.8,39.7,54.8
GENE-1254,NO,4.6,4,5.3,1.335,0.4,0.99,0.42,6.7e-01,1.0e+00,0.9999,882,6.9,4,1,9.9,3,3
GENE-1255,NO,8.9,11.6,6.3,0.544,-0.9,0.89,-0.99,3.2e-01,1.0e+00,0.9999,883,6.9,2,25.8,5,6,8
GENE-1263,NO,24,18.5,29.4,1.594,0.7,0.69,0.97,3.3e-01,1.0e+00,0.9999,884,10.9,38.6,6,31.7,41.7,14.9
GENE-1266,NO,249.5,229.9,269,1.17,0.2,0.26,0.86,3.9e-01,1.0e+00,0.9999,885,269.8,174,246,287.2,293.8,226
GENE-1268,NO,36.1,33.7,38.4,1.14,0.2,0.43,0.44,6.6e-01,1.0e+00,0.9999,886,34.7,25.7,40.7,21.8,48.6,44.8
GENE-1275,NO,147.5,139.1,155.9,1.121,0.2,0.26,0.64,5.2e-01,1.0e+00,0.9999,887,160.7,108.7,147.8,144.6,150.9,172.2
GENE-1282,NO,100.8,91.8,109.9,1.197,0.3,0.25,1.04,3.0e-01,1.0e+00,0.9999,888,78.4,97.9,99.2,105,111.2,113.5
GENE-1285,NO,3.3,3,3.7,1.224,0.3,1.2,0.24,8.1e-01,1.0e+00,0.9999,889,0,4,5,5,5,1
GENE-1287,NO,37.9,39.6,36,0.91,-0.1,0.34,-0.4,6.9e-01,1.0e+00,0.9999,890,45.6,37.6,35.7,37.6,35.7,34.8
GENE-1294,NO,0.7,1,0.3,0.359,-1.5,2.44,-0.61,5.5e-01,1.0e+00,0.9999,891,2,1,0,0,0,1
GENE-1300,NO,0.8,0.7,1,1.503,0.6,2.07,0.28,7.8e-01,1.0e+00,0.9999,892,1,1,0,1,2,0
GENE-1303,NO,56.4,54.2,58.6,1.081,0.1,0.29,0.38,7.0e-01,1.0e+00,0.9999,893,62.5,50.4,49.6,62.4,57.6,55.7
GENE-1312,NO,975.2,947.4,1003,1.059,0.1,0.25,0.32,7.5e-01,1.0e+00,0.9999,894,1139.6,1003.4,699.2,1113.3,1007.6,888
GENE-1313,NO,2.1,3.3,1,0.301,-1.7,1.37,-1.26,2.1e-01,1.0e+00,0.9999,895,3,4.9,2,2,1,0
GENE-1316,NO,2893.7,3208.3,2579.1,0.804,-0.3,0.53,-0.6,5.5e-01,1.0e+00,0.9999,896,4278.8,2024.6,3321.5,722,3925.1,3090.1
GENE-1317,NO,23.6,24.4,22.8,0.934,-0.1,0.4,-0.25,8.1e-01,1.0e+00,0.9999,897,21.8,24.7,26.8,23.8,20.8,23.9
GENE-1318,NO,36.5,39.3,33.8,0.859,-0.2,0.33,-0.66,5.1e-01,1.0e+00,0.9999,898,41.7,37.6,38.7,35.7,33.8,31.9
GENE-1321,NO,439.4,443.8,434.9,0.98,0,0.19,-0.16,8.8e-01,1.0e+00,0.9999,899,477.1,457.7,396.7,436.8,420.9,447
GENE-1322,NO,2,2,2,1.002,0,1.39,0,1.0e+00,1.0e+00,0.9999,900,1,2,3,4,0,2
GENE-1325,NO,1698.3,1713.9,1682.8,0.982,0,0.19,-0.14,8.9e-01,1.0e+00,0.9999,901,1740.7,1737.9,1663.2,1742.2,1430.5,1875.6
GENE-1327,NO,3.3,3,3.7,1.226,0.3,1.65,0.18,8.6e-01,1.0e+00,0.9999,902,7.9,0,1,1,0,10
GENE-1328,NO,9.4,8.9,9.9,1.113,0.2,0.65,0.24,8.1e-01,1.0e+00,0.9999,903,9.9,6.9,9.9,10.9,13.9,5
GENE-1332,NO,666.2,682,650.5,0.954,-0.1,0.22,-0.31,7.6e-01,1.0e+00,0.9999,904,722.1,663.3,660.5,796.3,588.7,566.5
GENE-1333,NO,57.3,61.1,53.6,0.877,-0.2,0.35,-0.54,5.9e-01,1.0e+00,0.9999,905,48.6,62.3,72.4,62.4,61.5,36.8
GENE-1338,NO,1.3,0.7,2,3.004,1.6,1.78,0.89,3.7e-01,1.0e+00,0.9999,906,2,0,0,2,3,1
GENE-1343,NO,24.5,25.4,23.5,0.924,-0.1,0.42,-0.27,7.9e-01,1.0e+00,0.9999,907,20.8,20.8,34.7,21.8,23.8,24.9
GENE-1345,NO,226.6,66.1,387,5.853,2.5,2.13,1.2,2.3e-01,1.0e+00,0.9999,908,0,4.9,193.4,106,789.2,265.8
GENE-1346,NO,0.7,0.3,1,2.799,1.5,2.44,0.61,5.4e-01,1.0e+00,0.9999,909,1,0,0,0,2,1
GENE-1349,NO,4.1,3.3,5,1.503,0.6,0.99,0.59,5.5e-01,1.0e+00,0.9999,910,6,3,1,5.9,2,7
GENE-1353,NO,233.2,220.6,245.8,1.114,0.2,0.23,0.67,5.0e-01,1.0e+00,0.9999,911,234.1,191.8,236,275.3,254.1,208.1
GENE-1354,NO,619.5,549.8,689.2,1.254,0.3,0.21,1.56,1.2e-01,1.0e+00,0.9999,912,552.5,616.9,480,642.8,646.2,778.5
GENE-1361,NO,21.7,20.5,22.8,1.115,0.2,0.43,0.36,7.2e-01,1.0e+00,0.9999,913,21.8,21.7,17.9,18.8,29.8,19.9
GENE-1365,NO,4.8,4.6,5,1.075,0.1,0.95,0.11,9.1e-01,1.0e+00,0.9999,914,5,7.9,1,4,3,8
GENE-1367,NO,25.3,25.1,25.5,1.015,0,0.44,0.05,9.6e-01,1.0e+00,0.9999,915,24.8,16.8,33.7,19.8,28.8,27.9
GENE-1368,NO,5.3,4.3,6.3,1.466,0.6,1.17,0.47,6.4e-01,1.0e+00,0.9999,916,0,2,10.9,3,4,11.9
GENE-1377,NO,573.6,614.4,532.9,0.867,-0.2,0.33,-0.62,5.4e-01,1.0e+00,0.9999,917,934.3,462.6,446.3,492.2,584.7,521.7
GENE-1380,NO,0.7,1.3,0,0.138,-2.9,2.71,-1.05,2.9e-01,1.0e+00,0.9999,918,2,2,0,0,0,0
GENE-1384,NO,39.3,41.3,37.4,0.906,-0.1,0.45,-0.32,7.5e-01,1.0e+00,0.9999,919,29.8,32.6,61.5,48.5,22.8,40.8
GENE-1390,NO,0.7,0.7,0.7,1.002,0,2.22,0,1.0e+00,1.0e+00,0.9999,920,0,1,1,1,1,0
GENE-1391,NO,5.1,4.3,6,1.387,0.5,0.83,0.57,5.7e-01,1.0e+00,0.9999,921,6.9,2,4,6.9,6,5
GENE-1392,NO,8.1,7.3,8.9,1.23,0.3,0.82,0.37,7.1e-01,1.0e+00,0.9999,922,13.9,6.9,1,7.9,9.9,9
GENE-1393,NO,2.3,2.3,2.3,1.003,0,1.3,0,1.0e+00,1.0e+00,0.9999,923,3,3,1,3,0,4
GENE-1395,YES,7.9,10.3,5.7,0.55,-0.9,0.7,-1.23,2.2e-01,1.0e+00,0.9999,924,6,11.9,12.9,5,4,8
GENE-1398,NO,2488.2,2594.1,2382.4,0.918,-0.1,0.25,-0.48,6.3e-01,1.0e+00,0.9999,925,2535.1,3169.3,2077.8,2333.5,1972.5,2841.2
GENE-1399,NO,722.3,848.5,596,0.702,-0.5,0.3,-1.68,9.2e-02,1.0e+00,0.9999,926,1016.6,707.8,821.2,504.1,453.7,830.3
GENE-1400,NO,5051.9,5357.2,4746.7,0.886,-0.2,0.21,-0.85,3.9e-01,1.0e+00,0.9999,927,4973.1,5068.4,6030.1,5535.6,4331.1,4373.3
GENE-1401,NO,58.7,63,54.3,0.861,-0.2,0.34,-0.64,5.2e-01,1.0e+00,0.9999,928,67.4,76.1,45.6,58.4,43.7,60.7
GENE-1407,NO,3.5,4,3,0.752,-0.4,1,-0.41,6.8e-01,1.0e+00,0.9999,929,4,3,5,1,5,3
GENE-1408,NO,34,33,35.1,1.062,0.1,0.39,0.22,8.3e-01,1.0e+00,0.9999,930,42.6,33.6,22.8,34.7,41.7,28.9
GENE-1414,NO,35,35.3,34.7,0.984,0,0.69,-0.03,9.7e-01,1.0e+00,0.9999,931,6.9,69.2,29.8,48.5,18.9,36.8
GENE-1421,NO,18.3,20.8,15.9,0.764,-0.4,0.53,-0.73,4.6e-01,1.0e+00,0.9999,932,14.9,31.6,15.9,14.9,21.8,11
GENE-1428,NO,283.1,302.9,263.3,0.87,-0.2,0.4,-0.5,6.2e-01,1.0e+00,0.9999,933,233.1,286.7,388.8,396.2,136,257.8
GENE-1431,NO,11.1,10.6,11.6,1.096,0.1,0.55,0.24,8.1e-01,1.0e+00,0.9999,934,9.9,10.9,10.9,11.9,10.9,11.9
GENE-1432,NO,95,98.1,92,0.938,-0.1,0.73,-0.13,9.0e-01,1.0e+00,0.9999,935,56.5,76.1,161.7,29.7,218.4,27.9
GENE-1440,NO,60.7,65.4,55.9,0.855,-0.2,0.3,-0.74,4.6e-01,1.0e+00,0.9999,936,69.4,51.4,75.4,60.4,53.6,53.8
GENE-1445,NO,6.9,7.9,5.9,0.751,-0.4,0.72,-0.58,5.6e-01,1.0e+00,0.9999,937,11.9,5.9,6,5.9,6.9,5
GENE-1447,NO,44.4,60.8,28.1,0.463,-1.1,0.72,-1.55,1.2e-01,1.0e+00,0.9999,938,107.1,64.3,10.9,38.6,10.9,34.8
GENE-1454,NO,1622.2,1783.4,1461,0.819,-0.3,0.18,-1.61,1.1e-01,1.0e+00,0.9999,939,1711.9,1738.9,1899.3,1484.7,1315.3,1582.9
GENE-1455,NO,0.8,1.3,0.3,0.27,-1.9,2.72,-0.7,4.9e-01,1.0e+00,0.9999,940,0,4,0,0,0,1
GENE-1456,NO,12.7,11.9,13.6,1.142,0.2,0.59,0.32,7.5e-01,1.0e+00,0.9999,941,6.9,17.8,10.9,9.9,18.9,11.9
GENE-1458,NO,124.1,126.2,122.1,0.968,0,0.23,-0.2,8.4e-01,1.0e+00,0.9999,942,138.9,122.6,117,124.8,116.1,125.4
GENE-1463,NO,5,3.6,6.3,1.731,0.8,0.87,0.91,3.6e-01,1.0e+00,0.9999,943,1,4.9,5,6.9,6.9,5
GENE-1464,NO,299.4,239.6,359.2,1.5,0.6,0.42,1.4,1.6e-01,1.0e+00,0.9999,944,250.9,112.7,355.1,316.9,284.9,475.9
GENE-1465,NO,2686.1,2634.2,2738.1,1.039,0.1,0.47,0.12,9.0e-01,1.0e+00,0.9999,945,2675,4029.4,1198.1,3252.6,3519.1,1442.5
GENE-1468,NO,172.8,166.1,179.4,1.08,0.1,0.26,0.43,6.7e-01,1.0e+00,0.9999,946,189.4,133.5,175.5,160.5,208.5,169.2
GENE-1469,NO,54.1,47.6,60.6,1.274,0.3,0.32,1.1,2.7e-01,1.0e+00,0.9999,947,50.6,39.5,52.6,53.5,55.6,72.7
GENE-1472,YES,4.3,5,3.7,0.735,-0.4,0.93,-0.48,6.3e-01,1.0e+00,0.9999,948,5,2,7.9,4,2,5
GENE-1477,NO,1.3,1,1.7,1.671,0.7,1.59,0.47,6.4e-01,1.0e+00,0.9999,949,0,2,1,2,1,2
GENE-1480,NO,51.7,51.8,51.6,0.996,0,0.3,-0.02,9.8e-01,1.0e+00,0.9999,950,46.6,57.3,51.6,48.5,58.6,47.8
GENE-1486,NO,5.3,3.3,7.3,2.204,1.1,0.84,1.37,1.7e-01,1.0e+00,0.9999,951,4,3,3,9.9,4,8
GENE-1487,NO,0.8,1,0.7,0.667,-0.6,2.3,-0.25,8.0e-01,1.0e+00,0.9999,952,0,1,2,2,0,0
GENE-1490,NO,1.8,1.7,2,1.203,0.3,1.33,0.2,8.4e-01,1.0e+00,0.9999,953,1,3,1,3,2,1
GENE-1493,NO,4.8,5.3,4.3,0.813,-0.3,0.96,-0.31,7.6e-01,1.0e+00,0.9999,954,6.9,1,7.9,5.9,5,2
GENE-1495,NO,1.8,2,1.7,0.837,-0.3,1.65,-0.16,8.8e-01,1.0e+00,0.9999,955,1,4.9,0,0,2,3
GENE-1496,NO,110.9,106,115.8,1.093,0.1,0.24,0.53,5.9e-01,1.0e+00,0.9999,956,119,101.8,97.2,111.9,117.1,118.5
GENE-1497,NO,115.4,102.3,128.5,1.255,0.3,0.3,1.1,2.7e-01,1.0e+00,0.9999,957,99.2,125.5,82.3,103,125.1,157.3
GENE-1498,NO,55,59.7,50.3,0.842,-0.2,0.44,-0.57,5.7e-01,1.0e+00,0.9999,958,57.5,88,33.7,57.4,32.8,60.7
GENE-1499,NO,42.3,37.3,47.3,1.268,0.3,0.34,1.01,3.1e-01,1.0e+00,0.9999,959,47.6,33.6,30.7,49.5,44.7,47.8
GENE-1500,NO,238.3,278.7,197.9,0.71,-0.5,0.46,-1.07,2.8e-01,1.0e+00,0.9999,960,155.7,329.2,351.1,159.5,326.6,107.5
GENE-1502,NO,2219.9,2319.9,2119.9,0.914,-0.1,0.22,-0.58,5.6e-01,1.0e+00,0.9999,961,1973.8,2430.9,2554.9,2024.5,2506.5,1828.8
GENE-1505,NO,369.3,437.4,301.1,0.688,-0.5,0.33,-1.62,1.0e-01,1.0e+00,0.9999,962,470.1,577.3,264.8,345.7,314.7,242.9
GENE-1516,NO,6.3,6.6,6,0.902,-0.1,0.71,-0.21,8.3e-01,1.0e+00,0.9999,963,6.9,5.9,6.9,5.9,6,6
GENE-1517,NO,43.3,45.9,40.7,0.887,-0.2,0.34,-0.51,6.1e-01,1.0e+00,0.9999,964,39.7,54.4,43.6,33.7,46.7,41.8
GENE-1529,NO,560,571,549.1,0.962,-0.1,0.17,-0.33,7.4e-01,1.0e+00,0.9999,965,554.4,588.2,570.3,548.7,543,555.5
GENE-1530,NO,690.5,652.9,728.2,1.115,0.2,0.19,0.83,4.1e-01,1.0e+00,0.9999,966,592.1,656.4,710.1,661.6,760.4,762.6
GENE-1539,NO,236,357.4,114.7,0.321,-1.6,0.99,-1.66,9.8e-02,1.0e+00,0.9999,967,515.8,304.5,251.9,49.5,24.8,269.8
GENE-1542,NO,329.9,340.5,319.3,0.938,-0.1,0.32,-0.29,7.7e-01,1.0e+00,0.9999,968,237,296.6,488,377.4,272,308.6
GENE-1546,NO,140.1,144,136.2,0.946,-0.1,0.51,-0.16,8.7e-01,1.0e+00,0.9999,969,99.2,159.2,173.6,105,55.6,247.9
GENE-1553,NO,359.4,362.3,356.5,0.984,0,0.19,-0.12,9.0e-01,1.0e+00,0.9999,970,379.9,352.9,354.1,320.9,367.3,381.3
GENE-1555,NO,18,15.2,20.8,1.372,0.5,0.47,0.97,3.3e-01,1.0e+00,0.9999,971,16.9,17.8,10.9,23.8,21.8,16.9
GENE-1558,NO,1313.6,1343.5,1283.7,0.956,-0.1,0.24,-0.27,7.8e-01,1.0e+00,0.9999,972,1296.3,1253.5,1480.8,1622.3,1054.2,1174.7
GENE-1559,NO,6.3,5.6,6.9,1.238,0.3,0.73,0.42,6.8e-01,1.0e+00,0.9999,973,4,6.9,6,8.9,6.9,5
GENE-1560,NO,710.6,675,746.1,1.105,0.1,0.19,0.78,4.4e-01,1.0e+00,0.9999,974,652.6,684.1,688.3,671.5,737.6,829.3
GENE-1564,NO,10.4,7.3,13.5,1.867,0.9,0.66,1.37,1.7e-01,1.0e+00,0.9999,975,10.9,3,7.9,17.8,9.9,12.9
GENE-1566,NO,606.4,587.2,625.6,1.065,0.1,0.27,0.34,7.3e-01,1.0e+00,0.9999,976,634.8,551.6,575.2,801.3,629.4,446
GENE-1568,NO,5.8,5.3,6.3,1.189,0.3,0.77,0.33,7.4e-01,1.0e+00,0.9999,977,6.9,4,5,7.9,6.9,4
GENE-1572,NO,159.2,151.9,166.5,1.096,0.1,0.3,0.45,6.5e-01,1.0e+00,0.9999,978,109.1,162.1,184.5,146.6,201.5,151.3
GENE-1580,NO,103.8,106.4,101.3,0.952,-0.1,0.28,-0.26,8.0e-01,1.0e+00,0.9999,979,90.3,96.9,131.9,108,107.2,88.6
GENE-1589,NO,269.2,282.1,256.4,0.909,-0.1,0.25,-0.55,5.8e-01,1.0e+00,0.9999,980,270.8,255.1,320.4,296.1,275,198.1
GENE-1592,NO,1.7,0.7,2.7,4.012,2,1.65,1.21,2.3e-01,1.0e+00,0.9999,981,0,2,0,2,4,2
GENE-1593,NO,90.1,103,77.1,0.749,-0.4,0.3,-1.37,1.7e-01,1.0e+00,0.9999,982,79.3,106.8,123,80.2,61.5,89.6
GENE-1601,NO,4315.5,4489.3,4141.7,0.923,-0.1,0.16,-0.71,4.8e-01,1.0e+00,0.9999,983,4363.1,4845,4259.8,4147,4000.5,4277.7
GENE-1603,NO,61.5,64,58.9,0.919,-0.1,0.3,-0.4,6.9e-01,1.0e+00,0.9999,984,69.4,65.2,57.5,54.5,72.5,49.8
GENE-1604,NO,273.7,281.4,266.1,0.946,-0.1,0.19,-0.42,6.8e-01,1.0e+00,0.9999,985,263.8,289.7,290.6,281.3,263.1,253.9
GENE-1607,NO,208.5,199.5,217.5,1.09,0.1,0.23,0.55,5.8e-01,1.0e+00,0.9999,986,186.5,214.5,197.4,185.2,247.2,220
GENE-1608,NO,0.7,0.7,0.7,1.003,0,2.22,0,1.0e+00,1.0e+00,0.9999,987,0,1,1,1,0,1
GENE-1610,NO,294.7,271.1,318.3,1.174,0.2,0.27,0.87,3.8e-01,1.0e+00,0.9999,988,202.3,295.6,315.4,372.4,305.7,276.8
GENE-1612,NO,2761.5,2359.2,3163.8,1.341,0.4,0.25,1.67,9.6e-02,1.0e+00,0.9999,989,2476.6,2416.1,2184.9,2702.9,4194.1,2594.3
GENE-1614,NO,24,23.8,24.1,1.015,0,0.5,0.04,9.6e-01,1.0e+00,0.9999,990,33.7,19.8,17.9,36.6,17.9,17.9
GENE-1617,NO,1,0.3,1.7,4.666,2.2,2.17,1.02,3.1e-01,1.0e+00,0.9999,991,1,0,0,0,3,2
GENE-1619,NO,1.8,1.7,2,1.204,0.3,1.52,0.18,8.6e-01,1.0e+00,0.9999,992,1,3,1,0,5,1
GENE-1622,NO,396.4,365.9,426.8,1.166,0.2,0.22,1.02,3.1e-01,1.0e+00,0.9999,993,362,350.9,384.8,464.5,468.5,347.4
GENE-1624,NO,21.1,21.1,21.1,1.002,0,0.48,0.01,1.0e+00,1.0e+00,0.9999,994,14.9,26.7,21.8,27.7,22.8,12.9
GENE-1629,NO,40.3,38.7,42,1.088,0.1,0.41,0.29,7.7e-01,1.0e+00,0.9999,995,40.7,24.7,50.6,30.7,54.6,40.8
GENE-1632,NO,27.3,27.7,26.8,0.966,-0.1,0.49,-0.1,9.2e-01,1.0e+00,0.9999,996,22.8,32.6,27.8,42.6,23.8,13.9
GENE-1634,NO,7.1,6,8.3,1.391,0.5,0.78,0.61,5.4e-01,1.0e+00,0.9999,997,9.9,2,6,11.9,6,7
GENE-1636,NO,873.3,909.2,837.5,0.921,-0.1,0.22,-0.54,5.9e-01,1.0e+00,0.9999,998,929.3,891.7,906.5,836.9,673,1002.5
GENE-1641,NO,0.8,0,1.7,9.088,3.2,2.53,1.26,2.1e-01,1.0e+00,0.9999,999,0,0,0,0,3,2
GENE-1644,NO,541.1,479.1,603.1,1.259,0.3,0.34,0.98,3.3e-01,1.0e+00,0.9999,1000,561.4,576.3,299.5,644.8,424.9,739.7
GENE-1649,NO,5736.1,5664.4,5807.9,1.025,0,0.19,0.19,8.5e-01,1.0e+00,0.9999,1001,5158.5,5599.2,6235.4,6392.3,5266.2,5765.1
GENE-1653,NO,279.4,327.8,230.9,0.704,-0.5,0.48,-1.05,3.0e-01,1.0e+00,0.9999,1002,437.4,116.7,429.4,319.9,160.8,212
GENE-1654,NO,120,129.8,110.2,0.849,-0.2,0.28,-0.85,4.0e-01,1.0e+00,0.9999,1003,132.9,155.2,101.2,112.9,123.1,94.6
GENE-1660,NO,11.9,11.9,11.9,1.002,0,0.56,0.01,1.0e+00,1.0e+00,0.9999,1004,8.9,10.9,15.9,8.9,11.9,14.9
GENE-1666,NO,36.7,42.6,30.8,0.723,-0.5,0.52,-0.89,3.7e-01,1.0e+00,0.9999,1005,18.8,61.3,47.6,16.8,39.7,35.8
GENE-1670,NO,225.8,212.1,239.6,1.13,0.2,0.28,0.62,5.3e-01,1.0e+00,0.9999,1006,185.5,170,280.7,274.4,235.3,209.1
GENE-1682,NO,3297,3213.5,3380.5,1.052,0.1,0.17,0.42,6.7e-01,1.0e+00,0.9999,1007,3261.2,3022,3357.2,3199.1,3214.3,3728.2
GENE-1683,NO,879.6,839.5,919.7,1.096,0.1,0.22,0.59,5.6e-01,1.0e+00,0.9999,1008,887.7,813.6,817.2,755.7,881.5,1121.9
GENE-1684,NO,2494.2,2589,2399.3,0.927,-0.1,0.21,-0.52,6.1e-01,1.0e+00,0.9999,1009,2064,2971.6,2731.4,2469.2,2424.1,2304.6
GENE-1685,NO,654.2,644.6,663.9,1.03,0,0.18,0.23,8.1e-01,1.0e+00,0.9999,1010,609,667.3,657.6,713.1,607.5,671
GENE-1687,NO,1,1,1,1.003,0,1.93,0,1.0e+00,1.0e+00,0.9999,1011,0,2,1,0,2,1
GENE-1688,NO,4.6,6,3.3,0.557,-0.8,0.89,-0.94,3.5e-01,1.0e+00,0.9999,1012,5,9.9,3,3,3,4
GENE-1689,NO,1.3,2,0.7,0.334,-1.6,1.67,-0.95,3.4e-01,1.0e+00,0.9999,1013,1,2,3,1,1,0
GENE-1695,NO,171.2,158.5,184,1.16,0.2,0.27,0.79,4.3e-01,1.0e+00,0.9999,1014,134.9,146.3,194.4,201.1,203.5,147.3
GENE-1701,NO,13.4,12.2,14.6,1.192,0.3,0.61,0.42,6.8e-01,1.0e+00,0.9999,1015,5,18.8,12.9,12.9,18.9,11.9
GENE-1709,NO,336.4,271.7,401.1,1.476,0.6,1.09,0.52,6.0e-01,1.0e+00,0.9999,1016,116,73.2,625.8,385.3,118.1,699.8
GENE-1725,NO,9.4,9.6,9.3,0.968,0,0.7,-0.07,9.5e-01,1.0e+00,0.9999,1017,5,9.9,13.9,4,11.9,11.9
GENE-1726,NO,290.2,304.8,275.7,0.904,-0.1,0.22,-0.66,5.1e-01,1.0e+00,0.9999,1018,322.3,297.6,294.6,274.4,318.7,233.9
GENE-1732,YES,3.3,3.3,3.3,1.003,0,1.01,0,1.0e+00,1.0e+00,0.9999,1019,4,3,3,2,2,6
GENE-1733,NO,10.6,11.9,9.3,0.779,-0.4,0.79,-0.46,6.5e-01,1.0e+00,0.9999,1020,7.9,12.9,14.9,15.8,1,11
GENE-1737,NO,71.6,74,69.2,0.936,-0.1,0.41,-0.23,8.2e-01,1.0e+00,0.9999,1021,100.2,67.2,54.5,49.5,52.6,105.5
GENE-1742,NO,297.5,240,355.1,1.479,0.6,0.37,1.53,1.3e-01,1.0e+00,0.9999,1022,156.7,319.3,244,294.2,511.2,259.8
GENE-1748,NO,22.6,22.1,23.2,1.047,0.1,0.42,0.16,8.8e-01,1.0e+00,0.9999,1023,27.8,18.8,19.8,26.7,19.9,22.9
GENE-1752,NO,8.6,7.3,9.9,1.366,0.5,0.72,0.63,5.3e-01,1.0e+00,0.9999,1024,7.9,10.9,3,14.9,7.9,7
GENE-1754,NO,47.8,45.3,50.3,1.111,0.2,0.59,0.26,8.0e-01,1.0e+00,0.9999,1025,89.3,28.7,17.9,47.5,71.5,31.9
GENE-1755,YES,1.8,1.7,2,1.202,0.3,1.43,0.19,8.5e-01,1.0e+00,0.9999,1026,2,1,2,2,4,0
GENE-1758,NO,1000,953.5,1046.5,1.098,0.1,0.18,0.74,4.6e-01,1.0e+00,0.9999,1027,897.6,891.7,1071.1,1043.9,1029.4,1066.2
GENE-1761,NO,399.9,418.5,381.3,0.911,-0.1,0.21,-0.65,5.2e-01,1.0e+00,0.9999,1028,475.1,358.8,421.5,372.4,374.2,397.2
GENE-1764,NO,267.6,272.4,262.8,0.965,-0.1,0.19,-0.27,7.9e-01,1.0e+00,0.9999,1029,268.8,273.8,274.7,246.6,262.1,279.7
GENE-1765,NO,108.4,104.7,112.2,1.072,0.1,0.24,0.41,6.8e-01,1.0e+00,0.9999,1030,116,102.8,95.2,109.9,104.2,122.4
GENE-1769,NO,89.9,93.5,86.4,0.924,-0.1,0.25,-0.46,6.5e-01,1.0e+00,0.9999,1031,96.2,86,98.2,85.2,88.3,85.6
GENE-1775,NO,66.6,65.4,67.8,1.037,0.1,0.3,0.18,8.6e-01,1.0e+00,0.9999,1032,68.4,59.3,68.4,73.3,77.4,52.8
GENE-1777,NO,46.5,41.3,51.6,1.251,0.3,0.35,0.93,3.5e-01,1.0e+00,0.9999,1033,36.7,49.4,37.7,38.6,62.5,53.8
GENE-1778,NO,7.8,5.9,9.6,1.616,0.7,0.73,0.95,3.4e-01,1.0e+00,0.9999,1034,3,6.9,7.9,6.9,6.9,14.9
GENE-1779,NO,24.1,20.1,28.1,1.397,0.5,0.4,1.19,2.3e-01,1.0e+00,0.9999,1035,17.9,22.7,19.8,30.7,23.8,29.9
GENE-1781,NO,2192.8,2329.8,2055.8,0.882,-0.2,0.32,-0.57,5.7e-01,1.0e+00,0.9999,1036,2527.2,2418,2044.1,2752.4,1228.9,2186.2
GENE-1788,NO,2.5,2,3,1.504,0.6,1.16,0.51,6.1e-01,1.0e+00,0.9999,1037,1,3,2,2,5,2
GENE-1791,NO,6.1,6.6,5.6,0.851,-0.2,0.75,-0.31,7.6e-01,1.0e+00,0.9999,1038,6,4.9,8.9,7.9,4,5
GENE-1792,NO,0.7,1,0.3,0.359,-1.5,2.2,-0.67,5.0e-01,1.0e+00,0.9999,1039,1,1,1,0,0,1
GENE-1803,NO,19.5,21.8,17.2,0.789,-0.3,0.46,-0.75,4.6e-01,1.0e+00,0.9999,1040,27.8,19.8,17.9,20.8,13.9,16.9
GENE-1804,NO,140.3,145,135.7,0.936,-0.1,0.25,-0.38,7.0e-01,1.0e+00,0.9999,1041,144.8,155.2,134.9,128.8,116.1,162.3
GENE-1814,NO,212.2,230.9,193.6,0.839,-0.3,0.25,-1.02,3.1e-01,1.0e+00,0.9999,1042,248,220.5,224.1,159.5,241.2,180.2
GENE-1819,NO,16.2,17.8,14.6,0.817,-0.3,0.5,-0.59,5.6e-01,1.0e+00,0.9999,1043,12.9,17.8,22.8,13.9,17.9,11.9
GENE-1820,NO,872.5,1022,723,0.707,-0.5,0.35,-1.44,1.5e-01,1.0e+00,0.9999,1044,583.2,1127,1355.8,551.7,803.1,814.3
GENE-1821,NO,1.5,1,2,2.004,1,1.51,0.66,5.1e-01,1.0e+00,0.9999,1045,0,1,2,2,2,2
GENE-1825,NO,6.4,5.3,7.6,1.441,0.5,0.73,0.72,4.7e-01,1.0e+00,0.9999,1046,5,5.9,5,9.9,5,8
GENE-1828,NO,595.1,528,662.3,1.254,0.3,0.29,1.11,2.7e-01,1.0e+00,0.9999,1047,437.4,601,545.5,480.4,612.5,894
GENE-1829,NO,114.4,107.3,121.4,1.131,0.2,0.26,0.67,5.0e-01,1.0e+00,0.9999,1048,118,105.8,98.2,147.6,104.2,112.5
GENE-1830,NO,2.3,2.3,2.3,1.002,0,1.27,0,1.0e+00,1.0e+00,0.9999,1049,0,4,3,3,2,2
GENE-1834,NO,84.2,93.4,74.9,0.801,-0.3,0.38,-0.84,4.0e-01,1.0e+00,0.9999,1050,92.2,93.9,94.2,64.4,44.7,115.5
GENE-1835,NO,6.8,5.6,8,1.414,0.5,0.73,0.69,4.9e-01,1.0e+00,0.9999,1051,6,4,6.9,10.9,5,8
GENE-1841,NO,22.8,18.8,26.8,1.424,0.5,0.6,0.85,3.9e-01,1.0e+00,0.9999,1052,35.7,6.9,13.9,24.8,21.8,33.8
GENE-1843,NO,75.9,74.7,77.1,1.032,0,0.39,0.12,9.1e-01,1.0e+00,0.9999,1053,69.4,52.4,102.2,110.9,58.6,61.7
GENE-1846,NO,3.1,2.7,3.7,1.378,0.5,1.05,0.44,6.6e-01,1.0e+00,0.9999,1054,5,2,1,4,3,4
GENE-1847,NO,629.5,593.3,665.6,1.122,0.2,0.27,0.62,5.3e-01,1.0e+00,0.9999,1055,752.8,444.9,582.2,575.4,760.4,661
GENE-1850,NO,1.5,1,2,2.003,1,1.54,0.65,5.2e-01,1.0e+00,0.9999,1056,0,1,2,3,2,1
GENE-1851,NO,26.8,28.4,25.2,0.886,-0.2,0.4,-0.44,6.6e-01,1.0e+00,0.9999,1057,25.8,33.6,25.8,28.7,19.9,26.9
GENE-1853,NO,222.3,233.8,210.8,0.902,-0.1,0.2,-0.74,4.6e-01,1.0e+00,0.9999,1058,247,236.3,218.2,219.9,203.5,209.1
GENE-1857,NO,1509.5,1402.1,1616.9,1.153,0.2,0.23,0.91,3.6e-01,1.0e+00,0.9999,1059,1256.7,1227.8,1721.8,1439.1,1758,1653.6
GENE-1859,NO,0.8,1,0.7,0.667,-0.6,2.35,-0.25,8.0e-01,1.0e+00,0.9999,1060,0,0,3,1,1,0
GENE-1864,NO,288.6,277,300.2,1.083,0.1,0.21,0.56,5.7e-01,1.0e+00,0.9999,1061,251.9,312.4,266.8,296.1,318.7,285.7
GENE-1865,NO,1.3,1,1.7,1.672,0.7,1.59,0.47,6.4e-01,1.0e+00,0.9999,1062,0,2,1,1,2,2
GENE-1866,NO,64.3,65.4,63.2,0.967,0,0.29,-0.17,8.7e-01,1.0e+00,0.9999,1063,70.4,66.2,59.5,51.5,65.5,72.7
GENE-1867,NO,103.2,86.2,120.2,1.394,0.5,0.3,1.59,1.1e-01,1.0e+00,0.9999,1064,85.3,101.8,71.4,97.1,152.9,110.5
GENE-1874,NO,306.5,307.1,305.8,0.996,0,0.19,-0.03,9.7e-01,1.0e+00,0.9999,1065,312.4,290.6,318.4,316.9,296.8,303.6
GENE-1877,NO,21,14.8,27.1,1.827,0.9,0.62,1.4,1.6e-01,1.0e+00,0.9999,1066,18.8,15.8,9.9,7.9,39.7,33.8
GENE-1878,NO,43,40,46,1.151,0.2,0.33,0.62,5.4e-01,1.0e+00,0.9999,1067,37.7,38.6,43.6,44.6,38.7,54.8
GENE-1886,NO,1.8,1.7,2,1.202,0.3,1.33,0.2,8.4e-01,1.0e+00,0.9999,1068,3,1,1,3,1,2
GENE-1896,NO,1377.2,1310.1,1444.4,1.103,0.1,0.25,0.55,5.8e-01,1.0e+00,0.9999,1069,965.1,1343.5,1621.6,1582.7,1460.2,1290.2
GENE-1897,NO,30.8,27.4,34.1,1.244,0.3,0.4,0.79,4.3e-01,1.0e+00,0.9999,1070,19.8,24.7,37.7,32.7,32.8,36.8
GENE-1902,NO,705.3,718.2,692.3,0.964,-0.1,0.2,-0.27,7.9e-01,1.0e+00,0.9999,1071,771.6,742.4,640.7,742.8,606.5,727.7
GENE-1907,NO,5764.1,5839.7,5688.4,0.974,0,0.4,-0.09,9.3e-01,1.0e+00,0.9999,1072,6203.9,8258.5,3056.7,3585.4,6075.2,7404.7
GENE-1908,NO,9.2,5.6,12.9,2.292,1.2,1.42,0.84,4.0e-01,1.0e+00,0.9999,1073,11.9,1,4,37.6,0,1
GENE-1912,NO,71.6,77.9,65.2,0.837,-0.3,0.38,-0.68,5.0e-01,1.0e+00,0.9999,1074,50.6,112.7,70.4,51.5,75.4,68.7
GENE-1913,NO,1646.3,1936.5,1356.1,0.7,-0.5,0.93,-0.55,5.8e-01,1.0e+00,0.9999,1075,1221.9,1363.2,3224.3,2932.7,792.2,343.5
GENE-1918,NO,16.7,18.1,15.2,0.838,-0.3,0.5,-0.51,6.1e-01,1.0e+00,0.9999,1076,10.9,21.7,21.8,14.9,16.9,13.9
GENE-1924,NO,10.7,11.2,10.3,0.914,-0.1,0.59,-0.22,8.3e-01,1.0e+00,0.9999,1077,7.9,13.8,11.9,12.9,6.9,11
GENE-1931,NO,81.5,79.9,83.1,1.039,0.1,0.27,0.21,8.4e-01,1.0e+00,0.9999,1078,83.3,67.2,89.3,87.2,86.4,75.7
GENE-1932,NO,25.6,25.4,25.8,1.015,0,0.39,0.05,9.6e-01,1.0e+00,0.9999,1079,26.8,24.7,24.8,30.7,25.8,20.9
GENE-1939,NO,2156,2340.9,1971.1,0.842,-0.2,0.43,-0.58,5.6e-01,1.0e+00,0.9999,1080,1968.8,2571.3,2482.5,808.2,3080.3,2024.9
GENE-1941,NO,4.1,4.7,3.7,0.788,-0.3,0.89,-0.39,7.0e-01,1.0e+00,0.9999,1081,4,4,6,2,5,4
GENE-1944,NO,1285.1,1293.1,1277,0.988,0,0.22,-0.08,9.3e-01,1.0e+00,0.9999,1082,1415.3,1412.7,1051.3,1188.5,1222,1420.6
GENE-1948,NO,1.3,0.7,2,3.004,1.6,1.78,0.89,3.7e-01,1.0e+00,0.9999,1083,2,0,0,3,1,2
GENE-1949,NO,31.9,32.7,31.1,0.951,-0.1,0.36,-0.2,8.4e-01,1.0e+00,0.9999,1084,35.7,29.7,32.7,30.7,34.7,27.9
GENE-1951,NO,33.2,37.3,29.1,0.782,-0.4,0.67,-0.53,6.0e-01,1.0e+00,0.9999,1085,15.9,45.5,50.6,8.9,20.8,57.7
GENE-1952,NO,2749.3,2190.8,3307.9,1.51,0.6,0.93,0.64,5.2e-01,1.0e+00,0.9999,1086,2338.7,3159.5,1074.1,7102.5,759.4,2061.7
GENE-1953,NO,4867.8,4260.9,5474.8,1.285,0.4,0.26,1.4,1.6e-01,1.0e+00,0.9999,1087,4132,3888,4762.6,4541.2,4635.8,7247.4
GENE-1954,NO,79.8,76.6,83.1,1.084,0.1,0.26,0.44,6.6e-01,1.0e+00,0.9999,1088,76.4,72.2,81.3,89.1,87.4,72.7
GENE-1959,NO,0.7,0.3,1,2.797,1.5,2.2,0.68,5.0e-01,1.0e+00,0.9999,1089,0,1,0,1,1,1
GENE-1960,NO,1023,1089.7,956.2,0.878,-0.2,0.26,-0.73,4.7e-01,1.0e+00,0.9999,1090,993.8,1184.3,1091,938.9,1221,708.8
GENE-1967,NO,250.1,257.7,242.6,0.941,-0.1,0.28,-0.32,7.5e-01,1.0e+00,0.9999,1091,268.8,190.8,313.4,236.7,282.9,208.1
GENE-1972,NO,1.8,2.3,1.3,0.572,-0.8,1.31,-0.62,5.4e-01,1.0e+00,0.9999,1092,2,2,3,2,1,1
GENE-1980,NO,69.4,63.7,75.1,1.178,0.2,0.35,0.67,5.0e-01,1.0e+00,0.9999,1093,79.3,67.2,44.6,99,62.5,63.7
GENE-1982,NO,3785.1,3500.1,4070.2,1.163,0.2,0.16,1.4,1.6e-01,1.0e+00,0.9999,1094,3340.5,3662.6,3497.1,4096.5,3971.7,4142.4
GENE-1985,NO,74.2,74.7,73.8,0.989,0,0.28,-0.06,9.5e-01,1.0e+00,0.9999,1095,64.5,82.1,77.4,82.2,73.5,65.7
GENE-1988,NO,1.3,1,1.7,1.671,0.7,2.09,0.35,7.2e-01,1.0e+00,0.9999,1096,1,2,0,0,5,0
GENE-1991,NO,11.7,8.9,14.6,1.632,0.7,0.65,1.09,2.7e-01,1.0e+00,0.9999,1097,7.9,4.9,13.9,14.9,20.8,8
GENE-1995,NO,658.4,721.2,595.7,0.826,-0.3,0.34,-0.8,4.2e-01,1.0e+00,0.9999,1098,924.4,514.1,725,749.8,371.3,666
GENE-1999,NO,1444.8,1498.7,1390.9,0.928,-0.1,0.23,-0.46,6.4e-01,1.0e+00,0.9999,1099,1589.9,1746.8,1159.4,1528.3,1251.8,1392.7
GENE-2002,NO,9.4,8.2,10.6,1.283,0.4,0.64,0.56,5.7e-01,1.0e+00,0.9999,1100,6.9,5.9,11.9,11.9,6.9,12.9
GENE-2004,NO,112.5,129.1,96,0.744,-0.4,0.32,-1.32,1.9e-01,1.0e+00,0.9999,1101,119,177.9,90.3,92.1,106.2,89.6
GENE-2005,NO,12.1,10.9,13.2,1.215,0.3,0.62,0.45,6.5e-01,1.0e+00,0.9999,1102,5,9.9,17.9,10.9,15.9,12.9
GENE-2006,NO,6.8,5.9,7.6,1.28,0.4,0.82,0.43,6.6e-01,1.0e+00,0.9999,1103,9.9,6.9,1,7.9,8.9,6
GENE-2007,NO,2.8,3,2.7,0.892,-0.2,1.08,-0.15,8.8e-01,1.0e+00,0.9999,1104,2,4.9,2,2,2,4
GENE-2017,NO,4.6,2.3,7,3.009,1.6,1.07,1.49,1.4e-01,1.0e+00,0.9999,1105,0,5.9,1,8.9,6,6
GENE-2022,NO,46.8,45.3,48.3,1.068,0.1,0.32,0.3,7.7e-01,1.0e+00,0.9999,1106,52.6,45.5,37.7,50.5,49.6,44.8
GENE-2023,NO,4,4.3,3.7,0.848,-0.2,0.92,-0.26,8.0e-01,1.0e+00,0.9999,1107,3,6.9,3,3,5,3
GENE-2024,NO,44.5,46.2,42.7,0.924,-0.1,0.32,-0.36,7.2e-01,1.0e+00,0.9999,1108,50.6,45.5,42.6,41.6,36.7,49.8
GENE-2027,NO,423.5,435.2,411.7,0.946,-0.1,0.18,-0.45,6.6e-01,1.0e+00,0.9999,1109,446.3,429,430.4,392.2,406,437
GENE-2028,NO,77.5,64.7,90.3,1.395,0.5,0.47,1.01,3.1e-01,1.0e+00,0.9999,1110,47.6,31.6,115,91.1,107.2,72.7
GENE-2030,NO,37.7,59.2,16.3,0.275,-1.9,2.91,-0.64,5.2e-01,1.0e+00,0.9999,1111,175.6,2,0,0,16.9,31.9
GENE-2035,NO,5.8,3.6,7.9,2.187,1.1,0.97,1.16,2.5e-01,1.0e+00,0.9999,1112,2,7.9,1,7.9,12.9,3
GENE-2037,NO,8.6,10.2,7,0.679,-0.6,0.66,-0.85,4.0e-01,1.0e+00,0.9999,1113,6.9,13.8,9.9,5,6.9,9
GENE-2038,NO,3.6,3.3,4,1.202,0.3,1.03,0.26,8.0e-01,1.0e+00,0.9999,1114,6,1,3,4,2,6
GENE-2039,NO,132.4,139.7,125,0.895,-0.2,0.36,-0.45,6.5e-01,1.0e+00,0.9999,1115,90.3,166.1,162.7,166.4,118.1,90.6
GENE-2041,NO,420.6,400,441.2,1.103,0.1,0.26,0.55,5.8e-01,1.0e+00,0.9999,1116,511.8,319.3,368.9,433.8,399.1,490.8
GENE-2045,NO,71,80.9,61.3,0.757,-0.4,0.38,-1.06,2.9e-01,1.0e+00,0.9999,1117,81.3,113.7,47.6,56.5,72.5,54.8
GENE-2046,NO,543.5,534.5,552.4,1.034,0,0.31,0.15,8.8e-01,1.0e+00,0.9999,1118,460.2,399.4,743.8,445.7,674,537.6
GENE-2048,NO,1126.5,1109,1144,1.032,0,0.18,0.25,8.0e-01,1.0e+00,0.9999,1119,1183.3,1089.4,1054.3,1171.7,1215,1045.3
GENE-2050,NO,86.8,89.5,84,0.939,-0.1,0.27,-0.33,7.4e-01,1.0e+00,0.9999,1120,106.1,82.1,80.3,78.2,94.3,79.6
GENE-2051,NO,6.4,6.9,5.9,0.858,-0.2,3.25,-0.07,9.5e-01,1.0e+00,0.9999,1121,5,15.8,0,17.8,0,0
GENE-2056,NO,1.2,1.7,0.7,0.401,-1.3,1.84,-0.71,4.7e-01,1.0e+00,0.9999,1122,2,2,1,0,0,2
GENE-2061,NO,735.6,785.4,685.8,0.873,-0.2,0.4,-0.49,6.2e-01,1.0e+00,0.9999,1123,1111.8,361.8,882.7,756.7,545,755.6
GENE-2062,NO,49.9,44.9,55,1.223,0.3,0.4,0.72,4.7e-01,1.0e+00,0.9999,1124,68.4,29.7,36.7,45.6,64.5,54.8
GENE-2068,NO,14.9,11.9,17.9,1.504,0.6,0.55,1.06,2.9e-01,1.0e+00,0.9999,1125,17.9,9.9,7.9,11.9,19.9,21.9
GENE-2072,NO,884.5,947.6,821.4,0.867,-0.2,0.41,-0.51,6.1e-01,1.0e+00,0.9999,1126,1136.6,809.6,896.6,638.8,444.7,1380.8
GENE-2073,NO,268,272.8,263.1,0.965,-0.1,0.2,-0.25,8.0e-01,1.0e+00,0.9999,1127,284.7,275.8,257.9,234.7,270,284.7
GENE-2075,NO,0.8,0,1.7,9.088,3.2,2.21,1.44,1.5e-01,1.0e+00,0.9999,1128,0,0,0,1,1,3
GENE-2077,NO,11.1,12.2,9.9,0.813,-0.3,0.64,-0.46,6.4e-01,1.0e+00,0.9999,1129,6,13.8,16.9,9.9,6,13.9
GENE-2079,NO,1,1,1,1.002,0,2.2,0,1.0e+00,1.0e+00,0.9999,1130,3,0,0,1,0,2
GENE-2084,NO,37,40.3,33.7,0.838,-0.3,0.39,-0.66,5.1e-01,1.0e+00,0.9999,1131,44.6,50.4,25.8,29.7,37.7,33.8
GENE-2087,NO,122.8,129.5,116.1,0.897,-0.2,0.35,-0.45,6.5e-01,1.0e+00,0.9999,1132,114.1,120.6,153.7,167.4,104.2,76.7
GENE-2097,NO,3189.6,2789.9,3589.2,1.287,0.4,1.28,0.28,7.8e-01,1.0e+00,0.9999,1133,2861.4,349,5159.3,1150.9,1004.6,8612.2
GENE-2101,NO,24,27.1,20.8,0.769,-0.4,0.5,-0.75,4.5e-01,1.0e+00,0.9999,1134,35.7,24.7,20.8,32.7,17.9,11.9
GENE-2103,NO,1.3,1,1.7,1.671,0.7,1.53,0.48,6.3e-01,1.0e+00,0.9999,1135,1,1,1,1,1,3
GENE-2105,NO,45.6,41.6,49.7,1.193,0.3,0.31,0.81,4.2e-01,1.0e+00,0.9999,1136,44.6,42.5,37.7,51.5,44.7,52.8
GENE-2111,NO,57.2,59.4,55,0.925,-0.1,0.41,-0.28,7.8e-01,1.0e+00,0.9999,1137,59.5,84,34.7,46.6,72.5,45.8
GENE-2114,NO,138.9,132.5,145.3,1.097,0.1,0.26,0.51,6.1e-01,1.0e+00,0.9999,1138,137.9,106.8,152.7,162.4,124.1,149.3
GENE-2120,NO,3480.3,3930.2,3030.4,0.771,-0.4,0.21,-1.77,7.7e-02,1.0e+00,0.9999,1139,4403.7,3626.1,3760.9,3464.6,3104.1,2522.6
GENE-2122,NO,546,562.7,529.4,0.941,-0.1,0.24,-0.37,7.1e-01,1.0e+00,0.9999,1140,580.2,578.3,529.6,396.2,606.5,585.4
GENE-2133,NO,0.7,0.3,1,2.794,1.5,2.44,0.61,5.4e-01,1.0e+00,0.9999,1141,0,0,1,2,1,0
GENE-2135,NO,824.3,822.1,826.6,1.006,0,0.26,0.03,9.8e-01,1.0e+00,0.9999,1142,955.1,727.6,783.5,767.6,1056.2,656
GENE-2136,NO,265.8,237.1,294.6,1.242,0.3,0.24,1.28,2.0e-01,1.0e+00,0.9999,1143,292.6,217.5,201.3,270.4,328.6,284.7
GENE-2137,NO,30.6,29.1,32.1,1.105,0.1,0.36,0.4,6.9e-01,1.0e+00,0.9999,1144,26.8,33.6,26.8,33.7,30.8,31.9
GENE-2138,NO,380.4,454.5,306.2,0.674,-0.6,0.46,-1.24,2.2e-01,1.0e+00,0.9999,1145,778.6,362.8,222.2,197.1,390.1,331.5
GENE-2142,NO,50.3,52.8,47.7,0.902,-0.1,0.3,-0.49,6.2e-01,1.0e+00,0.9999,1146,55.5,45.5,57.5,44.6,48.6,49.8
GENE-2143,NO,333,340.8,325.2,0.954,-0.1,0.35,-0.19,8.5e-01,1.0e+00,0.9999,1147,263.8,358.8,399.7,248.6,238.2,488.8
GENE-2144,NO,30.4,31.1,29.8,0.96,-0.1,0.37,-0.16,8.7e-01,1.0e+00,0.9999,1148,27.8,29.7,35.7,27.7,27.8,33.8
GENE-2145,NO,42.8,46.2,39.4,0.852,-0.2,0.35,-0.65,5.1e-01,1.0e+00,0.9999,1149,47.6,48.4,42.6,30.7,52.6,34.8
GENE-2155,NO,163.5,161.1,165.8,1.029,0,0.24,0.17,8.6e-01,1.0e+00,0.9999,1150,141.8,169,172.6,139.7,187.6,170.2
GENE-2158,NO,474.8,488.4,461.2,0.944,-0.1,0.26,-0.32,7.5e-01,1.0e+00,0.9999,1151,418.6,565.5,481,356.6,464.6,562.5
GENE-2159,NO,2,2.7,1.3,0.502,-1,1.42,-0.7,4.8e-01,1.0e+00,0.9999,1152,4,3,1,0,1,3
GENE-2164,NO,482.4,443.8,521,1.174,0.2,0.33,0.71,4.8e-01,1.0e+00,0.9999,1153,289.6,503.2,538.5,686.4,472.5,404.2
GENE-2167,NO,2,2.3,1.7,0.716,-0.5,1.28,-0.38,7.1e-01,1.0e+00,0.9999,1154,1,2,4,2,1,2
GENE-2171,NO,28.1,28.8,27.4,0.956,-0.1,0.41,-0.16,8.7e-01,1.0e+00,0.9999,1155,29.8,26.7,29.8,37.6,21.8,22.9
GENE-2172,NO,118.3,109.2,127.4,1.166,0.2,0.51,0.43,6.6e-01,1.0e+00,0.9999,1156,33.7,169,125,136.7,152.9,92.6
GENE-2176,NO,821.5,930.9,712.2,0.765,-0.4,0.34,-1.12,2.6e-01,1.0e+00,0.9999,1157,1090,675.2,1027.5,429.9,945,761.6
GENE-2184,NO,11.7,13.5,9.9,0.733,-0.4,0.61,-0.73,4.6e-01,1.0e+00,0.9999,1158,11.9,7.9,20.8,12.9,9.9,7
GENE-2187,NO,33.7,36.3,31.1,0.857,-0.2,0.39,-0.57,5.7e-01,1.0e+00,0.9999,1159,23.8,42.5,42.6,30.7,28.8,33.8
GENE-2192,NO,201.7,201.1,202.2,1.006,0,0.23,0.03,9.7e-01,1.0e+00,0.9999,1160,222.2,217.5,163.6,211,186.6,209.1
GENE-2193,NO,392.2,322.2,462.2,1.435,0.5,0.36,1.43,1.5e-01,1.0e+00,0.9999,1161,208.3,465.6,292.6,313,520.2,553.5
GENE-2194,NO,53.4,54.5,52.3,0.96,-0.1,0.3,-0.2,8.4e-01,1.0e+00,0.9999,1162,54.6,55.4,53.6,48.5,60.6,47.8
GENE-2195,NO,10.9,12.6,9.3,0.738,-0.4,0.58,-0.76,4.5e-01,1.0e+00,0.9999,1163,9.9,11.9,15.9,10.9,9.9,7
GENE-2210,NO,47.9,49.2,46.6,0.948,-0.1,0.31,-0.25,8.1e-01,1.0e+00,0.9999,1164,54.6,46.5,46.6,47.5,51.6,40.8
GENE-2213,NO,72.2,76,68.5,0.902,-0.1,0.32,-0.46,6.5e-01,1.0e+00,0.9999,1165,53.6,75.1,99.2,63.4,71.5,70.7
GENE-2217,NO,476.3,511.5,441.1,0.862,-0.2,0.22,-0.97,3.3e-01,1.0e+00,0.9999,1166,508.8,599.1,426.5,478.4,429.8,415.1
GENE-2219,NO,303.8,294.2,313.5,1.066,0.1,0.24,0.38,7.0e-01,1.0e+00,0.9999,1167,267.8,347,267.8,281.3,286.9,372.3
GENE-2220,NO,122,121.6,122.4,1.007,0,0.4,0.02,9.8e-01,1.0e+00,0.9999,1168,181.5,92.9,90.3,172.3,111.2,83.6
GENE-2221,NO,12.9,11.9,13.9,1.169,0.2,0.56,0.4,6.9e-01,1.0e+00,0.9999,1169,16.9,11.9,6.9,15.8,14.9,11
GENE-2222,NO,97.7,109.3,86.1,0.787,-0.3,0.32,-1.09,2.7e-01,1.0e+00,0.9999,1170,80.3,109.7,137.9,77.3,75.4,105.5
GENE-2223,NO,295.8,301.6,290,0.962,-0.1,0.21,-0.27,7.9e-01,1.0e+00,0.9999,1171,319.4,280.8,304.5,280.3,257.1,332.5
GENE-2224,NO,243.4,268.2,218.7,0.815,-0.3,0.28,-1.06,2.9e-01,1.0e+00,0.9999,1172,296.6,225.4,282.7,275.3,218.4,162.3
GENE-2226,NO,48.9,53.5,44.4,0.829,-0.3,0.32,-0.85,4.0e-01,1.0e+00,0.9999,1173,57.5,54.4,48.6,39.6,39.7,53.8
GENE-2234,NO,503.5,508.7,498.3,0.98,0,0.25,-0.12,9.0e-01,1.0e+00,0.9999,1174,524.7,401.4,600,572.5,492.4,430.1
GENE-2235,NO,18.5,15.9,21.2,1.336,0.4,0.45,0.94,3.5e-01,1.0e+00,0.9999,1175,16.9,14.8,15.9,18.8,19.9,24.9
GENE-2240,NO,1.2,0.3,2,5.595,2.5,1.84,1.35,1.8e-01,1.0e+00,0.9999,1176,0,1,0,2,2,2
GENE-2241,NO,428.3,429.7,426.9,0.993,0,0.32,-0.03,9.8e-01,1.0e+00,0.9999,1177,347.1,635.6,306.5,438.8,420.9,421.1
GENE-2245,NO,105.1,122.5,87.7,0.716,-0.5,0.29,-1.69,9.2e-02,1.0e+00,0.9999,1178,117,105.8,144.8,108,72.5,82.6
GENE-2246,NO,356.8,376.1,337.5,0.897,-0.2,0.24,-0.65,5.2e-01,1.0e+00,0.9999,1179,370.9,430,327.3,365.5,378.2,268.8
GENE-2248,NO,1.5,2,1,0.501,-1,1.51,-0.66,5.1e-01,1.0e+00,0.9999,1180,2,2,2,1,2,0
GENE-2249,NO,53.6,49.9,57.3,1.148,0.2,0.33,0.61,5.4e-01,1.0e+00,0.9999,1181,62.5,47.5,39.7,56.5,50.6,64.7
GENE-2255,NO,28.4,25.1,31.8,1.266,0.3,0.4,0.85,3.9e-01,1.0e+00,0.9999,1182,20.8,27.7,26.8,32.7,23.8,38.8
GENE-2257,NO,3705.8,3554.6,3857,1.085,0.1,0.19,0.61,5.4e-01,1.0e+00,0.9999,1183,3908.8,3415.5,3339.4,3389.3,4302.3,3879.5
GENE-2263,NO,76.9,70,83.8,1.197,0.3,0.34,0.76,4.5e-01,1.0e+00,0.9999,1184,66.5,69.2,74.4,54.5,82.4,114.5
GENE-2267,NO,70.3,73.7,66.8,0.908,-0.1,0.27,-0.52,6.0e-01,1.0e+00,0.9999,1185,75.4,68.2,77.4,69.3,66.5,64.7
GENE-2270,NO,657,708.3,605.7,0.855,-0.2,0.31,-0.73,4.7e-01,1.0e+00,0.9999,1186,599.1,833.4,692.3,390.2,630.4,796.4
GENE-2271,NO,40.5,40.3,40.8,1.011,0,0.44,0.04,9.7e-01,1.0e+00,0.9999,1187,48.6,43.5,28.8,21.8,45.7,54.8
GENE-2274,NO,138.2,132.3,144,1.088,0.1,0.44,0.28,7.8e-01,1.0e+00,0.9999,1188,94.2,213.5,89.3,132.7,93.3,206.1
GENE-2289,NO,1.2,1,1.3,1.334,0.4,1.82,0.23,8.2e-01,1.0e+00,0.9999,1189,1,0,2,2,2,0
GENE-2298,NO,82.5,78.6,86.3,1.098,0.1,0.41,0.33,7.4e-01,1.0e+00,0.9999,1190,110.1,72.2,53.6,124.8,80.4,53.8
GENE-2300,NO,13.7,15.2,12.2,0.806,-0.3,0.55,-0.57,5.7e-01,1.0e+00,0.9999,1191,8.9,15.8,20.8,12.9,9.9,13.9
GENE-2304,NO,4.3,4.3,4.3,1.002,0,0.86,0,1.0e+00,1.0e+00,0.9999,1192,5,3,5,3,5,5
GENE-2306,NO,347,369.3,324.7,0.879,-0.2,0.28,-0.67,5.1e-01,1.0e+00,0.9999,1193,498.9,325.2,283.7,298.1,328.6,347.4
GENE-2310,NO,69.6,80.2,58.9,0.734,-0.4,0.36,-1.24,2.2e-01,1.0e+00,0.9999,1194,89.3,92.9,58.5,81.2,51.6,43.8
GENE-2312,NO,53.1,57.4,48.6,0.847,-0.2,0.4,-0.6,5.5e-01,1.0e+00,0.9999,1195,45.6,72.2,54.5,58.4,27.8,59.7
GENE-2315,NO,0.8,0.3,1.3,3.727,1.9,2.32,0.82,4.1e-01,1.0e+00,0.9999,1196,0,1,0,1,3,0
GENE-2318,NO,7.9,9.3,6.6,0.716,-0.5,0.9,-0.53,5.9e-01,1.0e+00,0.9999,1197,8.9,3,15.9,1,7.9,11
GENE-2329,NO,70.9,76.9,64.8,0.843,-0.2,0.34,-0.73,4.7e-01,1.0e+00,0.9999,1198,50.6,92.9,87.3,59.4,75.4,59.7
GENE-2332,NO,182.9,197.5,168.5,0.853,-0.2,0.24,-0.94,3.5e-01,1.0e+00,0.9999,1199,211.3,224.4,156.7,178.3,167.8,159.3
GENE-2336,NO,860.3,890.4,830.2,0.932,-0.1,0.25,-0.4,6.9e-01,1.0e+00,0.9999,1200,927.4,816.6,927.3,873.6,1009.6,607.3
GENE-2338,NO,678.2,684,672.3,0.983,0,0.24,-0.11,9.2e-01,1.0e+00,0.9999,1201,724,618.8,709.1,841.9,587.7,587.4
GENE-2343,NO,72.2,74,70.5,0.953,-0.1,0.37,-0.18,8.5e-01,1.0e+00,0.9999,1202,70.4,86,65.5,40.6,95.3,75.7
GENE-2346,NO,6.9,6.3,7.6,1.213,0.3,0.7,0.4,6.9e-01,1.0e+00,0.9999,1203,5,5.9,7.9,5.9,6.9,10
GENE-2347,NO,103.3,94.8,111.9,1.181,0.2,0.29,0.84,4.0e-01,1.0e+00,0.9999,1204,100.2,112.7,71.4,97.1,122.1,116.5
GENE-2352,NO,154.1,166.8,141.4,0.848,-0.2,0.31,-0.78,4.4e-01,1.0e+00,0.9999,1205,181.5,162.1,156.7,102,127.1,195.1
GENE-2356,NO,63,56.1,69.8,1.244,0.3,0.32,0.98,3.3e-01,1.0e+00,0.9999,1206,63.5,65.2,39.7,66.4,79.4,63.7
GENE-2359,NO,6496.4,6525.5,6467.3,0.991,0,0.2,-0.07,9.5e-01,1.0e+00,0.9999,1207,5645.5,6920,7011,6202.1,7237.7,5962.2
GENE-2360,NO,4,3,5,1.671,0.7,1.1,0.67,5.0e-01,1.0e+00,0.9999,1208,3,4.9,1,2,10.9,2
GENE-2366,NO,1.2,1,1.3,1.335,0.4,1.68,0.25,8.0e-01,1.0e+00,0.9999,1209,1,0,2,2,1,1
GENE-2374,NO,27.1,23.1,31.1,1.345,0.4,0.39,1.09,2.7e-01,1.0e+00,0.9999,1210,22.8,19.8,26.8,36.6,26.8,29.9
GENE-2377,NO,1002.9,1052.2,953.7,0.906,-0.1,0.29,-0.49,6.3e-01,1.0e+00,0.9999,1211,1183.3,1287.1,686.3,910.2,855.7,1095.1
GENE-2378,NO,26.8,25.8,27.8,1.079,0.1,0.38,0.29,7.7e-01,1.0e+00,0.9999,1212,22.8,27.7,26.8,28.7,25.8,28.9
GENE-2379,NO,497.6,513.9,481.2,0.936,-0.1,0.24,-0.4,6.9e-01,1.0e+00,0.9999,1213,450.3,447.8,643.7,470.5,527.1,446
GENE-2380,NO,3,3,3,1.002,0,1.05,0,1.0e+00,1.0e+00,0.9999,1214,5,2,2,4,3,2
GENE-2388,NO,21.2,17.2,25.1,1.465,0.6,0.42,1.3,1.9e-01,1.0e+00,0.9999,1215,14.9,17.8,18.8,28.7,23.8,22.9
GENE-2395,NO,1.7,1.7,1.7,1.002,0,1.37,0,1.0e+00,1.0e+00,0.9999,1216,3,1,1,2,1,2
GENE-2398,NO,357.1,360.6,353.5,0.98,0,0.21,-0.14,8.9e-01,1.0e+00,0.9999,1217,421.5,344,316.4,342.7,342.5,375.3
GENE-2401,NO,15.5,18.5,12.6,0.68,-0.6,0.5,-1.12,2.6e-01,1.0e+00,0.9999,1218,18.8,17.8,18.8,11.9,16.9,9
GENE-2402,NO,176,181.3,170.7,0.942,-0.1,0.35,-0.25,8.0e-01,1.0e+00,0.9999,1219,197.4,237.3,109.1,190.2,191.6,130.4
GENE-2406,NO,743.7,803.5,683.8,0.851,-0.2,0.26,-0.91,3.6e-01,1.0e+00,0.9999,1220,841.1,757.2,812.3,756.7,485.4,809.4
GENE-2412,NO,319.2,300.2,338.2,1.126,0.2,0.27,0.63,5.3e-01,1.0e+00,0.9999,1221,325.3,270.9,304.5,426.9,245.2,342.5
GENE-2414,NO,1.7,1.3,2,1.503,0.6,1.49,0.39,6.9e-01,1.0e+00,0.9999,1222,3,0,1,2,1,3
GENE-2416,NO,143.5,131.7,155.3,1.178,0.2,0.28,0.84,4.0e-01,1.0e+00,0.9999,1223,142.8,135.4,117,133.7,129,203.1
GENE-2420,NO,207.5,222.6,192.3,0.864,-0.2,0.4,-0.53,6.0e-01,1.0e+00,0.9999,1224,326.3,191.8,149.8,203,116.1,257.8
GENE-2428,NO,83.5,78.9,88.1,1.116,0.2,0.32,0.49,6.3e-01,1.0e+00,0.9999,1225,63.5,84,89.3,61.4,106.2,96.6
GENE-2429,NO,3.5,3.6,3.3,0.912,-0.1,1.08,-0.12,9.0e-01,1.0e+00,0.9999,1226,3,5.9,2,1,2,7
GENE-2431,NO,18.2,12.9,23.5,1.827,0.9,0.77,1.13,2.6e-01,1.0e+00,0.9999,1227,12.9,10.9,14.9,5.9,10.9,53.8
GENE-2440,NO,4,2,6,3.008,1.6,1.08,1.48,1.4e-01,1.0e+00,0.9999,1228,1,4,1,7.9,2,8
GENE-2441,NO,428.6,442.2,415,0.938,-0.1,0.18,-0.5,6.1e-01,1.0e+00,0.9999,1229,448.3,411.2,467.1,411,427.8,406.2
GENE-2443,NO,9.1,9.9,8.3,0.835,-0.3,0.65,-0.4,6.9e-01,1.0e+00,0.9999,1230,5,11.9,12.9,6.9,7.9,10
GENE-2444,NO,3.1,3,3.3,1.113,0.2,1.07,0.14,8.8e-01,1.0e+00,0.9999,1231,6,2,1,4,3,3
GENE-2445,NO,1735.4,1818.6,1652.4,0.909,-0.1,0.22,-0.62,5.4e-01,1.0e+00,0.9999,1232,1570.1,2235.2,1650.4,1492.6,1708.4,1756.1
GENE-2451,NO,981.3,951.9,1010.8,1.062,0.1,0.29,0.3,7.6e-01,1.0e+00,0.9999,1233,1253.7,872.9,729,1074.6,1167.4,790.4
GENE-2457,NO,16.4,17.8,14.9,0.835,-0.3,0.48,-0.54,5.9e-01,1.0e+00,0.9999,1234,17.9,21.7,13.9,13.9,16.9,13.9
GENE-2459,NO,3,3.7,2.3,0.638,-0.6,1.15,-0.57,5.7e-01,1.0e+00,0.9999,1235,3,3,5,4,0,3
GENE-2460,NO,277.3,296,258.6,0.874,-0.2,0.34,-0.58,5.6e-01,1.0e+00,0.9999,1236,287.6,235.3,365,199.1,199.5,377.3
GENE-2463,NO,157,167.8,146.3,0.872,-0.2,0.32,-0.63,5.3e-01,1.0e+00,0.9999,1237,150.8,149.3,203.3,162.4,96.3,180.2
GENE-2464,NO,2.5,3.7,1.3,0.364,-1.5,1.23,-1.18,2.4e-01,1.0e+00,0.9999,1238,4,4,3,2,0,2
GENE-2465,NO,570.6,580.3,561,0.967,0,0.18,-0.27,7.9e-01,1.0e+00,0.9999,1239,634.8,573.4,532.6,551.7,575.8,555.5
GENE-2469,YES,3.1,1.3,5,3.758,1.9,1.11,1.73,8.4e-02,1.0e+00,0.9999,1240,2,1,1,5,5,5
GENE-2472,NO,9.8,8.9,10.6,1.188,0.2,0.64,0.39,7.0e-01,1.0e+00,0.9999,1241,10.9,10.9,5,7.9,14.9,9
GENE-2474,YES,1.8,2.3,1.3,0.573,-0.8,1.31,-0.61,5.4e-01,1.0e+00,0.9999,1242,3,2,2,1,1,2
GENE-2476,NO,955.6,1390.1,521,0.375,-1.4,1.01,-1.4,1.6e-01,1.0e+00,0.9999,1243,194.4,2514.9,1460.9,898.3,416.9,247.9
GENE-2479,NO,1.7,2.3,1,0.429,-1.2,1.51,-0.81,4.2e-01,1.0e+00,0.9999,1244,2,1,4,2,0,1
GENE-2480,NO,2.6,2.3,3,1.288,0.4,1.17,0.31,7.5e-01,1.0e+00,0.9999,1245,5,1,1,3,2,4
GENE-2485,NO,150.1,150.9,149.2,0.989,0,0.24,-0.07,9.5e-01,1.0e+00,0.9999,1246,128.9,162.1,161.7,168.4,144.9,134.4
GENE-2486,NO,22.5,27.4,17.6,0.64,-0.6,0.48,-1.34,1.8e-01,1.0e+00,0.9999,1247,26.8,25.7,29.8,8.9,17.9,25.9
GENE-2488,NO,10.2,12.9,7.6,0.591,-0.8,0.64,-1.18,2.4e-01,1.0e+00,0.9999,1248,14.9,16.8,6.9,5,7.9,10
GENE-2492,NO,8.6,10.9,6.3,0.577,-0.8,0.66,-1.2,2.3e-01,1.0e+00,0.9999,1249,6.9,10.9,14.9,5.9,7.9,5
GENE-2494,NO,176.9,164.1,189.6,1.155,0.2,0.21,0.97,3.3e-01,1.0e+00,0.9999,1250,177.5,160.1,154.7,189.2,201.5,178.2
GENE-2498,NO,102.7,93.8,111.5,1.19,0.3,0.33,0.76,4.5e-01,1.0e+00,0.9999,1251,110.1,103.8,67.4,79.2,132,123.4
GENE-2499,NO,71.6,72.3,70.8,0.979,0,0.32,-0.1,9.2e-01,1.0e+00,0.9999,1252,54.6,83,79.3,86.2,67.5,58.7
GENE-2500,NO,30.4,23.8,37.1,1.559,0.6,0.5,1.27,2.0e-01,1.0e+00,0.9999,1253,31.7,20.8,18.8,25.8,61.5,23.9
GENE-2501,NO,9.9,9.6,10.3,1.071,0.1,0.61,0.16,8.7e-01,1.0e+00,0.9999,1254,12.9,8.9,6.9,9.9,12.9,8
GENE-2503,NO,316.2,322.3,310.2,0.962,-0.1,0.22,-0.25,8.0e-01,1.0e+00,0.9999,1255,308.5,300.5,358,259.5,354.4,316.6
GENE-2504,NO,226.4,211.1,241.7,1.145,0.2,0.46,0.42,6.7e-01,1.0e+00,0.9999,1256,146.8,103.8,382.8,189.2,277,258.8
GENE-2506,NO,155,172,138,0.802,-0.3,0.3,-1.08,2.8e-01,1.0e+00,0.9999,1257,135.9,236.3,143.8,138.7,134,141.4
GENE-2507,NO,486,500,472,0.944,-0.1,0.28,-0.3,7.6e-01,1.0e+00,0.9999,1258,413.6,492.3,594.1,378.3,610.5,427.1
GENE-2508,NO,74.8,72.3,77.2,1.067,0.1,0.51,0.18,8.6e-01,1.0e+00,0.9999,1259,128.9,51.4,36.7,49.5,70.5,111.5
GENE-2511,NO,33.9,25.8,42,1.632,0.7,0.49,1.44,1.5e-01,1.0e+00,0.9999,1260,25.8,29.7,21.8,58.4,17.9,49.8
GENE-2518,NO,17.9,19.5,16.2,0.832,-0.3,0.47,-0.57,5.7e-01,1.0e+00,0.9999,1261,23.8,18.8,15.9,14.9,19.9,13.9
GENE-2519,NO,36,31.7,40.4,1.274,0.3,0.34,1.03,3.0e-01,1.0e+00,0.9999,1262,30.7,33.6,30.7,40.6,43.7,36.8
GENE-2528,NO,207.3,217.9,196.6,0.902,-0.1,0.22,-0.68,5.0e-01,1.0e+00,0.9999,1263,216.2,223.4,214.2,227.8,174.7,187.2
GENE-2535,NO,162.6,152.5,172.7,1.132,0.2,0.37,0.49,6.2e-01,1.0e+00,0.9999,1264,79.3,170,208.3,187.2,172.7,158.3
GENE-2538,NO,9.6,9.9,9.3,0.935,-0.1,0.64,-0.15,8.8e-01,1.0e+00,0.9999,1265,11.9,9.9,7.9,14.9,6,7
GENE-2543,NO,438.7,454.8,422.7,0.929,-0.1,0.26,-0.41,6.8e-01,1.0e+00,0.9999,1266,425.5,424.1,514.7,463.5,310.7,493.8
GENE-2546,NO,22.3,19.5,25.2,1.291,0.4,0.41,0.91,3.6e-01,1.0e+00,0.9999,1267,19.8,17.8,20.8,24.8,24.8,25.9
GENE-2548,NO,491.1,489.8,492.5,1.006,0,0.19,0.04,9.7e-01,1.0e+00,0.9999,1268,499.9,505.2,464.2,480.4,451.7,545.5
GENE-2549,NO,1362.2,1405.5,1318.9,0.938,-0.1,0.33,-0.28,7.8e-01,1.0e+00,0.9999,1269,2049.1,1119.1,1048.3,1289.6,1061.2,1605.8
GENE-2551,NO,389.7,401.5,377.8,0.941,-0.1,0.3,-0.3,7.7e-01,1.0e+00,0.9999,1270,374.9,463.6,366,389.2,491.4,252.9
GENE-2570,NO,68.8,66.7,70.8,1.062,0.1,0.31,0.28,7.8e-01,1.0e+00,0.9999,1271,75.4,77.1,47.6,72.3,68.5,71.7
GENE-2571,NO,57.2,59.8,54.6,0.914,-0.1,0.29,-0.45,6.5e-01,1.0e+00,0.9999,1272,60.5,56.3,62.5,51.5,50.6,61.7
GENE-2578,NO,88.3,77.9,98.6,1.265,0.3,0.3,1.14,2.6e-01,1.0e+00,0.9999,1273,68.4,67.2,98.2,105,110.2,80.6
GENE-2581,NO,54.5,51.8,57.2,1.104,0.1,0.31,0.46,6.5e-01,1.0e+00,0.9999,1274,50.6,59.3,45.6,66.4,47.6,57.7
GENE-2585,NO,112.1,117.6,106.6,0.906,-0.1,0.25,-0.57,5.7e-01,1.0e+00,0.9999,1275,110.1,109.7,132.9,107,117.1,95.6
GENE-2587,NO,376.1,357.9,394.2,1.101,0.1,0.27,0.52,6.1e-01,1.0e+00,0.9999,1276,388.8,414.2,270.8,320.9,471.5,390.2
GENE-2590,NO,1.7,1.3,2,1.504,0.6,1.35,0.44,6.6e-01,1.0e+00,0.9999,1277,1,2,1,2,2,2
GENE-2591,NO,102.8,106,99.6,0.94,-0.1,0.29,-0.31,7.6e-01,1.0e+00,0.9999,1278,75.4,124.6,118,102,105.2,91.6
GENE-2596,NO,11.6,9.9,13.2,1.336,0.4,0.55,0.75,4.5e-01,1.0e+00,0.9999,1279,8.9,7.9,12.9,14.9,12.9,11.9
GENE-2601,NO,8.8,10.2,7.3,0.711,-0.5,0.76,-0.64,5.2e-01,1.0e+00,0.9999,1280,12.9,10.9,6.9,2,13.9,6
GENE-2605,NO,39.2,37.3,41,1.1,0.1,0.34,0.4,6.9e-01,1.0e+00,0.9999,1281,39.7,30.6,41.7,46.6,34.7,41.8
GENE-2609,NO,78.7,77.3,80.1,1.037,0.1,0.33,0.16,8.7e-01,1.0e+00,0.9999,1282,90.3,90.9,50.6,75.3,90.3,74.7
GENE-2615,NO,75.2,69.1,81.4,1.179,0.2,0.44,0.54,5.9e-01,1.0e+00,0.9999,1283,65.5,40.5,101.2,112.9,48.6,82.6
GENE-2616,NO,113.9,116.6,111.2,0.954,-0.1,0.34,-0.2,8.4e-01,1.0e+00,0.9999,1284,74.4,124.6,150.8,98.1,137,98.6
GENE-2617,NO,80.7,78.3,83.1,1.061,0.1,0.28,0.31,7.6e-01,1.0e+00,0.9999,1285,65.5,84,85.3,78.2,96.3,74.7
GENE-2619,NO,1.3,1.7,1,0.602,-0.7,1.76,-0.42,6.8e-01,1.0e+00,0.9999,1286,2,1,2,0,0,3
GENE-2621,NO,99.9,82.8,116.8,1.41,0.5,0.56,0.89,3.8e-01,1.0e+00,0.9999,1287,18.8,114.7,115,90.1,144.9,115.5
GENE-2622,NO,1331.4,1257.5,1405.3,1.118,0.2,0.16,0.99,3.2e-01,1.0e+00,0.9999,1288,1267.6,1295,1210,1346,1454.3,1415.6
GENE-2626,NO,63.8,63.4,64.2,1.012,0,0.31,0.06,9.5e-01,1.0e+00,0.9999,1289,70.4,58.3,61.5,79.2,51.6,61.7
GENE-2641,NO,66.6,63.1,70.2,1.112,0.2,0.27,0.56,5.7e-01,1.0e+00,0.9999,1290,58.5,69.2,61.5,68.3,69.5,72.7
GENE-2645,NO,4.1,5.9,2.3,0.39,-1.4,0.99,-1.37,1.7e-01,1.0e+00,0.9999,1291,3,4.9,9.9,3,3,1
GENE-2647,NO,262.8,264.2,261.5,0.99,0,0.2,-0.07,9.4e-01,1.0e+00,0.9999,1292,257.9,264.9,269.8,230.8,276,277.7
GENE-2653,NO,82.6,69.6,95.6,1.373,0.5,0.29,1.55,1.2e-01,1.0e+00,0.9999,1293,67.4,85,56.5,107,99.3,80.6
GENE-2657,NO,60.7,64.1,57.3,0.894,-0.2,0.36,-0.45,6.5e-01,1.0e+00,0.9999,1294,74.4,52.4,65.5,66.4,35.7,69.7
GENE-2664,NO,195.7,191.5,199.9,1.044,0.1,0.23,0.27,7.8e-01,1.0e+00,0.9999,1295,193.4,212.5,168.6,190.2,222.4,187.2
GENE-2668,NO,493.8,459.9,527.7,1.147,0.2,0.28,0.71,4.8e-01,1.0e+00,0.9999,1296,403.7,571.4,404.7,681.4,427.8,473.9
GENE-2669,NO,168.9,174.4,163.4,0.937,-0.1,0.25,-0.38,7.0e-01,1.0e+00,0.9999,1297,162.7,170,190.4,194.1,160.8,135.4
GENE-2670,NO,1818.3,1843.8,1792.7,0.972,0,0.21,-0.19,8.5e-01,1.0e+00,0.9999,1298,1489.7,2046.3,1995.5,1852.1,1829.5,1696.4
GENE-2672,NO,22.3,23.4,21.2,0.903,-0.1,0.43,-0.34,7.3e-01,1.0e+00,0.9999,1299,25.8,21.7,22.8,27.7,17.9,17.9
GENE-2673,NO,1.2,1.3,1,0.752,-0.4,1.86,-0.22,8.3e-01,1.0e+00,0.9999,1300,1,0,3,0,1,2
GENE-2676,NO,17.4,16.5,18.2,1.103,0.1,0.56,0.25,8.0e-01,1.0e+00,0.9999,1301,17.9,23.7,7.9,11.9,23.8,18.9
GENE-2677,NO,0.8,1.3,0.3,0.269,-1.9,2.06,-0.92,3.6e-01,1.0e+00,0.9999,1302,1,2,1,1,0,0
GENE-2678,NO,18.4,14.8,21.8,1.47,0.6,0.48,1.16,2.5e-01,1.0e+00,0.9999,1303,18.8,14.8,10.9,16.8,20.8,27.9
GENE-2681,NO,1.2,1.3,1,0.751,-0.4,1.86,-0.22,8.2e-01,1.0e+00,0.9999,1304,3,1,0,1,2,0
GENE-2685,NO,1.2,1.3,1,0.752,-0.4,1.68,-0.24,8.1e-01,1.0e+00,0.9999,1305,1,2,1,0,2,1
GENE-2689,NO,250.8,221.9,279.7,1.261,0.3,0.23,1.43,1.5e-01,1.0e+00,0.9999,1306,195.4,250.1,220.2,236.7,284.9,317.6
GENE-2692,NO,274.9,284.3,265.4,0.933,-0.1,0.27,-0.37,7.1e-01,1.0e+00,0.9999,1307,310.4,265.9,276.7,217.9,351.4,227
GENE-2700,NO,604.6,562.1,647.1,1.151,0.2,0.29,0.7,4.8e-01,1.0e+00,0.9999,1308,714.1,561.5,410.6,765.6,672,503.7
GENE-2705,NO,49.2,53.5,45,0.841,-0.2,0.43,-0.58,5.6e-01,1.0e+00,0.9999,1309,30.7,66.2,63.5,63.4,35.7,35.8
GENE-2706,NO,2.1,2.3,2,0.859,-0.2,1.4,-0.16,8.7e-01,1.0e+00,0.9999,1310,0,4,3,4,1,1
GENE-2710,NO,102.1,60.6,143.6,2.368,1.2,2.27,0.55,5.8e-01,1.0e+00,0.9999,1311,19.8,162.1,0,16.8,403,11
GENE-2713,NO,2,2.3,1.7,0.717,-0.5,1.37,-0.35,7.2e-01,1.0e+00,0.9999,1312,3,3,1,0,2,3
GENE-2714,NO,3.3,3.3,3.3,1.003,0,0.99,0,1.0e+00,1.0e+00,0.9999,1313,4,4,2,3,2,5
GENE-2715,NO,49.1,51.5,46.7,0.906,-0.1,0.4,-0.35,7.2e-01,1.0e+00,0.9999,1314,33.7,46.5,74.4,40.6,39.7,59.7
GENE-2717,NO,1.3,1.7,1,0.602,-0.7,1.59,-0.46,6.5e-01,1.0e+00,0.9999,1315,2,2,1,1,0,2
GENE-2721,NO,69.4,60.1,78.8,1.311,0.4,0.31,1.27,2.0e-01,1.0e+00,0.9999,1316,46.6,73.2,60.5,91.1,70.5,74.7
GENE-2724,NO,170.2,163.8,176.7,1.079,0.1,0.25,0.43,6.7e-01,1.0e+00,0.9999,1317,134.9,187.8,168.6,168.4,206.5,155.3
GENE-2726,NO,89.7,87.5,92,1.051,0.1,0.26,0.28,7.8e-01,1.0e+00,0.9999,1318,79.3,102.8,80.3,98.1,88.3,89.6
GENE-2728,NO,9.6,11.6,7.6,0.658,-0.6,0.69,-0.87,3.9e-01,1.0e+00,0.9999,1319,5,11.9,17.9,10.9,6,6
GENE-2730,NO,8.3,8.2,8.3,1.002,0,0.67,0,1.0e+00,1.0e+00,0.9999,1320,8.9,8.9,6.9,10.9,4,10
GENE-2732,NO,148.6,143.7,153.6,1.069,0.1,0.22,0.45,6.6e-01,1.0e+00,0.9999,1321,146.8,135.4,148.8,157.5,155.9,147.3
GENE-2735,NO,347.8,345.8,349.8,1.012,0,0.18,0.09,9.3e-01,1.0e+00,0.9999,1322,350.1,340.1,347.1,363.5,343.5,342.5
GENE-2736,NO,23.3,20.1,26.5,1.316,0.4,0.56,0.7,4.8e-01,1.0e+00,0.9999,1323,13.9,30.6,15.9,13.9,21.8,43.8
GENE-2737,NO,0.7,0,1.3,7.257,2.9,2.76,1.04,3.0e-01,1.0e+00,0.9999,1324,0,0,0,3,0,1
GENE-2741,NO,385.1,363.9,406.2,1.116,0.2,0.23,0.7,4.9e-01,1.0e+00,0.9999,1325,336.2,385.5,369.9,342.7,385.2,490.8
GENE-2743,NO,20.3,21.5,19.2,0.894,-0.2,0.54,-0.3,7.7e-01,1.0e+00,0.9999,1326,34.7,9.9,19.8,14.9,20.8,21.9
GENE-2745,NO,1752.2,1861.9,1642.5,0.882,-0.2,0.29,-0.62,5.4e-01,1.0e+00,0.9999,1327,2422.1,1603.5,1560.1,1483.7,1310.3,2133.4
GENE-2747,YES,1.8,2.3,1.3,0.573,-0.8,1.38,-0.58,5.6e-01,1.0e+00,0.9999,1328,2,2,3,2,0,2
GENE-2749,NO,17.4,17.8,16.9,0.947,-0.1,0.49,-0.16,8.7e-01,1.0e+00,0.9999,1329,10.9,21.7,20.8,15.8,18.9,15.9
GENE-2752,NO,0.8,0.7,1,1.503,0.6,2.07,0.28,7.8e-01,1.0e+00,0.9999,1330,0,1,1,2,0,1
GENE-2755,NO,5.5,6.3,4.6,0.738,-0.4,0.83,-0.53,6.0e-01,1.0e+00,0.9999,1331,9.9,4.9,4,6.9,4,3
GENE-2758,NO,23.3,21.8,24.8,1.139,0.2,0.43,0.43,6.7e-01,1.0e+00,0.9999,1332,26.8,14.8,23.8,20.8,27.8,25.9
GENE-2761,NO,31.7,27.1,36.4,1.344,0.4,0.43,0.99,3.2e-01,1.0e+00,0.9999,1333,24.8,23.7,32.7,52.5,23.8,32.9
GENE-2763,NO,127.3,118.9,135.7,1.142,0.2,0.24,0.8,4.2e-01,1.0e+00,0.9999,1334,115.1,118.6,123,121.8,130,155.3
GENE-2764,NO,12.1,15.2,8.9,0.589,-0.8,0.61,-1.26,2.1e-01,1.0e+00,0.9999,1335,12.9,17.8,14.9,8.9,4,13.9
GENE-2767,NO,1,0.7,1.3,2.005,1,1.81,0.55,5.8e-01,1.0e+00,0.9999,1336,1,1,0,1,2,1
GENE-2771,NO,5230.8,5621.7,4839.9,0.861,-0.2,0.16,-1.32,1.9e-01,1.0e+00,0.9999,1337,5483.9,5363,6018.2,5035.4,4901.9,4582.4
GENE-2773,NO,155.4,169.7,141,0.831,-0.3,0.23,-1.18,2.4e-01,1.0e+00,0.9999,1338,154.7,161.1,193.4,136.7,142.9,143.4
GENE-2775,NO,197.3,184.6,209.9,1.137,0.2,0.29,0.64,5.2e-01,1.0e+00,0.9999,1339,188.4,205.6,159.7,145.6,231.3,252.9
GENE-2776,NO,1204.1,1269.4,1138.9,0.897,-0.2,0.22,-0.71,4.8e-01,1.0e+00,0.9999,1340,1421.3,1049.9,1336.9,1014.2,1304.4,1098.1
GENE-2777,NO,773.3,721.9,824.7,1.142,0.2,0.18,1.06,2.9e-01,1.0e+00,0.9999,1341,661.6,724.6,779.6,800.3,881.5,792.4
GENE-2778,NO,2028.4,2087.1,1969.7,0.944,-0.1,0.3,-0.28,7.8e-01,1.0e+00,0.9999,1342,1940,2096.8,2224.6,1226.2,2091.6,2591.3
GENE-2780,NO,102,107.3,96.7,0.9,-0.2,0.24,-0.62,5.4e-01,1.0e+00,0.9999,1343,99.2,101.8,121,96.1,98.3,95.6
GENE-2783,NO,107.9,110.3,105.6,0.957,-0.1,0.28,-0.23,8.2e-01,1.0e+00,0.9999,1344,127,120.6,83.3,97.1,114.2,105.5
GENE-2784,NO,64.6,62.7,66.5,1.06,0.1,0.39,0.21,8.3e-01,1.0e+00,0.9999,1345,62.5,69.2,56.5,91.1,73.5,34.8
GENE-2787,NO,5.3,4.3,6.3,1.465,0.6,0.82,0.67,5.0e-01,1.0e+00,0.9999,1346,4,4,5,3,8.9,7
GENE-2790,NO,662.9,672.4,653.3,0.972,0,0.29,-0.14,8.9e-01,1.0e+00,0.9999,1347,487,938.2,592.1,673.5,632.3,654.1
GENE-2796,NO,1.7,2,1.3,0.668,-0.6,1.45,-0.4,6.9e-01,1.0e+00,0.9999,1348,1,2,3,2,2,0
GENE-2799,NO,24.8,28.7,20.9,0.725,-0.5,0.46,-1.01,3.1e-01,1.0e+00,0.9999,1349,27.8,27.7,30.7,22.8,28.8,11
GENE-2804,NO,730,648.5,811.5,1.251,0.3,0.25,1.3,1.9e-01,1.0e+00,0.9999,1350,565.3,739.4,640.7,653.7,774.3,1006.5
GENE-2808,NO,5.9,6.3,5.6,0.897,-0.2,0.86,-0.18,8.6e-01,1.0e+00,0.9999,1351,3,10.9,5,6.9,2,8
GENE-2809,NO,28.6,22.1,35.1,1.585,0.7,0.53,1.25,2.1e-01,1.0e+00,0.9999,1352,31.7,13.8,20.8,39.6,15.9,49.8
GENE-2810,NO,3.3,3.6,3,0.822,-0.3,1.21,-0.23,8.1e-01,1.0e+00,0.9999,1353,1,6.9,3,1,1,7
GENE-2820,NO,144.3,141.7,147,1.037,0.1,0.27,0.2,8.4e-01,1.0e+00,0.9999,1354,115.1,156.2,153.7,124.8,174.7,141.4
GENE-2826,NO,180.4,174.1,186.7,1.072,0.1,0.24,0.42,6.7e-01,1.0e+00,0.9999,1355,152.7,158.2,211.3,184.2,193.6,182.2
GENE-2828,NO,53.6,57.1,50,0.875,-0.2,0.3,-0.63,5.3e-01,1.0e+00,0.9999,1356,61.5,48.4,61.5,49.5,55.6,44.8
GENE-2833,NO,103.3,116.9,89.7,0.767,-0.4,0.23,-1.63,1.0e-01,1.0e+00,0.9999,1357,118,116.7,116,90.1,87.4,91.6
GENE-2838,NO,40.5,39.6,41.4,1.044,0.1,0.34,0.18,8.5e-01,1.0e+00,0.9999,1358,32.7,46.5,39.7,36.6,45.7,41.8
GENE-2841,NO,1253,1352.7,1153.3,0.853,-0.2,0.17,-1.37,1.7e-01,1.0e+00,0.9999,1359,1398.5,1338.5,1321.1,1242,1100.9,1117
GENE-2850,NO,121.3,122.2,120.5,0.986,0,0.24,-0.09,9.3e-01,1.0e+00,0.9999,1360,131.9,115.7,119,118.9,132,110.5
GENE-2854,NO,125.6,113,138.3,1.225,0.3,0.28,1.04,3.0e-01,1.0e+00,0.9999,1361,103.2,123.6,112.1,172.3,138,104.5
GENE-2867,NO,2.6,4,1.3,0.334,-1.6,1.22,-1.3,1.9e-01,1.0e+00,0.9999,1362,3,4,5,2,2,0
GENE-2869,NO,0.7,1,0.3,0.359,-1.5,2.86,-0.52,6.1e-01,1.0e+00,0.9999,1363,0,0,3,1,0,0
GENE-2870,NO,77.9,82.2,73.5,0.894,-0.2,0.27,-0.61,5.4e-01,1.0e+00,0.9999,1364,79.3,76.1,91.2,67.4,71.5,81.6
GENE-2873,NO,6.3,4,8.6,2.17,1.1,0.81,1.38,1.7e-01,1.0e+00,0.9999,1365,3,3,6,13.9,5,7
GENE-2876,NO,37.2,36,38.4,1.067,0.1,0.36,0.26,7.9e-01,1.0e+00,0.9999,1366,38.7,34.6,34.7,37.6,29.8,47.8
GENE-2878,NO,804.1,725.3,883,1.217,0.3,0.34,0.83,4.1e-01,1.0e+00,0.9999,1367,465.2,652.5,1058.2,721,839.8,1088.1
GENE-2880,NO,11.6,13.2,9.9,0.752,-0.4,0.57,-0.73,4.7e-01,1.0e+00,0.9999,1368,8.9,15.8,14.9,10.9,10.9,8
GENE-2881,NO,57.9,65.7,50,0.76,-0.4,0.36,-1.11,2.7e-01,1.0e+00,0.9999,1369,87.3,60.3,49.6,54.5,37.7,57.7
GENE-2887,NO,1174.7,1224,1125.3,0.919,-0.1,0.3,-0.4,6.9e-01,1.0e+00,0.9999,1370,1208.1,1412.7,1051.3,1590.6,913.3,872.1
GENE-2890,NO,17.5,26,8.9,0.343,-1.5,0.92,-1.69,9.2e-02,1.0e+00,0.9999,1371,9.9,58.3,9.9,19.8,2,5
GENE-2896,NO,10.9,11.9,9.9,0.836,-0.3,0.6,-0.43,6.7e-01,1.0e+00,0.9999,1372,7.9,14.8,12.9,5.9,11.9,11.9
GENE-2898,NO,1.3,1.7,1,0.601,-0.7,2,-0.37,7.1e-01,1.0e+00,0.9999,1373,2,0,3,0,3,0
GENE-2901,NO,4.1,5,3.3,0.668,-0.6,1.09,-0.53,5.9e-01,1.0e+00,0.9999,1374,6.9,2,6,4,0,6
GENE-2904,NO,95.7,94.1,97.3,1.033,0,0.3,0.16,8.7e-01,1.0e+00,0.9999,1375,107.1,78.1,97.2,107,113.2,71.7
GENE-2909,NO,2.1,2,2.3,1.17,0.2,1.33,0.17,8.6e-01,1.0e+00,0.9999,1376,0,3,3,3,1,3
GENE-2915,NO,336.8,339.1,334.4,0.986,0,0.24,-0.09,9.3e-01,1.0e+00,0.9999,1377,319.4,359.8,338.2,294.2,290.9,418.1
GENE-2917,NO,4.6,5.3,4,0.752,-0.4,0.84,-0.49,6.2e-01,1.0e+00,0.9999,1378,6.9,4,5,3,4,5
GENE-2927,NO,2.3,3,1.7,0.557,-0.8,1.19,-0.71,4.8e-01,1.0e+00,0.9999,1379,3,3,3,1,3,1
GENE-2930,NO,895.4,744.6,1046.1,1.405,0.5,0.44,1.11,2.7e-01,1.0e+00,0.9999,1380,572.3,1097.3,564.3,1603.5,495.4,1039.3
GENE-2932,NO,29.4,32.7,26.1,0.799,-0.3,0.72,-0.45,6.5e-01,1.0e+00,0.9999,1381,42.6,15.8,39.7,16.8,55.6,6
GENE-2943,NO,237.2,258,216.4,0.839,-0.3,0.39,-0.66,5.1e-01,1.0e+00,0.9999,1382,402.7,172,199.4,283.3,166.8,199.1
GENE-2948,NO,3.8,2.7,5,1.882,0.9,1.08,0.85,4.0e-01,1.0e+00,0.9999,1383,2,4,2,1,4,10
GENE-2951,NO,5.5,7.6,3.3,0.436,-1.2,0.9,-1.32,1.9e-01,1.0e+00,0.9999,1384,8.9,8.9,5,2,1,7
GENE-2953,NO,23.3,27.1,19.5,0.721,-0.5,0.43,-1.1,2.7e-01,1.0e+00,0.9999,1385,25.8,27.7,27.8,20.8,24.8,12.9
GENE-2961,NO,938.3,932.6,943.9,1.012,0,0.24,0.07,9.4e-01,1.0e+00,0.9999,1386,799.4,1191.2,807.3,933,936.1,962.7
GENE-2962,NO,142,146.6,137.3,0.937,-0.1,0.3,-0.32,7.5e-01,1.0e+00,0.9999,1387,106.1,135.4,198.4,136.7,142.9,132.4
GENE-2964,NO,1,0.7,1.3,2.01,1,2.21,0.46,6.5e-01,1.0e+00,0.9999,1388,0,2,0,0,1,3
GENE-2969,NO,2.5,3.3,1.7,0.501,-1,1.24,-0.8,4.2e-01,1.0e+00,0.9999,1389,2,4,4,2,0,3
GENE-2973,NO,1.2,2,0.3,0.18,-2.5,2.11,-1.17,2.4e-01,1.0e+00,0.9999,1390,0,4,2,1,0,0
GENE-2974,NO,1.3,1.7,1,0.601,-0.7,1.63,-0.45,6.5e-01,1.0e+00,0.9999,1391,1,1,3,2,0,1
GENE-2975,NO,74.5,81.2,67.8,0.835,-0.3,0.31,-0.82,4.1e-01,1.0e+00,0.9999,1392,62.5,103.8,77.4,65.4,78.4,59.7
GENE-2976,NO,22.5,18.1,26.8,1.476,0.6,0.41,1.38,1.7e-01,1.0e+00,0.9999,1393,18.8,16.8,18.8,27.7,25.8,26.9
GENE-2983,NO,92.7,91.5,94,1.028,0,0.25,0.16,8.8e-01,1.0e+00,0.9999,1394,93.2,90.9,90.3,82.2,96.3,103.5
GENE-2987,NO,7.4,5.6,9.3,1.65,0.7,0.76,0.95,3.4e-01,1.0e+00,0.9999,1395,8.9,5.9,2,12.9,8.9,6
GENE-2988,NO,6.3,5.3,7.3,1.378,0.5,0.75,0.62,5.3e-01,1.0e+00,0.9999,1396,5,4.9,6,4,8.9,9
GENE-2994,NO,236.5,241.4,231.7,0.96,-0.1,0.23,-0.26,8.0e-01,1.0e+00,0.9999,1397,266.8,257,200.3,243.6,207.5,243.9
GENE-2995,NO,3.6,3.3,4,1.204,0.3,1.02,0.26,7.9e-01,1.0e+00,0.9999,1398,3,4.9,2,1,5,6
GENE-2996,NO,315.4,317.5,313.4,0.987,0,0.25,-0.07,9.4e-01,1.0e+00,0.9999,1399,350.1,234.3,368,297.1,321.6,321.6
GENE-3000,NO,93.2,97.1,89.4,0.921,-0.1,0.27,-0.44,6.6e-01,1.0e+00,0.9999,1400,90.3,110.7,90.3,87.2,77.4,103.5
GENE-3001,NO,2399.3,2561,2237.6,0.874,-0.2,0.17,-1.11,2.7e-01,1.0e+00,0.9999,1401,2747.4,2306.3,2629.3,2336.5,2117.4,2258.8
GENE-3002,NO,1,0.7,1.3,1.999,1,2.27,0.44,6.6e-01,1.0e+00,0.9999,1402,1,0,1,4,0,0
GENE-3009,NO,174.1,181,167.2,0.924,-0.1,0.25,-0.46,6.5e-01,1.0e+00,0.9999,1403,141.8,202.7,198.4,154.5,163.8,183.2
GENE-3014,NO,343.6,345.4,341.8,0.989,0,0.39,-0.04,9.7e-01,1.0e+00,0.9999,1404,183.5,371.7,481,377.4,408,239.9
GENE-3016,NO,0.7,0.3,1,2.795,1.5,2.44,0.61,5.4e-01,1.0e+00,0.9999,1405,1,0,0,1,2,0
GENE-3018,NO,18.8,20.5,17.2,0.84,-0.3,0.53,-0.47,6.4e-01,1.0e+00,0.9999,1406,21.8,24.7,14.9,22.8,20.8,8
GENE-3024,NO,1912.4,1974,1850.8,0.938,-0.1,0.22,-0.42,6.7e-01,1.0e+00,0.9999,1407,1941,1821.9,2159.1,2109.6,1967.5,1475.4
GENE-3026,NO,129.1,138.7,119.5,0.861,-0.2,0.26,-0.83,4.0e-01,1.0e+00,0.9999,1408,146.8,123.6,145.8,120.8,97.3,140.4
GENE-3028,NO,6.1,5.9,6.3,1.057,0.1,0.8,0.1,9.2e-01,1.0e+00,0.9999,1409,3,5.9,8.9,6.9,8.9,3
GENE-3030,NO,3.6,3,4.3,1.447,0.5,0.94,0.57,5.7e-01,1.0e+00,0.9999,1410,4,3,2,5,5,3
GENE-3036,NO,21.2,24.4,17.9,0.731,-0.5,0.46,-0.99,3.2e-01,1.0e+00,0.9999,1411,20.8,19.8,32.7,13.9,21.8,17.9
GENE-3037,NO,13.1,14.2,11.9,0.839,-0.3,0.54,-0.47,6.4e-01,1.0e+00,0.9999,1412,14.9,12.9,14.9,7.9,11.9,15.9
GENE-3040,NO,29.1,32.4,25.8,0.797,-0.3,0.42,-0.79,4.3e-01,1.0e+00,0.9999,1413,41.7,20.8,34.7,26.7,27.8,22.9
GENE-3051,NO,45.8,50.2,41.4,0.824,-0.3,0.36,-0.78,4.4e-01,1.0e+00,0.9999,1414,46.6,41.5,62.5,46.6,47.6,29.9
GENE-3054,NO,21.1,25.4,16.8,0.664,-0.6,0.45,-1.31,1.9e-01,1.0e+00,0.9999,1415,21.8,30.6,23.8,16.8,21.8,11.9
GENE-3055,NO,21.3,23.8,18.9,0.794,-0.3,0.43,-0.77,4.4e-01,1.0e+00,0.9999,1416,23.8,26.7,20.8,14.9,23.8,17.9
GENE-3058,NO,7.1,6.3,8,1.266,0.3,0.73,0.46,6.4e-01,1.0e+00,0.9999,1417,9.9,4.9,4,8.9,5,10
GENE-3060,NO,448.5,427,470,1.101,0.1,0.2,0.68,5.0e-01,1.0e+00,0.9999,1418,437.4,403.3,440.4,484.3,403,522.6
GENE-3065,NO,73.1,60.1,86.1,1.432,0.5,0.34,1.5,1.3e-01,1.0e+00,0.9999,1419,50.6,51.4,78.4,85.2,63.5,109.5
GENE-3073,NO,2.5,2.3,2.7,1.145,0.2,1.14,0.17,8.6e-01,1.0e+00,0.9999,1420,3,2,2,3,4,1
GENE-3076,NO,7.8,7,8.6,1.241,0.3,0.71,0.44,6.6e-01,1.0e+00,0.9999,1421,4,11.9,5,8.9,8.9,8
GENE-3078,NO,116,106.6,125.4,1.176,0.2,0.31,0.76,4.5e-01,1.0e+00,0.9999,1422,105.1,130.5,84.3,124.8,155.9,95.6
GENE-3089,NO,1.3,1.3,1.3,1.001,0,1.76,0,1.0e+00,1.0e+00,0.9999,1423,2,0,2,3,0,1
GENE-3094,NO,262.9,209.9,315.8,1.504,0.6,0.36,1.64,1.0e-01,1.0e+00,0.9999,1424,116,289.7,224.1,291.2,273,383.3
GENE-3097,NO,57.4,56.8,57.9,1.02,0,0.35,0.08,9.4e-01,1.0e+00,0.9999,1425,56.5,61.3,52.6,38.6,77.4,57.7
GENE-3098,NO,132.8,114.9,150.6,1.311,0.4,0.25,1.54,1.2e-01,1.0e+00,0.9999,1426,116,128.5,100.2,131.7,175.7,144.4
GENE-3099,NO,9.8,8.6,10.9,1.273,0.3,0.73,0.48,6.3e-01,1.0e+00,0.9999,1427,4,9.9,11.9,4,11.9,16.9
GENE-3100,NO,1.8,1.7,2,1.202,0.3,1.52,0.17,8.6e-01,1.0e+00,0.9999,1428,1,3,1,5,1,0
GENE-3103,NO,10.2,10.6,9.9,0.939,-0.1,0.62,-0.15,8.8e-01,1.0e+00,0.9999,1429,8.9,9.9,12.9,12.9,5,11.9
GENE-3105,NO,3.3,4.6,2,0.43,-1.2,1.05,-1.16,2.4e-01,1.0e+00,0.9999,1430,3,4,6.9,1,2,3
GENE-3106,NO,2.8,1.7,4,2.405,1.3,1.39,0.91,3.6e-01,1.0e+00,0.9999,1431,2,1,2,0,9.9,2
GENE-3108,NO,2.5,2.7,2.3,0.876,-0.2,1.25,-0.15,8.8e-01,1.0e+00,0.9999,1432,4,0,4,3,2,2
GENE-3122,NO,43.9,52.2,35.7,0.685,-0.5,0.42,-1.29,2.0e-01,1.0e+00,0.9999,1433,61.5,62.3,32.7,36.6,47.6,22.9
GENE-3124,NO,1,0.7,1.3,2.003,1,2.16,0.46,6.4e-01,1.0e+00,0.9999,1434,2,0,0,2,0,2
GENE-3126,NO,105.8,107,104.6,0.977,0,0.3,-0.11,9.1e-01,1.0e+00,0.9999,1435,107.1,77.1,136.9,109.9,90.3,113.5
GENE-3128,NO,45.6,47.9,43.4,0.906,-0.1,0.32,-0.44,6.6e-01,1.0e+00,0.9999,1436,42.6,52.4,48.6,40.6,37.7,51.8
GENE-3131,NO,159.7,150.7,168.7,1.12,0.2,0.39,0.42,6.7e-01,1.0e+00,0.9999,1437,241,88,123,188.2,169.7,148.3
GENE-3132,NO,80.6,95.4,65.8,0.69,-0.5,0.36,-1.5,1.3e-01,1.0e+00,0.9999,1438,89.3,90.9,106.1,95.1,41.7,60.7
GENE-3138,NO,18,16.5,19.5,1.182,0.2,0.45,0.53,5.9e-01,1.0e+00,0.9999,1439,15.9,14.8,18.8,22.8,18.9,16.9
GENE-3140,NO,3141.1,3244.8,3037.4,0.936,-0.1,0.42,-0.23,8.2e-01,1.0e+00,0.9999,1440,1960.9,2506,5267.4,3118.9,4049.2,1944.2
GENE-3141,NO,1.3,1,1.7,1.671,0.7,1.63,0.46,6.5e-01,1.0e+00,0.9999,1441,1,2,0,1,3,1
GENE-3143,NO,7.6,7.3,7.9,1.093,0.1,0.72,0.18,8.6e-01,1.0e+00,0.9999,1442,11.9,4.9,5,8.9,9.9,5
GENE-3146,NO,36.4,35.7,37.1,1.039,0.1,0.35,0.16,8.7e-01,1.0e+00,0.9999,1443,38.7,33.6,34.7,28.7,39.7,42.8
GENE-3148,NO,1.3,2,0.7,0.334,-1.6,1.84,-0.86,3.9e-01,1.0e+00,0.9999,1444,2,0,4,1,1,0
GENE-3152,NO,29.7,34,25.5,0.749,-0.4,0.43,-0.97,3.3e-01,1.0e+00,0.9999,1445,48.6,29.7,23.8,25.8,29.8,20.9
GENE-3154,NO,0.7,0.7,0.7,1.003,0,2.22,0,1.0e+00,1.0e+00,0.9999,1446,0,1,1,0,1,1
GENE-3164,NO,703.8,659.9,747.7,1.133,0.2,0.26,0.69,4.9e-01,1.0e+00,0.9999,1447,792.5,597.1,590.1,603.2,943.1,696.9
GENE-3165,NO,37,39.6,34.4,0.869,-0.2,0.37,-0.54,5.9e-01,1.0e+00,0.9999,1448,42.6,36.6,39.7,26.7,29.8,46.8
GENE-3172,NO,17.2,15.5,18.9,1.216,0.3,0.5,0.57,5.7e-01,1.0e+00,0.9999,1449,10.9,13.8,21.8,15.8,17.9,22.9
GENE-3181,NO,101,98.1,103.9,1.059,0.1,0.24,0.34,7.3e-01,1.0e+00,0.9999,1450,106.1,90,98.2,101,108.2,102.5
GENE-3195,NO,1343.7,1375.4,1312,0.954,-0.1,0.25,-0.28,7.8e-01,1.0e+00,0.9999,1451,1157.5,1766.6,1202.1,1433.2,1332.2,1170.7
GENE-3204,NO,0.8,1.3,0.3,0.269,-1.9,2.32,-0.82,4.1e-01,1.0e+00,0.9999,1452,0,1,3,1,0,0
GENE-3207,NO,16.9,17.2,16.5,0.963,-0.1,0.47,-0.11,9.1e-01,1.0e+00,0.9999,1453,19.8,15.8,15.9,17.8,18.9,12.9
GENE-3209,NO,7.8,7.6,7.9,1.045,0.1,0.73,0.09,9.3e-01,1.0e+00,0.9999,1454,7.9,3,11.9,5.9,10.9,7
GENE-3217,NO,198.8,194.2,203.4,1.048,0.1,0.28,0.24,8.1e-01,1.0e+00,0.9999,1455,199.4,177,206.3,269.4,187.6,153.3
GENE-3223,NO,5535,5282.4,5787.7,1.096,0.1,0.21,0.62,5.3e-01,1.0e+00,0.9999,1456,4687.4,6082.7,5077,5609.9,6655,5098.1
GENE-3225,NO,1135.6,1051.6,1219.6,1.16,0.2,0.19,1.11,2.7e-01,1.0e+00,0.9999,1457,1165.4,969.8,1019.6,1112.3,1352,1194.6
GENE-3230,NO,111.1,108.3,113.9,1.051,0.1,0.29,0.25,8.0e-01,1.0e+00,0.9999,1458,85.3,133.5,106.1,96.1,118.1,127.4
GENE-3231,NO,10.1,10.9,9.3,0.85,-0.2,0.62,-0.38,7.1e-01,1.0e+00,0.9999,1459,10.9,10.9,10.9,6.9,14.9,6
GENE-3232,NO,138.5,137,140,1.022,0,0.26,0.12,9.0e-01,1.0e+00,0.9999,1460,121,168.1,122,147.6,127.1,145.3
GENE-3235,NO,11.2,9.2,13.2,1.432,0.5,0.57,0.91,3.6e-01,1.0e+00,0.9999,1461,8.9,8.9,9.9,8.9,14.9,15.9
GENE-3238,NO,4.6,5.6,3.7,0.649,-0.6,0.88,-0.71,4.8e-01,1.0e+00,0.9999,1462,6.9,6.9,3,4,2,5
GENE-3240,NO,225.3,221.9,228.7,1.03,0,0.23,0.19,8.5e-01,1.0e+00,0.9999,1463,238,229.3,198.4,216.9,266,203.1
GENE-3241,NO,377.4,372.2,382.7,1.028,0,0.22,0.18,8.6e-01,1.0e+00,0.9999,1464,369,353.9,393.7,310,406,432.1
GENE-3243,NO,12.2,12.9,11.6,0.899,-0.2,0.55,-0.28,7.8e-01,1.0e+00,0.9999,1465,15.9,12.9,9.9,13.9,8.9,11.9
GENE-3245,NO,257.2,269.8,244.6,0.906,-0.1,0.23,-0.63,5.3e-01,1.0e+00,0.9999,1466,300.5,286.7,222.2,261.5,228.3,243.9
GENE-3247,NO,320.2,308.1,332.2,1.078,0.1,0.22,0.5,6.1e-01,1.0e+00,0.9999,1467,294.6,298.5,331.3,341.7,374.2,280.7
GENE-3254,NO,98,107,89,0.832,-0.3,0.31,-0.87,3.8e-01,1.0e+00,0.9999,1468,108.1,85,127.9,110.9,70.5,85.6
GENE-3257,NO,18.3,18.2,18.5,1.02,0,0.47,0.06,9.5e-01,1.0e+00,0.9999,1469,16.9,23.7,13.9,19.8,20.8,14.9
GENE-3258,NO,73.4,73,73.9,1.011,0,0.58,0.03,9.8e-01,1.0e+00,0.9999,1470,144.8,28.7,45.6,45.6,79.4,96.6
GENE-3261,NO,7158.5,6743.4,7573.6,1.123,0.2,0.19,0.9,3.7e-01,1.0e+00,0.9999,1471,6699.8,7516.1,6014.3,7543.2,6974.6,8203.1
GENE-3262,NO,2270.1,2466.5,2073.8,0.841,-0.3,0.21,-1.18,2.4e-01,1.0e+00,0.9999,1472,2391.3,2859.9,2148.2,2369.1,1919.9,1932.3
GENE-3263,NO,170.7,182.6,158.8,0.87,-0.2,0.27,-0.75,4.6e-01,1.0e+00,0.9999,1473,176.5,195.7,175.5,152.5,202.5,121.5
GENE-3268,NO,155.1,145.3,164.9,1.135,0.2,0.31,0.59,5.6e-01,1.0e+00,0.9999,1474,117,170,148.8,145.6,127.1,222
GENE-3271,NO,251.3,250.7,251.8,1.005,0,0.23,0.03,9.8e-01,1.0e+00,0.9999,1475,269.8,201.7,280.7,270.4,250.2,234.9
GENE-3274,NO,690.9,692.4,689.4,0.996,0,0.21,-0.03,9.8e-01,1.0e+00,0.9999,1476,573.3,791.8,712.1,679.4,706.8,681.9
GENE-3277,NO,641.6,656.3,626.9,0.955,-0.1,0.25,-0.27,7.9e-01,1.0e+00,0.9999,1477,766.7,529.9,672.4,637.8,514.2,728.7
GENE-3284,NO,4.1,4,4.3,1.086,0.1,1.16,0.1,9.2e-01,1.0e+00,0.9999,1478,1,4.9,6,5.9,0,7
GENE-3285,NO,2.6,2.7,2.7,1.002,0,1.08,0,1.0e+00,1.0e+00,0.9999,1479,4,2,2,2,3,3
GENE-3287,NO,24.5,25.8,23.2,0.9,-0.2,0.53,-0.29,7.7e-01,1.0e+00,0.9999,1480,34.7,28.7,13.9,13.9,35.7,19.9
GENE-3296,NO,629.8,663.2,596.4,0.899,-0.2,0.26,-0.6,5.5e-01,1.0e+00,0.9999,1481,498.9,853.1,637.7,613.1,574.8,601.3
GENE-3299,NO,2396.5,2143.5,2649.4,1.236,0.3,0.17,1.75,8.0e-02,1.0e+00,0.9999,1482,2360.6,1930.7,2139.3,2595.9,2638.6,2713.8
GENE-3304,NO,823.8,810.4,837.2,1.033,0,0.25,0.19,8.5e-01,1.0e+00,0.9999,1483,757.8,804.7,868.8,786.4,1064.2,661
GENE-3305,NO,44.1,44.9,43.4,0.965,-0.1,0.4,-0.13,9.0e-01,1.0e+00,0.9999,1484,38.7,32.6,63.5,33.7,55.6,40.8
GENE-3311,NO,1754,2578,930,0.361,-1.5,0.99,-1.48,1.4e-01,1.0e+00,0.9999,1485,5943.1,979.7,811.3,772.5,457.6,1560
GENE-3313,NO,603,553.1,652.9,1.18,0.2,0.25,0.95,3.4e-01,1.0e+00,0.9999,1486,525.7,639.6,493.9,621,815,522.6
GENE-3315,NO,1524.6,1554.3,1494.9,0.962,-0.1,0.22,-0.26,8.0e-01,1.0e+00,0.9999,1487,1322.1,1732,1608.7,1381.7,1760,1343
GENE-3326,NO,14.1,14.2,13.9,0.978,0,0.62,-0.05,9.6e-01,1.0e+00,0.9999,1488,9.9,6.9,25.8,16.8,11.9,12.9
GENE-3329,NO,4.5,3,6,2.005,1,0.94,1.06,2.9e-01,1.0e+00,0.9999,1489,1,4.9,3,6.9,3,8
GENE-3330,NO,268.2,263.9,272.6,1.033,0,0.29,0.16,8.7e-01,1.0e+00,0.9999,1490,302.5,265.9,223.2,279.3,349.4,189.1
GENE-3332,NO,385.3,413.8,356.7,0.862,-0.2,0.22,-0.97,3.3e-01,1.0e+00,0.9999,1491,339.2,429,473.1,364.5,373.2,332.5
GENE-3333,NO,269.2,269.5,269,0.998,0,0.27,-0.01,9.9e-01,1.0e+00,0.9999,1492,250.9,287.7,269.8,348.6,205.5,252.9
GENE-3338,NO,438.2,442.2,434.2,0.982,0,0.22,-0.12,9.0e-01,1.0e+00,0.9999,1493,490,424.1,412.6,502.2,369.3,431.1
GENE-3340,NO,1.3,2,0.7,0.334,-1.6,1.78,-0.89,3.8e-01,1.0e+00,0.9999,1494,3,2,1,0,0,2
GENE-3343,NO,43,39,47,1.205,0.3,0.38,0.71,4.8e-01,1.0e+00,0.9999,1495,40.7,25.7,50.6,49.5,53.6,37.8
GENE-3345,NO,403,398.3,407.8,1.024,0,0.21,0.16,8.7e-01,1.0e+00,0.9999,1496,438.4,405.3,351.1,365.5,441.7,416.1
GENE-3346,NO,59.2,58.8,59.6,1.014,0,0.39,0.05,9.6e-01,1.0e+00,0.9999,1497,71.4,71.2,33.7,45.6,66.5,66.7
GENE-3347,NO,30.3,30,30.5,1.013,0,0.42,0.04,9.6e-01,1.0e+00,0.9999,1498,22.8,24.7,42.6,33.7,24.8,32.9
GENE-3349,NO,662.5,711.1,613.8,0.863,-0.2,0.31,-0.69,4.9e-01,1.0e+00,0.9999,1499,552.5,618.8,962,451.6,695.9,693.9
GENE-3350,NO,42.7,32.4,53,1.636,0.7,0.4,1.79,7.3e-02,1.0e+00,0.9999,1500,27.8,22.7,46.6,64.4,43.7,50.8
GENE-3352,NO,147.2,145.8,148.5,1.018,0,0.43,0.06,9.5e-01,1.0e+00,0.9999,1501,119,239.2,79.3,181.3,156.8,107.5
GENE-3353,NO,156.8,133.2,180.4,1.354,0.4,2.37,0.18,8.5e-01,1.0e+00,0.9999,1502,388.8,0,10.9,9.9,115.2,416.1
GENE-3361,NO,517.2,509.2,525.2,1.031,0,0.23,0.19,8.5e-01,1.0e+00,0.9999,1503,521.7,560.5,445.3,618,437.8,519.7
GENE-3362,NO,1.8,2.7,1,0.376,-1.4,1.49,-0.95,3.4e-01,1.0e+00,0.9999,1504,1,2,5,2,0,1
GENE-3363,NO,7.8,8.6,7,0.809,-0.3,0.71,-0.43,6.7e-01,1.0e+00,0.9999,1505,7.9,7.9,9.9,10.9,3,7
GENE-3366,NO,43.3,44.6,42,0.943,-0.1,0.37,-0.23,8.2e-01,1.0e+00,0.9999,1506,35.7,61.3,36.7,37.6,41.7,46.8
GENE-3371,NO,9.1,7.3,10.9,1.502,0.6,0.68,0.87,3.8e-01,1.0e+00,0.9999,1507,8.9,3,9.9,10.9,13.9,8
GENE-3374,YES,3.8,5.6,2,0.354,-1.5,1.01,-1.48,1.4e-01,1.0e+00,0.9999,1508,6,7.9,3,2,3,1
GENE-3382,NO,149.4,162.5,136.4,0.839,-0.3,0.25,-1.01,3.1e-01,1.0e+00,0.9999,1509,169.6,146.3,171.6,160.5,111.2,137.4
GENE-3383,NO,50.2,40,60.5,1.513,0.6,0.68,0.88,3.8e-01,1.0e+00,0.9999,1510,38.7,16.8,64.5,127.8,28.8,24.9
GENE-3393,NO,1444.1,1257.4,1630.8,1.297,0.4,0.32,1.18,2.4e-01,1.0e+00,0.9999,1511,1487.8,1405.7,878.7,2058.1,1721.3,1113
GENE-3394,NO,90.2,87.5,93,1.063,0.1,0.29,0.31,7.6e-01,1.0e+00,0.9999,1512,84.3,106.8,71.4,107,89.3,82.6
GENE-3401,NO,6.8,5,8.6,1.737,0.8,0.77,1.03,3.0e-01,1.0e+00,0.9999,1513,6,3,6,5,13.9,7
GENE-3402,NO,92.2,84.8,99.6,1.174,0.2,0.25,0.92,3.6e-01,1.0e+00,0.9999,1514,81.3,92.9,80.3,92.1,106.2,100.5
GENE-3406,NO,494.3,543.7,444.9,0.818,-0.3,0.42,-0.68,4.9e-01,1.0e+00,0.9999,1515,680.4,705.8,245,576.4,454.6,303.6
GENE-3409,NO,888,924.7,851.3,0.921,-0.1,0.26,-0.45,6.5e-01,1.0e+00,0.9999,1516,834.1,1202.1,737.9,858.7,732.6,962.7
GENE-3415,NO,213.7,218.7,208.8,0.955,-0.1,0.22,-0.31,7.6e-01,1.0e+00,0.9999,1517,200.4,211.6,244,204,226.3,196.1
GENE-3417,NO,0.7,0.7,0.7,1.003,0,2.48,0,1.0e+00,1.0e+00,0.9999,1518,0,2,0,1,1,0
GENE-3418,NO,14.7,12.5,16.9,1.344,0.4,0.58,0.74,4.6e-01,1.0e+00,0.9999,1519,9.9,8.9,18.8,23.8,16.9,10
GENE-3420,NO,17.9,14.9,20.8,1.403,0.5,0.47,1.03,3.0e-01,1.0e+00,0.9999,1520,13.9,15.8,14.9,26.7,20.8,14.9
GENE-3422,NO,393.6,422.4,364.7,0.864,-0.2,0.19,-1.1,2.7e-01,1.0e+00,0.9999,1521,437.4,418.2,411.6,327.8,397.1,369.3
GENE-3424,NO,63.1,56.4,69.9,1.237,0.3,0.29,1.06,2.9e-01,1.0e+00,0.9999,1522,48.6,65.2,55.5,65.4,74.5,69.7
GENE-3425,NO,13.1,13.5,12.6,0.929,-0.1,0.51,-0.21,8.3e-01,1.0e+00,0.9999,1523,13.9,13.8,12.9,12.9,13.9,11
GENE-3426,NO,5,4,6,1.502,0.6,0.92,0.64,5.2e-01,1.0e+00,0.9999,1524,7.9,2,2,8.9,4,5
GENE-3428,NO,1.7,1.3,2,1.503,0.6,1.37,0.43,6.7e-01,1.0e+00,0.9999,1525,2,1,1,2,1,3
GENE-3432,NO,8.1,7.3,8.9,1.23,0.3,0.68,0.44,6.6e-01,1.0e+00,0.9999,1526,7.9,9.9,4,11.9,7.9,7
GENE-3441,NO,273.7,289,258.5,0.894,-0.2,0.2,-0.79,4.3e-01,1.0e+00,0.9999,1527,322.3,270.9,273.7,246.6,270,258.8
GENE-3449,NO,40,41,39,0.954,-0.1,0.33,-0.21,8.3e-01,1.0e+00,0.9999,1528,39.7,37.6,45.6,41.6,37.7,37.8
GENE-3451,NO,214.2,201.5,227,1.127,0.2,0.24,0.71,4.8e-01,1.0e+00,0.9999,1529,179.5,181.9,243,256.5,218.4,206.1
GENE-3457,NO,85.3,104.8,65.8,0.628,-0.7,1.77,-0.38,7.0e-01,1.0e+00,0.9999,1530,75.4,0,239,68.3,69.5,59.7
GENE-3459,NO,1.2,2,0.3,0.179,-2.5,2.11,-1.17,2.4e-01,1.0e+00,0.9999,1531,4,0,2,1,0,0
GENE-3466,NO,15.5,18.2,12.9,0.71,-0.5,0.58,-0.85,4.0e-01,1.0e+00,0.9999,1532,14.9,13.8,25.8,20.8,10.9,7
GENE-3468,NO,16.4,13.2,19.5,1.478,0.6,0.51,1.1,2.7e-01,1.0e+00,0.9999,1533,19.8,11.9,7.9,19.8,18.9,19.9
GENE-3474,NO,1.2,0.7,1.7,2.504,1.3,1.88,0.7,4.8e-01,1.0e+00,0.9999,1534,0,0,2,1,3,1
GENE-3477,NO,58.3,65.7,50.9,0.775,-0.4,0.57,-0.65,5.2e-01,1.0e+00,0.9999,1535,50.6,108.7,37.7,81.2,52.6,18.9
GENE-3480,NO,381.1,343.5,418.7,1.219,0.3,0.24,1.2,2.3e-01,1.0e+00,0.9999,1536,400.7,293.6,336.2,399.1,363.3,493.8
GENE-3481,NO,10.4,11.9,8.9,0.752,-0.4,0.65,-0.63,5.3e-01,1.0e+00,0.9999,1537,11.9,10.9,12.9,3,10.9,12.9
GENE-3483,NO,1.7,2.7,0.7,0.251,-2,1.56,-1.28,2.0e-01,1.0e+00,0.9999,1538,2,4,2,0,1,1
GENE-3487,NO,56.5,57.1,55.9,0.979,0,0.36,-0.08,9.3e-01,1.0e+00,0.9999,1539,56.5,75.1,39.7,51.5,47.6,68.7
GENE-3488,NO,3.3,4,2.7,0.669,-0.6,1.03,-0.56,5.7e-01,1.0e+00,0.9999,1540,4,4.9,3,2,1,5
GENE-3494,NO,33.1,31.3,34.7,1.108,0.1,0.4,0.37,7.1e-01,1.0e+00,0.9999,1541,31.7,39.5,22.8,39.6,38.7,25.9
GENE-3497,NO,16.7,20.8,12.5,0.605,-0.7,0.53,-1.36,1.7e-01,1.0e+00,0.9999,1542,17.9,28.7,15.9,17.8,7.9,11.9
GENE-3501,NO,1835.6,1867.9,1803.3,0.965,-0.1,0.16,-0.31,7.5e-01,1.0e+00,0.9999,1543,1940,1803.1,1860.6,1823.4,1877.2,1709.3
GENE-3502,NO,456.2,461,451.5,0.979,0,0.22,-0.14,8.9e-01,1.0e+00,0.9999,1544,494.9,505.2,382.8,453.6,406,494.8
GENE-3506,NO,61.2,69,53.3,0.772,-0.4,0.3,-1.23,2.2e-01,1.0e+00,0.9999,1545,79.3,64.3,63.5,45.6,50.6,63.7
GENE-3512,NO,783.6,779.4,787.8,1.011,0,0.21,0.07,9.4e-01,1.0e+00,0.9999,1546,859.9,724.6,753.8,922.1,715.7,725.7
GENE-3513,NO,19.8,19.5,20.2,1.036,0.1,0.46,0.11,9.1e-01,1.0e+00,0.9999,1547,16.9,20.8,20.8,26.7,19.9,13.9
GENE-3514,NO,97.7,91.2,104.2,1.143,0.2,0.32,0.61,5.4e-01,1.0e+00,0.9999,1548,96.2,77.1,100.2,105,135,72.7
GENE-3519,NO,4.1,4.3,4,0.926,-0.1,0.92,-0.12,9.0e-01,1.0e+00,0.9999,1549,2,6.9,4,3,4,5
GENE-3522,NO,1327.4,1466.4,1188.5,0.811,-0.3,0.24,-1.28,2.0e-01,1.0e+00,0.9999,1550,1493.7,1685.5,1219.9,1298.5,956,1311.1
GENE-3523,NO,51.1,54.8,47.3,0.863,-0.2,0.39,-0.55,5.8e-01,1.0e+00,0.9999,1551,45.6,72.2,46.6,55.5,56.6,29.9
GENE-3529,NO,27.6,30.4,24.8,0.817,-0.3,0.38,-0.76,4.5e-01,1.0e+00,0.9999,1552,25.8,29.7,35.7,22.8,23.8,27.9
GENE-3531,NO,2.8,3,2.7,0.89,-0.2,1.16,-0.14,8.9e-01,1.0e+00,0.9999,1553,2,1,6,3,4,1
GENE-3533,NO,85.5,81.9,89,1.087,0.1,0.27,0.44,6.6e-01,1.0e+00,0.9999,1554,68.4,96.9,80.3,87.2,94.3,85.6
GENE-3534,NO,86.6,92.4,80.8,0.874,-0.2,0.3,-0.66,5.1e-01,1.0e+00,0.9999,1555,82.3,90.9,104.1,59.4,92.3,90.6
GENE-3536,NO,29.2,34.7,23.8,0.687,-0.5,0.42,-1.29,2.0e-01,1.0e+00,0.9999,1556,45.6,31.6,26.8,26.7,27.8,16.9
GENE-3540,NO,0.7,1,0.3,0.359,-1.5,2.2,-0.67,5.0e-01,1.0e+00,0.9999,1557,1,1,1,0,1,0
GENE-3543,NO,56.4,60.1,52.6,0.875,-0.2,0.42,-0.45,6.5e-01,1.0e+00,0.9999,1558,76.4,57.3,46.6,69.3,26.8,61.7
GENE-3549,NO,1143.3,1234.4,1052.2,0.852,-0.2,0.17,-1.32,1.9e-01,1.0e+00,0.9999,1559,1117.8,1282.2,1303.2,1022.1,1034.4,1100
GENE-3552,NO,1.5,1.3,1.7,1.253,0.3,1.42,0.23,8.2e-01,1.0e+00,0.9999,1560,1,1,2,2,1,2
GENE-3557,NO,381.1,400.5,361.7,0.903,-0.1,0.22,-0.66,5.1e-01,1.0e+00,0.9999,1561,399.7,469.6,332.3,383.3,344.5,357.4
GENE-3560,NO,6,4.3,7.6,1.773,0.8,0.75,1.11,2.7e-01,1.0e+00,0.9999,1562,4,4.9,4,8.9,6.9,7
GENE-3568,NO,188.1,176.7,199.6,1.13,0.2,0.24,0.75,4.5e-01,1.0e+00,0.9999,1563,156.7,185.9,187.4,170.4,228.3,200.1
GENE-3570,NO,101.8,96.1,107.6,1.119,0.2,0.24,0.67,5.0e-01,1.0e+00,0.9999,1564,88.3,102.8,97.2,100,107.2,115.5
GENE-3571,NO,976.9,887.9,1065.9,1.2,0.3,0.22,1.21,2.3e-01,1.0e+00,0.9999,1565,869.8,1028.1,765.7,1026.1,952,1219.5
GENE-3573,NO,576.4,596.7,556.1,0.932,-0.1,0.19,-0.52,6.0e-01,1.0e+00,0.9999,1566,615.9,618.8,555.4,501.2,541,626.2
GENE-3574,NO,13.6,13.5,13.6,1.003,0,0.66,0.01,1.0e+00,1.0e+00,0.9999,1567,18.8,9.9,11.9,5,11.9,23.9
GENE-3575,NO,13.9,15.2,12.6,0.828,-0.3,0.55,-0.5,6.2e-01,1.0e+00,0.9999,1568,14.9,18.8,11.9,15.8,14.9,7
GENE-3578,NO,356.3,404.9,307.7,0.76,-0.4,0.26,-1.5,1.3e-01,1.0e+00,0.9999,1569,348.1,357.9,508.8,372.4,268,282.7
GENE-3579,NO,5.5,5,6,1.201,0.3,0.88,0.3,7.6e-01,1.0e+00,0.9999,1570,4,3,7.9,9.9,6,2
GENE-3584,NO,64,70,57.9,0.827,-0.3,0.29,-0.95,3.4e-01,1.0e+00,0.9999,1571,61.5,65.2,83.3,56.5,58.6,58.7
GENE-3585,NO,4,3.3,4.7,1.403,0.5,0.94,0.52,6.0e-01,1.0e+00,0.9999,1572,1,4,5,5,5,4
GENE-3592,NO,683,950,416,0.438,-1.2,1.05,-1.13,2.6e-01,1.0e+00,0.9999,1573,493.9,148.3,2207.7,646.8,346.4,254.9
GENE-3598,NO,21,19.5,22.5,1.155,0.2,0.42,0.49,6.2e-01,1.0e+00,0.9999,1574,18.8,22.7,16.9,20.8,24.8,21.9
GENE-3601,NO,1206.5,1252,1161.1,0.927,-0.1,0.21,-0.52,6.1e-01,1.0e+00,0.9999,1575,1432.2,1210,1113.8,1213.3,997.6,1272.3
GENE-3603,NO,38.9,38.3,39.4,1.028,0,0.41,0.1,9.2e-01,1.0e+00,0.9999,1576,51.6,26.7,36.7,27.7,48.6,41.8
GENE-3606,NO,3.8,3.6,4,1.094,0.1,0.96,0.13,8.9e-01,1.0e+00,0.9999,1577,4,5.9,1,4,4,4
GENE-3607,NO,10.1,11.2,8.9,0.796,-0.3,0.69,-0.47,6.3e-01,1.0e+00,0.9999,1578,6.9,12.9,13.9,6.9,15.9,4
GENE-3614,NO,59.2,58.1,60.2,1.036,0.1,0.35,0.15,8.8e-01,1.0e+00,0.9999,1579,49.6,75.1,49.6,72.3,63.5,44.8
GENE-3617,NO,2.8,2.7,3,1.127,0.2,1.05,0.16,8.7e-01,1.0e+00,0.9999,1580,3,2,3,3,4,2
GENE-3626,NO,25.3,30.4,20.2,0.665,-0.6,0.43,-1.36,1.7e-01,1.0e+00,0.9999,1581,19.8,37.6,33.7,21.8,21.8,16.9
GENE-3627,NO,39,44.6,33.4,0.75,-0.4,0.35,-1.18,2.4e-01,1.0e+00,0.9999,1582,37.7,48.4,47.6,29.7,28.8,41.8
GENE-3629,NO,215.9,191.9,239.9,1.251,0.3,0.22,1.5,1.3e-01,1.0e+00,0.9999,1583,187.5,199.7,188.4,225.8,274,220
GENE-3639,NO,45.6,41.6,49.7,1.194,0.3,0.38,0.67,5.0e-01,1.0e+00,0.9999,1584,49.6,43.5,31.7,32.7,56.6,59.7
GENE-3640,NO,11.2,10.3,12.3,1.196,0.3,0.6,0.43,6.7e-01,1.0e+00,0.9999,1585,12.9,11.9,6,14.9,13.9,8
GENE-3647,NO,231.3,219.9,242.6,1.103,0.1,0.21,0.68,4.9e-01,1.0e+00,0.9999,1586,205.3,229.3,225.1,223.8,267,236.9
GENE-3648,NO,155.1,147.6,162.5,1.101,0.1,0.25,0.56,5.8e-01,1.0e+00,0.9999,1587,152.7,168.1,122,161.4,143.9,182.2
GENE-3651,NO,2652.8,2938.4,2367.1,0.806,-0.3,0.27,-1.14,2.5e-01,1.0e+00,0.9999,1588,3106.4,3674.5,2034.2,2646.5,2087.6,2367.3
GENE-3658,NO,47.3,49.9,44.7,0.896,-0.2,0.39,-0.41,6.8e-01,1.0e+00,0.9999,1589,54.6,46.5,48.6,53.5,55.6,24.9
GENE-3662,NO,64.1,64.1,64.2,1.002,0,0.32,0.01,9.9e-01,1.0e+00,0.9999,1590,75.4,72.2,44.6,63.4,69.5,59.7
GENE-3665,NO,3.5,3.3,3.7,1.103,0.1,0.99,0.14,8.9e-01,1.0e+00,0.9999,1591,2,4,4,3,2,6
GENE-3666,NO,16.9,16.5,17.2,1.043,0.1,0.49,0.12,9.0e-01,1.0e+00,0.9999,1592,14.9,22.7,11.9,17.8,14.9,18.9
GENE-3675,NO,455.5,472.5,438.5,0.928,-0.1,0.19,-0.57,5.7e-01,1.0e+00,0.9999,1593,420.5,509.1,488,419.9,450.7,445
GENE-3678,NO,3.6,4.3,3,0.694,-0.5,1.11,-0.48,6.3e-01,1.0e+00,0.9999,1594,8.9,3,1,4,1,4
GENE-3681,NO,1.7,2,1.3,0.668,-0.6,1.38,-0.42,6.7e-01,1.0e+00,0.9999,1595,3,2,1,2,1,1
GENE-3684,NO,1,1.3,0.7,0.501,-1,1.99,-0.5,6.2e-01,1.0e+00,0.9999,1596,1,0,3,0,1,1
GENE-3687,NO,2,3,1,0.334,-1.6,1.42,-1.12,2.6e-01,1.0e+00,0.9999,1597,2,2,5,1,2,0
GENE-3689,NO,3008.8,3050.2,2967.5,0.973,0,0.19,-0.21,8.4e-01,1.0e+00,0.9999,1598,2674,2979.5,3497.1,3010,2795.4,3097.1
GENE-3693,NO,1.3,1,1.7,1.668,0.7,2.06,0.36,7.2e-01,1.0e+00,0.9999,1599,3,0,0,1,4,0
GENE-3698,NO,111.9,111.9,111.9,0.999,0,0.25,0,1.0e+00,1.0e+00,0.9999,1600,120,121.6,94.2,110.9,113.2,111.5
GENE-3705,NO,168.1,175,161.2,0.921,-0.1,0.23,-0.52,6.0e-01,1.0e+00,0.9999,1601,173.6,193.8,157.7,168.4,171.7,143.4
GENE-3712,NO,1.3,1.7,1,0.601,-0.7,1.8,-0.41,6.8e-01,1.0e+00,0.9999,1602,3,1,1,0,3,0
GENE-3719,NO,4.8,4.3,5.3,1.234,0.3,0.89,0.34,7.3e-01,1.0e+00,0.9999,1603,6,3,4,5,2,9
GENE-3720,NO,3.8,4,3.7,0.918,-0.1,1.08,-0.11,9.1e-01,1.0e+00,0.9999,1604,8.9,2,1,5,4,2
GENE-3724,NO,54.7,51.5,57.9,1.124,0.2,0.35,0.49,6.3e-01,1.0e+00,0.9999,1605,65.5,54.4,34.7,50.5,63.5,59.7
GENE-3727,NO,538.4,512.8,563.9,1.099,0.1,0.26,0.53,6.0e-01,1.0e+00,0.9999,1606,540.5,519,479,527.9,730.6,433.1
GENE-3731,NO,114.8,128.1,101.6,0.793,-0.3,0.39,-0.85,4.0e-01,1.0e+00,0.9999,1607,147.8,158.2,78.4,131.7,61.5,111.5
GENE-3741,NO,65.6,66.1,65.2,0.987,0,0.28,-0.07,9.5e-01,1.0e+00,0.9999,1608,72.4,62.3,63.5,65.4,70.5,59.7
GENE-3744,NO,1797.5,2323.8,1271.2,0.547,-0.9,2.08,-0.42,6.8e-01,1.0e+00,0.9999,1609,484,6399,88.3,1472.8,2338.8,2
GENE-3745,NO,136.4,126.1,146.7,1.163,0.2,0.3,0.73,4.7e-01,1.0e+00,0.9999,1610,106.1,136.4,135.9,114.9,130,195.1
GENE-3746,NO,21.8,23.8,19.9,0.835,-0.3,0.44,-0.59,5.5e-01,1.0e+00,0.9999,1611,26.8,24.7,19.8,18.8,14.9,25.9
GENE-3748,NO,7.1,8.2,6,0.722,-0.5,0.69,-0.68,5.0e-01,1.0e+00,0.9999,1612,6.9,7.9,9.9,6.9,4,7
GENE-3753,NO,2322.6,2496.1,2149.2,0.861,-0.2,0.18,-1.17,2.4e-01,1.0e+00,0.9999,1613,2397.3,2692.9,2398.2,2370.1,2166,1911.4
GENE-3759,NO,145.6,128.5,162.8,1.267,0.3,0.31,1.1,2.7e-01,1.0e+00,0.9999,1614,90.3,142.4,152.7,200.1,157.8,130.4
GENE-3766,NO,0.8,0.3,1.3,3.731,1.9,2.06,0.92,3.6e-01,1.0e+00,0.9999,1615,1,0,0,1,1,2
GENE-3769,NO,410.2,390.1,430.3,1.103,0.1,0.23,0.6,5.5e-01,1.0e+00,0.9999,1616,368,344,458.2,361.5,489.4,440
GENE-3777,NO,7673.4,7932,7414.8,0.935,-0.1,0.17,-0.57,5.7e-01,1.0e+00,0.9999,1617,7753.2,8354.4,7688.4,7001.4,8155.9,7087.1
GENE-3778,NO,2.6,2.3,3,1.288,0.4,1.22,0.3,7.6e-01,1.0e+00,0.9999,1618,2,2,3,1,6.9,1
GENE-3784,NO,8.9,9.2,8.6,0.931,-0.1,0.61,-0.17,8.7e-01,1.0e+00,0.9999,1619,8.9,9.9,8.9,6.9,10.9,8
GENE-3786,NO,179.4,165.5,193.3,1.168,0.2,0.21,1.05,2.9e-01,1.0e+00,0.9999,1620,149.8,173,173.6,198.1,197.5,184.2
GENE-3802,NO,0.8,1.3,0.3,0.269,-1.9,2.06,-0.92,3.6e-01,1.0e+00,0.9999,1621,2,1,1,0,0,1
GENE-3804,NO,117.8,126.1,109.5,0.868,-0.2,0.32,-0.64,5.3e-01,1.0e+00,0.9999,1622,106.1,166.1,106.1,134.7,111.2,82.6
GENE-3812,NO,0.8,0,1.7,9.088,3.2,2.53,1.26,2.1e-01,1.0e+00,0.9999,1623,0,0,0,0,3,2
GENE-3813,NO,199,193.2,204.9,1.06,0.1,0.2,0.42,6.7e-01,1.0e+00,0.9999,1624,183.5,202.7,193.4,203,202.5,209.1
GENE-3820,NO,49.1,46.2,52,1.124,0.2,0.35,0.49,6.3e-01,1.0e+00,0.9999,1625,43.6,48.4,46.6,42.6,70.5,42.8
GENE-3821,NO,56.7,60.8,52.6,0.866,-0.2,0.3,-0.69,4.9e-01,1.0e+00,0.9999,1626,63.5,61.3,57.5,49.5,45.7,62.7
GENE-3822,NO,19.2,15.8,22.5,1.42,0.5,0.48,1.06,2.9e-01,1.0e+00,0.9999,1627,12.9,21.7,12.9,17.8,28.8,20.9
GENE-3824,NO,13.9,16.2,11.6,0.716,-0.5,0.5,-0.96,3.4e-01,1.0e+00,0.9999,1628,13.9,17.8,16.9,11.9,11.9,11
GENE-3836,NO,102.8,104,101.6,0.977,0,0.26,-0.13,8.9e-01,1.0e+00,0.9999,1629,98.2,116.7,97.2,109.9,87.4,107.5
GENE-3842,NO,6.9,6.9,7,1.002,0,0.78,0,1.0e+00,1.0e+00,0.9999,1630,2,9.9,8.9,8.9,5,7
GENE-3844,NO,19.7,21.1,18.2,0.861,-0.2,0.44,-0.49,6.2e-01,1.0e+00,0.9999,1631,17.9,23.7,21.8,20.8,15.9,17.9
GENE-3845,NO,1.3,1.3,1.3,1.003,0,1.76,0,1.0e+00,1.0e+00,0.9999,1632,0,3,1,2,0,2
GENE-3847,NO,286.8,281,292.6,1.041,0.1,0.22,0.27,7.9e-01,1.0e+00,0.9999,1633,250.9,322.3,269.8,281.3,319.6,276.8
GENE-3848,NO,358.4,368.5,348.2,0.945,-0.1,0.2,-0.41,6.8e-01,1.0e+00,0.9999,1634,372.9,401.4,331.3,349.6,324.6,370.3
GENE-3850,NO,272.3,282.1,262.5,0.93,-0.1,0.28,-0.37,7.1e-01,1.0e+00,0.9999,1635,250.9,218.5,376.9,236.7,271,279.7
GENE-3852,NO,25.9,26.7,25.1,0.94,-0.1,0.48,-0.18,8.5e-01,1.0e+00,0.9999,1636,31.7,32.6,15.9,18.8,36.7,19.9
GENE-3857,NO,371.9,369.9,374,1.011,0,0.28,0.06,9.5e-01,1.0e+00,0.9999,1637,320.4,379.6,409.6,436.8,257.1,428.1
GENE-3859,NO,238.2,221.6,254.9,1.15,0.2,0.2,1.01,3.1e-01,1.0e+00,0.9999,1638,236.1,221.4,207.3,251.6,244.2,268.8
GENE-3863,NO,6.1,7.6,4.7,0.61,-0.7,0.76,-0.94,3.5e-01,1.0e+00,0.9999,1639,5,8.9,8.9,3,6,5
GENE-3867,NO,41.3,38.6,44,1.139,0.2,0.33,0.57,5.7e-01,1.0e+00,0.9999,1640,32.7,45.5,37.7,41.6,45.7,44.8
GENE-3872,NO,334.2,386.8,281.6,0.728,-0.5,0.27,-1.72,8.6e-02,1.0e+00,0.9999,1641,370,321.3,469.1,283.3,338.5,223
GENE-3877,NO,23.3,24.8,21.8,0.882,-0.2,0.4,-0.46,6.5e-01,1.0e+00,0.9999,1642,25.8,25.7,22.8,21.8,21.8,21.9
GENE-3881,NO,21.7,24.8,18.5,0.748,-0.4,0.42,-0.99,3.2e-01,1.0e+00,0.9999,1643,23.8,20.8,29.8,18.8,17.9,18.9
GENE-3882,NO,2.1,1,3.3,3.339,1.7,1.37,1.27,2.1e-01,1.0e+00,0.9999,1644,2,1,0,5,2,3
GENE-3883,NO,48.8,54.2,43.4,0.801,-0.3,0.33,-0.98,3.3e-01,1.0e+00,0.9999,1645,46.6,50.4,65.5,39.6,39.7,50.8
GENE-3889,NO,2.8,2,3.6,1.837,0.9,1.18,0.75,4.6e-01,1.0e+00,0.9999,1646,1,2,3,3,6.9,1
GENE-3899,NO,77.4,70.7,84.1,1.189,0.2,0.36,0.7,4.8e-01,1.0e+00,0.9999,1647,103.2,56.3,52.6,96.1,71.5,84.6
GENE-3901,NO,1.5,0.7,2.3,3.507,1.8,1.63,1.11,2.7e-01,1.0e+00,0.9999,1648,1,0,1,1,4,2
GENE-3903,NO,3.6,3.3,4,1.204,0.3,1.02,0.26,7.9e-01,1.0e+00,0.9999,1649,2,4.9,3,1,5,6
GENE-3910,NO,46.5,43.9,49,1.115,0.2,0.32,0.49,6.2e-01,1.0e+00,0.9999,1650,45.6,43.5,42.6,55.5,39.7,51.8
GENE-3917,NO,1025,1101.4,948.7,0.861,-0.2,0.47,-0.46,6.5e-01,1.0e+00,0.9999,1651,820.2,1343.5,1140.6,898.3,1592.3,355.4
GENE-3924,NO,29.4,25.1,33.8,1.346,0.4,0.59,0.72,4.7e-01,1.0e+00,0.9999,1652,18.8,19.8,36.7,9.9,44.7,46.8
GENE-3927,NO,171.9,172,171.8,0.998,0,0.25,-0.01,9.9e-01,1.0e+00,0.9999,1653,170.6,196.7,148.8,200.1,151.9,163.3
GENE-3933,NO,58.5,69.3,47.6,0.687,-0.5,0.4,-1.34,1.8e-01,1.0e+00,0.9999,1654,105.1,59.3,43.6,57.4,43.7,41.8
GENE-3934,NO,2119.2,2085.5,2153,1.032,0,0.2,0.23,8.2e-01,1.0e+00,0.9999,1655,1900.4,2376.5,1979.6,1972,2419.2,2067.7
GENE-3937,NO,596.5,552,641,1.161,0.2,0.25,0.87,3.9e-01,1.0e+00,0.9999,1656,467.2,689,499.9,727,545,651.1
GENE-3938,NO,89.6,92.4,86.7,0.938,-0.1,0.25,-0.37,7.1e-01,1.0e+00,0.9999,1657,84.3,101.8,91.2,91.1,84.4,84.6
GENE-3940,NO,54.9,58.4,51.3,0.877,-0.2,0.34,-0.56,5.8e-01,1.0e+00,0.9999,1658,43.6,59.3,72.4,60.4,51.6,41.8
GENE-3944,NO,1,0.7,1.3,2.007,1,1.99,0.51,6.1e-01,1.0e+00,0.9999,1659,1,1,0,1,0,3
GENE-3947,NO,6.3,7.6,5,0.654,-0.6,0.89,-0.69,4.9e-01,1.0e+00,0.9999,1660,3,8.9,10.9,1,6,8
GENE-3949,NO,2.6,2.7,2.7,1.002,0,1.17,0,1.0e+00,1.0e+00,0.9999,1661,1,2,5,4,1,3
GENE-3956,NO,11.2,12.9,9.6,0.745,-0.4,0.61,-0.69,4.9e-01,1.0e+00,0.9999,1662,12.9,7.9,17.9,7.9,13.9,7
GENE-3959,NO,1464,1421.2,1506.8,1.06,0.1,0.19,0.44,6.6e-01,1.0e+00,0.9999,1663,1354.8,1282.2,1626.5,1594.6,1419.5,1506.2
GENE-3960,NO,3.8,3.3,4.3,1.303,0.4,0.99,0.38,7.0e-01,1.0e+00,0.9999,1664,1,4.9,4,5,2,6
GENE-3963,NO,1.2,1,1.3,1.337,0.4,1.82,0.23,8.2e-01,1.0e+00,0.9999,1665,1,2,0,2,0,2
GENE-3964,NO,128.3,120.5,136,1.129,0.2,0.27,0.64,5.2e-01,1.0e+00,0.9999,1666,110.1,147.3,104.1,160.5,117.1,130.4
GENE-3967,NO,2295.9,2466.8,2125.1,0.861,-0.2,0.34,-0.63,5.3e-01,1.0e+00,0.9999,1667,1526.4,3194.1,2679.8,1476.7,2598.9,2299.6
GENE-3970,NO,836.4,777.7,895.2,1.151,0.2,0.21,0.97,3.3e-01,1.0e+00,0.9999,1668,715.1,821.5,796.4,995.4,739.6,950.7
GENE-3972,NO,67.3,79.9,54.6,0.684,-0.5,0.42,-1.31,1.9e-01,1.0e+00,0.9999,1669,40.7,100.8,98.2,45.6,47.6,70.7
GENE-3976,NO,1.3,2.3,0.3,0.154,-2.7,2.04,-1.33,1.8e-01,1.0e+00,0.9999,1670,3,4,0,0,0,1
GENE-3977,NO,4.5,2.7,6.3,2.379,1.3,0.92,1.36,1.7e-01,1.0e+00,0.9999,1671,2,3,3,8.9,6.9,3
GENE-3978,NO,4.3,4.7,4,0.859,-0.2,0.85,-0.26,8.0e-01,1.0e+00,0.9999,1672,5,4,5,4,4,4
GENE-3982,NO,7.6,6,9.3,1.559,0.6,0.66,0.96,3.3e-01,1.0e+00,0.9999,1673,6,6.9,5,7.9,8.9,11
GENE-3999,NO,1,0.7,1.3,2.005,1,1.95,0.51,6.1e-01,1.0e+00,0.9999,1674,1,0,1,0,2,2
GENE-4006,NO,214.7,194.5,235,1.208,0.3,0.23,1.2,2.3e-01,1.0e+00,0.9999,1675,196.4,174,213.2,263.5,204.5,236.9
GENE-4007,NO,88.9,83.2,94.6,1.137,0.2,0.25,0.73,4.6e-01,1.0e+00,0.9999,1676,81.3,90,78.4,103,94.3,86.6
GENE-4012,NO,143.8,135.4,152.2,1.124,0.2,0.28,0.6,5.5e-01,1.0e+00,0.9999,1677,126,129.5,150.8,155.5,189.6,111.5
GENE-4017,NO,37.5,38,37.1,0.976,0,0.36,-0.1,9.2e-01,1.0e+00,0.9999,1678,29.8,46.5,37.7,41.6,32.8,36.8
GENE-4019,NO,49.9,52.2,47.6,0.913,-0.1,0.33,-0.4,6.9e-01,1.0e+00,0.9999,1679,54.6,59.3,42.6,57.4,45.7,39.8
GENE-4021,NO,3,3,3,1.002,0,1.06,0,1.0e+00,1.0e+00,0.9999,1680,4,4,1,4,3,2
GENE-4023,NO,934.8,935.3,934.4,0.999,0,0.18,-0.01,9.9e-01,1.0e+00,0.9999,1681,1010.7,909.5,885.7,905.3,882.5,1015.4
GENE-4025,NO,39.2,40.6,37.8,0.929,-0.1,0.35,-0.31,7.6e-01,1.0e+00,0.9999,1682,40.7,41.5,39.7,34.7,30.8,47.8
GENE-4029,NO,6.9,6.3,7.6,1.213,0.3,0.76,0.36,7.2e-01,1.0e+00,0.9999,1683,5,8.9,5,10.9,8.9,3
GENE-4030,NO,1392.3,1409.5,1375.1,0.976,0,0.27,-0.13,8.9e-01,1.0e+00,0.9999,1684,1606.8,1448.3,1173.3,1034,1340.1,1751.1
GENE-4034,NO,305.4,268,342.8,1.279,0.4,0.43,0.83,4.1e-01,1.0e+00,0.9999,1685,208.3,133.5,462.2,392.2,342.5,293.7
GENE-4035,NO,25.9,28.1,23.8,0.849,-0.2,0.4,-0.59,5.6e-01,1.0e+00,0.9999,1686,29.8,32.6,21.8,27.7,22.8,20.9
GENE-4037,NO,202,206.8,197.3,0.954,-0.1,0.31,-0.22,8.3e-01,1.0e+00,0.9999,1687,218.2,161.1,241,160.5,270,161.3
GENE-4039,NO,1.2,1,1.3,1.336,0.4,1.68,0.25,8.0e-01,1.0e+00,0.9999,1688,1,0,2,1,1,2
GENE-4041,NO,146.1,150.6,141.6,0.94,-0.1,0.37,-0.24,8.1e-01,1.0e+00,0.9999,1689,139.8,144.3,167.6,119.8,218.4,86.6
GENE-4044,NO,946.3,942.1,950.4,1.009,0,0.21,0.06,9.5e-01,1.0e+00,0.9999,1690,981.9,975.7,868.8,836.9,891.4,1122.9
GENE-4055,NO,135,130.4,139.6,1.071,0.1,0.31,0.32,7.5e-01,1.0e+00,0.9999,1691,102.2,162.1,127,182.2,115.2,121.5
GENE-4060,NO,2.8,4,1.7,0.418,-1.3,1.15,-1.1,2.7e-01,1.0e+00,0.9999,1692,3,2,6.9,1,2,2
GENE-4061,NO,530.5,526.4,534.6,1.015,0,0.24,0.09,9.3e-01,1.0e+00,0.9999,1693,600.1,515,464.2,550.7,422.9,630.2
GENE-4062,NO,1179,1147.1,1210.9,1.056,0.1,0.19,0.41,6.9e-01,1.0e+00,0.9999,1694,1040.4,1232.7,1168.3,1090.5,1191.2,1350.9
GENE-4067,NO,2,1.3,2.7,2.003,1,1.31,0.77,4.4e-01,1.0e+00,0.9999,1695,2,1,1,4,3,1
GENE-4068,NO,11.1,10.9,11.3,1.033,0,0.68,0.07,9.5e-01,1.0e+00,0.9999,1696,7.9,6.9,17.9,5,16.9,11.9
GENE-4075,NO,0.8,1,0.7,0.668,-0.6,1.91,-0.3,7.6e-01,1.0e+00,0.9999,1697,1,1,1,1,0,1
GENE-4076,NO,459.8,533.8,385.9,0.723,-0.5,0.45,-1.03,3.0e-01,1.0e+00,0.9999,1698,311.4,689,601,612.1,361.3,184.2
GENE-4077,NO,45.3,46.9,43.7,0.932,-0.1,0.33,-0.31,7.6e-01,1.0e+00,0.9999,1699,38.7,55.4,46.6,43.6,38.7,48.8
GENE-4078,NO,297.8,349.7,245.8,0.703,-0.5,0.29,-1.78,7.6e-02,1.0e+00,0.9999,1700,414.6,353.9,280.7,286.2,275,176.2
GENE-4082,NO,21.3,20.5,22.2,1.083,0.1,0.45,0.25,8.0e-01,1.0e+00,0.9999,1701,19.8,16.8,24.8,29.7,17.9,18.9
GENE-4084,NO,30.7,32.4,29.1,0.9,-0.2,0.4,-0.38,7.0e-01,1.0e+00,0.9999,1702,24.8,31.6,40.7,21.8,34.7,30.9
GENE-4087,NO,5.5,5.3,5.6,1.065,0.1,0.77,0.12,9.1e-01,1.0e+00,0.9999,1703,5,4.9,6,5.9,6.9,4
GENE-4089,NO,16.5,18.5,14.6,0.788,-0.3,0.48,-0.72,4.7e-01,1.0e+00,0.9999,1704,13.9,20.8,20.8,14.9,12.9,15.9
GENE-4090,NO,33.7,33.4,34.1,1.022,0,0.38,0.08,9.3e-01,1.0e+00,0.9999,1705,29.8,25.7,44.6,31.7,34.7,35.8
GENE-4093,NO,2.8,2.7,3,1.127,0.2,1.06,0.16,8.7e-01,1.0e+00,0.9999,1706,2,2,4,3,2,4
GENE-4094,NO,1.5,0.3,2.6,7.448,2.9,2.03,1.43,1.5e-01,1.0e+00,0.9999,1707,1,0,0,5.9,2,0
GENE-4095,NO,2.5,1.3,3.7,2.757,1.5,1.36,1.08,2.8e-01,1.0e+00,0.9999,1708,0,1,3,1,6,4
GENE-4096,NO,6.3,6.6,6,0.902,-0.1,0.76,-0.2,8.5e-01,1.0e+00,0.9999,1709,4,5.9,9.9,5.9,4,8
GENE-4098,NO,54.4,51.2,57.6,1.125,0.2,0.3,0.57,5.7e-01,1.0e+00,0.9999,1710,50.6,47.5,55.5,51.5,65.5,55.7
GENE-4102,NO,58.5,59.4,57.6,0.968,0,0.32,-0.14,8.9e-01,1.0e+00,0.9999,1711,55.5,54.4,68.4,73.3,46.7,52.8
GENE-4103,NO,20.3,24.1,16.6,0.687,-0.5,0.69,-0.79,4.3e-01,1.0e+00,0.9999,1712,37.7,13.8,20.8,15.8,4,29.9
GENE-4112,NO,2.1,1.7,2.7,1.604,0.7,1.2,0.57,5.7e-01,1.0e+00,0.9999,1713,2,2,1,2,3,3
GENE-4113,NO,200.5,207.7,193.3,0.931,-0.1,0.2,-0.51,6.1e-01,1.0e+00,0.9999,1714,193.4,218.5,211.3,192.1,194.6,193.1
GENE-4115,NO,41.5,48.2,34.7,0.721,-0.5,0.39,-1.21,2.3e-01,1.0e+00,0.9999,1715,69.4,38.6,36.7,37.6,29.8,36.8
GENE-4118,NO,1.2,1.7,0.7,0.401,-1.3,1.84,-0.72,4.7e-01,1.0e+00,0.9999,1716,2,1,2,0,2,0
GENE-4119,NO,7.8,8.3,7.3,0.882,-0.2,0.73,-0.25,8.0e-01,1.0e+00,0.9999,1717,3,12.9,8.9,5.9,7.9,8
GENE-4120,NO,117,110.9,123.1,1.109,0.1,0.24,0.63,5.3e-01,1.0e+00,0.9999,1718,107.1,118.6,107.1,135.7,121.1,112.5
GENE-4122,NO,17,20.1,13.9,0.689,-0.5,1.84,-0.29,7.7e-01,1.0e+00,0.9999,1719,12.9,30.6,16.9,40.6,1,0
GENE-4125,NO,2165.7,2152.6,2178.9,1.012,0,0.17,0.1,9.2e-01,1.0e+00,0.9999,1720,2106.7,2065.1,2286.1,2164.1,2373.5,1999
GENE-4127,NO,20.3,25.4,15.2,0.599,-0.7,0.45,-1.65,9.8e-02,1.0e+00,0.9999,1721,27.8,29.7,18.8,14.9,16.9,13.9
GENE-4131,NO,2,2,2,1.002,0,1.56,0,1.0e+00,1.0e+00,0.9999,1722,2,4,0,4,0,2
GENE-4135,NO,435.8,457.2,414.4,0.906,-0.1,0.25,-0.57,5.7e-01,1.0e+00,0.9999,1723,477.1,338.1,556.4,409.1,416.9,417.1
GENE-4143,NO,2.6,1.6,3.7,2.209,1.1,1.45,0.79,4.3e-01,1.0e+00,0.9999,1724,0,4.9,0,3,2,6
GENE-4144,NO,4,6.3,1.7,0.264,-1.9,1.3,-1.48,1.4e-01,1.0e+00,0.9999,1725,5,12.9,1,4,0,1
GENE-4148,NO,133.1,141.7,124.5,0.879,-0.2,0.3,-0.62,5.4e-01,1.0e+00,0.9999,1726,173.6,118.6,132.9,92.1,127.1,154.3
GENE-4155,NO,2.5,1.7,3.3,2.003,1,1.3,0.77,4.4e-01,1.0e+00,0.9999,1727,2,0,3,5,1,4
GENE-4160,NO,393.4,330,456.7,1.384,0.5,0.32,1.47,1.4e-01,1.0e+00,0.9999,1728,404.7,216.5,368.9,552.7,344.5,472.9
GENE-4163,NO,31.6,30.7,32.5,1.057,0.1,0.42,0.19,8.5e-01,1.0e+00,0.9999,1729,24.8,38.6,28.8,25.8,25.8,45.8
GENE-4165,NO,17.5,17.2,17.9,1.041,0.1,0.51,0.11,9.1e-01,1.0e+00,0.9999,1730,24.8,10.9,15.9,17.8,13.9,21.9
GENE-4168,NO,62.7,59.1,66.2,1.12,0.2,0.32,0.52,6.1e-01,1.0e+00,0.9999,1731,48.6,62.3,66.5,60.4,55.6,82.6
GENE-4174,NO,1.2,0.7,1.7,2.508,1.3,1.88,0.7,4.8e-01,1.0e+00,0.9999,1732,0,2,0,1,3,1
GENE-4185,NO,10.1,8.6,11.6,1.348,0.4,0.7,0.62,5.4e-01,1.0e+00,0.9999,1733,4,9.9,11.9,18.8,9.9,6
GENE-4191,NO,807.5,740.1,874.9,1.182,0.2,0.23,1.07,2.8e-01,1.0e+00,0.9999,1734,601.1,740.4,878.7,960.7,857.7,806.4
GENE-4193,NO,273.9,276.8,271.1,0.979,0,0.2,-0.15,8.8e-01,1.0e+00,0.9999,1735,290.6,259,280.7,272.4,254.1,286.7
GENE-4203,NO,0.7,0.3,1,2.799,1.5,2.44,0.61,5.4e-01,1.0e+00,0.9999,1736,0,1,0,1,0,2
GENE-4204,NO,6.3,7.6,5,0.653,-0.6,0.76,-0.8,4.2e-01,1.0e+00,0.9999,1737,6.9,4.9,10.9,5.9,3,6
GENE-4206,NO,1163.2,1252.7,1073.8,0.857,-0.2,0.22,-1.01,3.1e-01,1.0e+00,0.9999,1738,1179.3,1140.8,1438.1,903.3,1241.8,1076.2
GENE-4207,NO,2,1,3,3.008,1.6,1.38,1.16,2.5e-01,1.0e+00,0.9999,1739,0,2,1,3,3,3
GENE-4212,NO,309.1,311.8,306.5,0.983,0,0.18,-0.13,8.9e-01,1.0e+00,0.9999,1740,319.4,314.4,301.5,299.1,311.7,308.6
GENE-4213,YES,0.8,1.7,0,0.111,-3.2,2.21,-1.43,1.5e-01,1.0e+00,0.9999,1741,1,1,3,0,0,0
GENE-4225,NO,265.5,252,279,1.107,0.1,0.2,0.73,4.7e-01,1.0e+00,0.9999,1742,246,278.8,231.1,268.4,291.8,276.8
GENE-4228,NO,238.4,247,229.7,0.93,-0.1,0.23,-0.46,6.4e-01,1.0e+00,0.9999,1743,275.7,229.3,236,224.8,199.5,264.8
GENE-4230,NO,2384.2,2647.6,2120.8,0.801,-0.3,0.21,-1.54,1.2e-01,1.0e+00,0.9999,1744,2906.1,2309.3,2727.4,2453.3,1889.1,2019.9
GENE-4231,NO,138.8,153.2,124.5,0.813,-0.3,0.34,-0.88,3.8e-01,1.0e+00,0.9999,1745,160.7,192.8,106.1,110.9,96.3,166.3
GENE-4232,NO,1.2,1.3,1,0.752,-0.4,1.68,-0.24,8.1e-01,1.0e+00,0.9999,1746,1,2,1,0,2,1
GENE-4235,NO,14.2,14.2,14.2,1.002,0,0.5,0.01,1.0e+00,1.0e+00,0.9999,1747,15.9,12.9,13.9,15.8,14.9,11.9
GENE-4237,NO,55.9,65.1,46.6,0.717,-0.5,0.34,-1.42,1.6e-01,1.0e+00,0.9999,1748,72.4,69.2,53.6,37.6,61.5,40.8
GENE-4239,NO,376.7,366.8,386.6,1.054,0.1,0.25,0.3,7.6e-01,1.0e+00,0.9999,1749,330.3,466.6,303.5,363.5,422.9,373.3
GENE-4245,NO,326.3,309.1,343.5,1.111,0.2,0.21,0.73,4.7e-01,1.0e+00,0.9999,1750,313.4,319.3,294.6,393.2,298.8,338.5
GENE-4246,NO,1.2,1,1.3,1.335,0.4,1.68,0.25,8.0e-01,1.0e+00,0.9999,1751,2,0,1,2,1,1
GENE-4249,NO,665,672,658,0.979,0,0.22,-0.14,8.9e-01,1.0e+00,0.9999,1752,613.9,747.4,654.6,580.4,789.2,604.3
GENE-4253,NO,12.1,12.2,11.9,0.975,0,0.61,-0.06,9.5e-01,1.0e+00,0.9999,1753,7.9,12.9,15.9,15.8,13.9,6
GENE-4257,NO,407.1,439.6,374.6,0.852,-0.2,0.21,-1.1,2.7e-01,1.0e+00,0.9999,1754,405.7,450.8,462.2,344.7,434.8,344.4
GENE-4258,NO,4.8,5,4.7,0.935,-0.1,0.82,-0.12,9.1e-01,1.0e+00,0.9999,1755,6,4,5,4,6,4
GENE-4259,NO,1.3,1.3,1.3,1.002,0,1.62,0,1.0e+00,1.0e+00,0.9999,1756,0,1,3,1,2,1
GENE-4261,NO,294.2,281,307.4,1.094,0.1,0.22,0.59,5.6e-01,1.0e+00,0.9999,1757,271.8,315.4,255.9,350.6,300.8,270.8
GENE-4262,NO,265,269.1,260.8,0.969,0,0.21,-0.22,8.2e-01,1.0e+00,0.9999,1758,285.6,280.8,241,256.5,280.9,244.9
GENE-4273,NO,2196.9,2143.8,2250,1.05,0.1,0.23,0.3,7.6e-01,1.0e+00,0.9999,1759,2486.5,1646,2299,2458.3,2049.9,2241.9
GENE-4279,NO,271.6,294.6,248.7,0.844,-0.2,0.3,-0.83,4.1e-01,1.0e+00,0.9999,1760,322.3,295.6,265.8,196.1,202.5,347.4
GENE-4283,NO,6.4,6.9,6,0.859,-0.2,0.72,-0.31,7.6e-01,1.0e+00,0.9999,1761,8.9,4.9,6.9,6.9,6,5
GENE-4286,NO,15.2,14.2,16.2,1.142,0.2,0.51,0.38,7.1e-01,1.0e+00,0.9999,1762,9.9,14.8,17.9,13.9,19.9,14.9
GENE-4287,NO,107.9,93.4,122.5,1.311,0.4,0.39,1,3.2e-01,1.0e+00,0.9999,1763,63.5,134.4,82.3,135.7,78.4,153.3
GENE-4288,NO,14.2,11.5,16.9,1.462,0.5,0.59,0.92,3.6e-01,1.0e+00,0.9999,1764,6.9,16.8,10.9,9.9,15.9,24.9
GENE-4290,NO,57.4,55.5,59.2,1.068,0.1,0.37,0.26,8.0e-01,1.0e+00,0.9999,1765,71.4,61.3,33.7,63.4,50.6,63.7
GENE-4293,NO,4.8,4,5.6,1.42,0.5,0.84,0.6,5.5e-01,1.0e+00,0.9999,1766,5,4,3,4,7.9,5
GENE-4297,NO,440.4,442.2,438.6,0.992,0,0.27,-0.04,9.7e-01,1.0e+00,0.9999,1767,464.2,420.1,442.3,311,566.8,438
GENE-4306,NO,19.7,23.8,15.5,0.654,-0.6,0.62,-0.99,3.2e-01,1.0e+00,0.9999,1768,12.9,12.9,45.6,19.8,13.9,12.9
GENE-4314,NO,88.1,88.5,87.7,0.991,0,0.28,-0.05,9.6e-01,1.0e+00,0.9999,1769,70.4,92.9,102.2,94.1,89.3,79.6
GENE-4315,NO,2509.4,2893.9,2125,0.734,-0.4,0.32,-1.39,1.6e-01,1.0e+00,0.9999,1770,2867.4,2968.7,2845.5,2269.1,1233.9,2872.1
GENE-4319,NO,17.5,16.5,18.5,1.122,0.2,0.55,0.3,7.6e-01,1.0e+00,0.9999,1771,25.8,10.9,12.9,20.8,10.9,23.9
GENE-4326,NO,39.7,36.3,43.1,1.185,0.2,0.41,0.59,5.5e-01,1.0e+00,0.9999,1772,31.7,35.6,41.7,35.7,28.8,64.7
GENE-4327,NO,3.1,2.3,4,1.716,0.8,1.12,0.7,4.9e-01,1.0e+00,0.9999,1773,4,0,3,5,4,3
GENE-4328,NO,35.7,42.3,29.2,0.689,-0.5,0.35,-1.53,1.3e-01,1.0e+00,0.9999,1774,38.7,41.5,46.6,23.8,30.8,32.9
GENE-4331,NO,6.8,8.2,5.3,0.641,-0.6,0.74,-0.87,3.8e-01,1.0e+00,0.9999,1775,9.9,5.9,8.9,3,7.9,5
GENE-4335,NO,23,20.1,25.8,1.282,0.4,0.43,0.84,4.0e-01,1.0e+00,0.9999,1776,15.9,25.7,18.8,22.8,30.8,23.9
GENE-4336,NO,980.3,890.9,1069.6,1.201,0.3,0.28,0.94,3.5e-01,1.0e+00,0.9999,1777,1107.9,970.8,594.1,1160.8,958.9,1089.1
GENE-4339,NO,1.7,1.3,2,1.504,0.6,1.49,0.4,6.9e-01,1.0e+00,0.9999,1778,0,1,3,1,2,3
GENE-4341,NO,415.1,421.5,408.7,0.97,0,0.2,-0.23,8.2e-01,1.0e+00,0.9999,1779,439.4,375.7,449.3,391.2,440.8,394.2
GENE-4351,NO,149.1,158.2,140,0.885,-0.2,0.23,-0.78,4.4e-01,1.0e+00,0.9999,1780,146.8,159.2,168.6,147.6,147.9,124.4
GENE-4355,NO,2840.3,3101.5,2579.1,0.832,-0.3,0.24,-1.09,2.7e-01,1.0e+00,0.9999,1781,3116.3,3853.4,2334.7,2475.1,2501.6,2760.6
GENE-4356,NO,61.5,66.1,56.9,0.861,-0.2,0.33,-0.66,5.1e-01,1.0e+00,0.9999,1782,71.4,48.4,78.4,66.4,56.6,47.8
GENE-4359,NO,2.8,4.3,1.3,0.308,-1.7,1.16,-1.47,1.4e-01,1.0e+00,0.9999,1783,3,5.9,4,1,2,1
GENE-4369,NO,1162.1,1249,1075,0.861,-0.2,0.23,-0.95,3.4e-01,1.0e+00,0.9999,1784,1442.1,1174.4,1130.6,1136,868.6,1220.5
GENE-4370,NO,78.5,79.9,77.1,0.965,-0.1,0.3,-0.17,8.7e-01,1.0e+00,0.9999,1785,62.5,102.8,74.4,70.3,79.4,81.6
GENE-4372,NO,59.7,62.4,56.9,0.912,-0.1,0.32,-0.41,6.8e-01,1.0e+00,0.9999,1786,52.6,72.2,62.5,71.3,54.6,44.8
GENE-4373,NO,120,108.7,131.4,1.209,0.3,0.24,1.15,2.5e-01,1.0e+00,0.9999,1787,102.2,99.8,124,127.8,130,136.4
GENE-4374,NO,41.2,47.9,34.4,0.719,-0.5,0.34,-1.42,1.6e-01,1.0e+00,0.9999,1788,40.7,50.4,52.6,32.7,30.8,39.8
GENE-4378,NO,21.5,23.1,19.9,0.859,-0.2,0.42,-0.52,6.0e-01,1.0e+00,0.9999,1789,24.8,22.7,21.8,16.8,19.9,22.9
GENE-4383,NO,1071.8,1139.9,1003.8,0.881,-0.2,0.4,-0.45,6.5e-01,1.0e+00,0.9999,1790,1935.1,621.8,862.9,971.6,1117.8,921.9
GENE-4384,NO,326.4,328.3,324.5,0.988,0,0.3,-0.06,9.6e-01,1.0e+00,0.9999,1791,390.8,297.6,296.5,214.9,347.4,411.1
GENE-4385,NO,71.4,72,70.8,0.983,0,0.31,-0.08,9.4e-01,1.0e+00,0.9999,1792,69.4,57.3,89.3,85.2,65.5,61.7
GENE-4386,NO,24.3,30.1,18.5,0.617,-0.7,0.44,-1.58,1.1e-01,1.0e+00,0.9999,1793,23.8,37.6,28.8,12.9,23.8,18.9
GENE-4389,NO,465.4,444.1,486.6,1.096,0.1,0.24,0.55,5.8e-01,1.0e+00,0.9999,1794,445.3,477.5,409.6,378.3,577.7,503.7
GENE-4390,NO,484.2,484.2,484.2,1,0,0.23,0,1.0e+00,1.0e+00,0.9999,1795,540.5,449.8,462.2,553.7,389.1,509.7
GENE-4392,NO,49.8,44.9,54.6,1.215,0.3,0.41,0.68,4.9e-01,1.0e+00,0.9999,1796,49.6,22.7,62.5,55.5,58.6,49.8
GENE-4393,NO,5.3,6.6,4,0.601,-0.7,0.82,-0.89,3.7e-01,1.0e+00,0.9999,1797,7.9,4,7.9,5.9,3,3
GENE-4396,NO,502.6,494.5,510.8,1.033,0,0.23,0.21,8.4e-01,1.0e+00,0.9999,1798,546.5,436,500.9,423.9,517.2,591.3
GENE-4397,NO,3.1,3.3,3,0.903,-0.1,1.07,-0.14,8.9e-01,1.0e+00,0.9999,1799,1,5.9,3,2,3,4
GENE-4400,NO,1200.1,1124.4,1275.9,1.135,0.2,0.31,0.59,5.6e-01,1.0e+00,0.9999,1800,851,1225.8,1296.3,939.9,1125.7,1762.1
GENE-4403,NO,156.5,166.1,147,0.885,-0.2,0.23,-0.78,4.3e-01,1.0e+00,0.9999,1801,185.5,148.3,164.6,137.7,153.9,149.3
GENE-4408,NO,125.8,136.4,115.2,0.844,-0.2,0.23,-1.06,2.9e-01,1.0e+00,0.9999,1802,149.8,131.5,127.9,111.9,119.1,114.5
GENE-4411,NO,0.8,1.3,0.3,0.269,-1.9,2.06,-0.92,3.6e-01,1.0e+00,0.9999,1803,1,1,2,0,1,0
GENE-4414,NO,23.6,25.4,21.8,0.859,-0.2,0.45,-0.48,6.3e-01,1.0e+00,0.9999,1804,28.8,16.8,30.7,27.7,15.9,21.9
GENE-4416,NO,121.6,121.8,121.4,0.997,0,0.27,-0.02,9.9e-01,1.0e+00,0.9999,1805,115.1,143.3,107.1,145.6,103.2,115.5
GENE-4417,NO,385.4,366,404.7,1.106,0.1,0.23,0.62,5.4e-01,1.0e+00,0.9999,1806,384.8,284.7,428.5,394.2,429.8,390.2
GENE-4419,NO,4.6,5.3,4,0.751,-0.4,1,-0.41,6.8e-01,1.0e+00,0.9999,1807,6,4.9,5,5,6.9,0
GENE-4421,NO,87.8,91.8,83.7,0.912,-0.1,0.26,-0.51,6.1e-01,1.0e+00,0.9999,1808,103.2,78.1,94.2,80.2,84.4,86.6
GENE-4423,NO,457.7,423.1,492.4,1.164,0.2,0.3,0.74,4.6e-01,1.0e+00,0.9999,1809,441.4,412.2,415.6,338.7,453.7,684.9
GENE-4424,NO,61.3,65.3,57.3,0.878,-0.2,1.94,-0.1,9.2e-01,1.0e+00,0.9999,1810,2,189.8,4,61.4,2,108.5
GENE-4432,NO,3.8,4,3.7,0.919,-0.1,0.95,-0.13,9.0e-01,1.0e+00,0.9999,1811,2,6.9,3,4,4,3
GENE-4433,YES,2.5,1.7,3.3,2.003,1,1.19,0.84,4.0e-01,1.0e+00,0.9999,1812,2,1,2,5.9,2,2
GENE-4437,NO,34.2,36,32.4,0.901,-0.2,0.35,-0.43,6.7e-01,1.0e+00,0.9999,1813,30.7,37.6,39.7,32.7,29.8,34.8
GENE-4438,NO,120.5,116.5,124.4,1.067,0.1,0.32,0.3,7.7e-01,1.0e+00,0.9999,1814,80.3,117.6,151.7,115.9,147.9,109.5
GENE-4440,NO,236.6,267.6,205.6,0.769,-0.4,0.37,-1.02,3.1e-01,1.0e+00,0.9999,1815,285.6,179.9,337.2,140.6,175.7,300.6
GENE-4443,NO,37.2,34.7,39.7,1.145,0.2,0.34,0.57,5.7e-01,1.0e+00,0.9999,1816,27.8,36.6,39.7,37.6,39.7,41.8
GENE-4450,NO,76.7,80.9,72.5,0.896,-0.2,0.31,-0.51,6.1e-01,1.0e+00,0.9999,1817,65.5,104.8,72.4,70.3,83.4,63.7
GENE-4456,NO,211,186.5,235.4,1.262,0.3,0.3,1.14,2.6e-01,1.0e+00,0.9999,1818,163.7,229.3,166.6,238.7,171.7,295.7
GENE-4458,NO,1427.4,1531,1323.8,0.865,-0.2,0.16,-1.35,1.8e-01,1.0e+00,0.9999,1819,1508.6,1525.4,1559.1,1331.2,1338.1,1302.1
GENE-4459,NO,43.8,41.6,46,1.106,0.1,0.32,0.45,6.5e-01,1.0e+00,0.9999,1820,39.7,45.5,39.7,38.6,46.7,52.8
GENE-4460,NO,9.4,9.6,9.3,0.968,0,0.77,-0.06,9.5e-01,1.0e+00,0.9999,1821,4,17.8,6.9,11.9,11.9,4
GENE-4461,NO,231.6,248.1,215.1,0.867,-0.2,0.32,-0.63,5.3e-01,1.0e+00,0.9999,1822,187.5,201.7,355.1,261.5,193.6,190.1
GENE-4463,NO,4.1,3.3,4.9,1.503,0.6,0.94,0.63,5.3e-01,1.0e+00,0.9999,1823,4,4,2,5.9,6.9,2
GENE-4468,NO,863.9,847.1,880.7,1.04,0.1,0.2,0.29,7.8e-01,1.0e+00,0.9999,1824,768.7,865,907.5,928,765.4,948.7
GENE-4470,NO,27.3,29.4,25.1,0.856,-0.2,0.4,-0.57,5.7e-01,1.0e+00,0.9999,1825,26.8,33.6,27.8,31.7,20.8,22.9
GENE-4473,NO,150.7,152.6,148.9,0.976,0,0.23,-0.15,8.8e-01,1.0e+00,0.9999,1826,174.6,148.3,134.9,159.5,147.9,139.4
GENE-4475,NO,8.3,8.6,7.9,0.925,-0.1,0.64,-0.17,8.6e-01,1.0e+00,0.9999,1827,8.9,10.9,6,6.9,7.9,9
GENE-4476,NO,14.2,16.5,11.9,0.721,-0.5,0.57,-0.83,4.1e-01,1.0e+00,0.9999,1828,13.9,18.8,16.9,10.9,18.9,6
GENE-4481,NO,5851.6,6094.8,5608.3,0.92,-0.1,0.2,-0.59,5.6e-01,1.0e+00,0.9999,1829,6227.7,5915.6,6141.2,6756.8,5122.3,4945.7
GENE-4486,YES,1.3,0.7,2,3.008,1.6,1.67,0.95,3.4e-01,1.0e+00,0.9999,1830,1,1,0,1,3,2
GENE-4487,NO,58,65,51,0.783,-0.4,0.29,-1.2,2.3e-01,1.0e+00,0.9999,1831,69.4,58.3,67.4,45.6,56.6,50.8
GENE-4488,NO,9.6,10.9,8.3,0.759,-0.4,0.62,-0.64,5.2e-01,1.0e+00,0.9999,1832,10.9,14.8,6.9,8.9,8.9,7
GENE-4494,NO,2886.2,2974.5,2797.9,0.941,-0.1,0.19,-0.45,6.5e-01,1.0e+00,0.9999,1833,3214.5,2697.8,3011.1,2595,3207.4,2591.3
GENE-4496,NO,11.4,12.9,9.9,0.771,-0.4,0.58,-0.65,5.2e-01,1.0e+00,0.9999,1834,8.9,17.8,11.9,7.9,11.9,10
GENE-4497,NO,1.8,2,1.7,0.836,-0.3,1.33,-0.19,8.5e-01,1.0e+00,0.9999,1835,3,2,1,1,1,3
GENE-4498,NO,235.2,208,262.5,1.262,0.3,0.26,1.31,1.9e-01,1.0e+00,0.9999,1836,215.2,254.1,154.7,256.5,261.1,269.8
GENE-4501,NO,9.3,11.6,7,0.601,-0.7,0.63,-1.16,2.5e-01,1.0e+00,0.9999,1837,11.9,11.9,10.9,6.9,4,10
GENE-4502,NO,71.1,69,73.1,1.06,0.1,0.29,0.29,7.7e-01,1.0e+00,0.9999,1838,70.4,77.1,59.5,85.2,73.5,60.7
GENE-4503,NO,13.1,14.9,11.2,0.757,-0.4,0.55,-0.73,4.6e-01,1.0e+00,0.9999,1839,11.9,15.8,16.9,6.9,12.9,13.9
GENE-4509,NO,39.7,40.3,39.1,0.97,0,0.39,-0.11,9.1e-01,1.0e+00,0.9999,1840,28.8,54.4,37.7,36.6,31.8,48.8
GENE-4511,NO,1,1,1,1.002,0,1.93,0,1.0e+00,1.0e+00,0.9999,1841,1,2,0,2,0,1
GENE-4512,NO,97,89.8,104.3,1.161,0.2,0.25,0.87,3.9e-01,1.0e+00,0.9999,1842,95.2,91.9,82.3,95.1,112.2,105.5
GENE-4513,NO,0.8,1,0.7,0.669,-0.6,2.07,-0.28,7.8e-01,1.0e+00,0.9999,1843,0,2,1,1,0,1
GENE-4516,NO,590.5,117.9,1063.1,9.016,3.2,1.81,1.75,8.0e-02,1.0e+00,0.9999,1844,0,97.9,255.9,1648.1,987.7,553.5
GENE-4523,NO,2.1,2.7,1.7,0.626,-0.7,1.44,-0.47,6.4e-01,1.0e+00,0.9999,1845,6,2,0,3,1,1
GENE-4524,NO,1.8,2.7,1,0.376,-1.4,1.47,-0.96,3.4e-01,1.0e+00,0.9999,1846,1,4,3,0,2,1
GENE-4529,NO,14.4,15.2,13.6,0.893,-0.2,0.53,-0.31,7.6e-01,1.0e+00,0.9999,1847,19.8,14.8,10.9,10.9,17.9,11.9
GENE-4530,NO,267.5,254.7,280.4,1.101,0.1,0.29,0.48,6.3e-01,1.0e+00,0.9999,1848,206.3,211.6,346.1,249.6,276,315.6
GENE-4536,NO,13.9,10.6,17.2,1.628,0.7,0.57,1.24,2.2e-01,1.0e+00,0.9999,1849,7.9,8.9,14.9,23.8,16.9,11
GENE-4544,NO,21.8,21.1,22.5,1.065,0.1,0.41,0.22,8.3e-01,1.0e+00,0.9999,1850,23.8,18.8,20.8,21.8,20.8,24.9
GENE-4547,NO,267.8,265.5,270,1.017,0,0.22,0.11,9.1e-01,1.0e+00,0.9999,1851,281.7,278.8,236,309,240.2,260.8
GENE-4552,NO,929.3,975.9,882.6,0.904,-0.1,0.24,-0.6,5.5e-01,1.0e+00,0.9999,1852,965.1,937.2,1025.5,774.5,740.5,1132.9
GENE-4555,NO,53.9,43.2,64.5,1.492,0.6,0.35,1.64,1.0e-01,1.0e+00,0.9999,1853,36.7,58.3,34.7,77.3,53.6,62.7
GENE-4557,NO,1395,1163.1,1627,1.399,0.5,0.27,1.77,7.7e-02,1.0e+00,0.9999,1854,1219,1231.8,1038.4,2085.9,1131.7,1663.5
GENE-4561,NO,550.1,505.9,594.3,1.175,0.2,0.19,1.22,2.2e-01,1.0e+00,0.9999,1855,541.5,510.1,466.1,612.1,634.3,536.6
GENE-4562,NO,238.8,248.7,229,0.921,-0.1,0.23,-0.52,6.1e-01,1.0e+00,0.9999,1856,252.9,237.3,255.9,261.5,241.2,184.2
GENE-4564,NO,330,282.6,377.4,1.335,0.4,0.41,1.01,3.1e-01,1.0e+00,0.9999,1857,207.3,350.9,289.6,616.1,212.4,303.6
GENE-4565,NO,61,63.7,58.2,0.913,-0.1,0.34,-0.38,7.0e-01,1.0e+00,0.9999,1858,79.3,50.4,61.5,63.4,68.5,42.8
GENE-4568,NO,4.8,4,5.7,1.421,0.5,0.86,0.59,5.6e-01,1.0e+00,0.9999,1859,4,5.9,2,4,5,8
GENE-4577,NO,23.3,23.1,23.5,1.017,0,0.48,0.05,9.6e-01,1.0e+00,0.9999,1860,30.7,23.7,14.9,23.8,14.9,31.9
GENE-4578,NO,129.1,116.2,142,1.222,0.3,0.26,1.11,2.7e-01,1.0e+00,0.9999,1861,104.1,115.7,128.9,147.6,115.2,163.3
GENE-4587,NO,203.8,207.4,200.2,0.966,-0.1,0.23,-0.22,8.2e-01,1.0e+00,0.9999,1862,172.6,225.4,224.1,211,189.6,200.1
GENE-4588,NO,20.5,18.8,22.2,1.178,0.2,0.43,0.55,5.8e-01,1.0e+00,0.9999,1863,15.9,17.8,22.8,19.8,24.8,21.9
GENE-4593,NO,715.9,682.8,749,1.097,0.1,0.23,0.59,5.5e-01,1.0e+00,0.9999,1864,838.1,557.6,652.6,740.9,738.6,767.5
GENE-4596,NO,15,15.5,14.6,0.939,-0.1,0.56,-0.16,8.7e-01,1.0e+00,0.9999,1865,15.9,15.8,14.9,7.9,11.9,23.9
GENE-4597,NO,176.4,200.8,152,0.757,-0.4,0.29,-1.37,1.7e-01,1.0e+00,0.9999,1866,212.3,188.8,201.3,108,144.9,203.1
GENE-4598,NO,435.8,433.8,437.8,1.009,0,0.46,0.03,9.8e-01,1.0e+00,0.9999,1867,469.1,249.1,583.2,655.7,462.6,195.1
GENE-4604,NO,0.7,1,0.3,0.359,-1.5,2.2,-0.67,5.0e-01,1.0e+00,0.9999,1868,1,1,1,1,0,0
GENE-4610,NO,2421.1,2572.3,2269.8,0.882,-0.2,0.2,-0.88,3.8e-01,1.0e+00,0.9999,1869,2526.2,2564.3,2626.3,1846.2,2568.1,2395.2
GENE-4612,NO,52.4,50.5,54.3,1.075,0.1,0.34,0.31,7.6e-01,1.0e+00,0.9999,1870,49.6,61.3,40.7,41.6,62.5,58.7
GENE-4613,NO,85.1,82.2,88,1.07,0.1,0.36,0.27,7.9e-01,1.0e+00,0.9999,1871,83.3,97.9,65.5,89.1,120.1,54.8
GENE-4616,NO,617.4,698.1,536.6,0.769,-0.4,0.22,-1.7,8.9e-02,1.0e+00,0.9999,1872,724,725.6,644.7,652.7,501.3,455.9
GENE-4619,NO,335.8,311.2,360.4,1.158,0.2,0.45,0.47,6.4e-01,1.0e+00,0.9999,1873,499.9,196.7,237,259.5,248.2,573.4
GENE-4622,NO,693.8,674.4,713.3,1.058,0.1,0.17,0.46,6.4e-01,1.0e+00,0.9999,1874,668.5,665.3,689.3,655.7,755.4,728.7
GENE-4628,NO,2413.3,1524.8,3301.8,2.165,1.1,1.53,0.73,4.7e-01,1.0e+00,0.9999,1875,293.6,2098.7,2182,1304.4,88.3,8512.7
GENE-4630,NO,142.6,152.9,132.4,0.866,-0.2,0.26,-0.81,4.2e-01,1.0e+00,0.9999,1876,171.6,162.1,125,146.6,137,113.5
GENE-4631,NO,47.9,39.6,56.2,1.42,0.5,0.55,0.92,3.6e-01,1.0e+00,0.9999,1877,34.7,51.4,32.7,93.1,17.9,57.7
GENE-4632,YES,0.7,1.3,0,0.138,-2.9,2.71,-1.05,2.9e-01,1.0e+00,0.9999,1878,0,2,2,0,0,0
GENE-4634,NO,47,44.9,49,1.091,0.1,0.32,0.39,7.0e-01,1.0e+00,0.9999,1879,50.6,41.5,42.6,52.5,40.7,53.8
GENE-4636,NO,39.2,38.3,40,1.045,0.1,0.42,0.15,8.8e-01,1.0e+00,0.9999,1880,41.7,49.4,23.8,42.6,50.6,26.9
GENE-4638,NO,2177.2,2158.7,2195.7,1.017,0,0.23,0.1,9.2e-01,1.0e+00,0.9999,1881,2085.8,1974.2,2416,2725.7,1806.7,2054.8
GENE-4639,NO,405.3,390.7,419.9,1.075,0.1,0.3,0.35,7.3e-01,1.0e+00,0.9999,1882,358.1,355.9,458.2,559.6,288.9,411.1
GENE-4641,NO,584.1,624.9,543.4,0.87,-0.2,0.47,-0.43,6.7e-01,1.0e+00,0.9999,1883,948.2,249.1,677.4,470.5,375.2,784.5
GENE-4649,NO,15.9,19.2,12.6,0.656,-0.6,0.65,-0.93,3.5e-01,1.0e+00,0.9999,1884,22.8,4.9,29.8,13.9,10.9,12.9
GENE-4661,NO,1339,1489.2,1188.8,0.798,-0.3,0.21,-1.55,1.2e-01,1.0e+00,0.9999,1885,1603.8,1403.8,1459.9,1024.1,1130.7,1411.6
GENE-4665,NO,662.6,652.8,672.4,1.03,0,0.18,0.23,8.2e-01,1.0e+00,0.9999,1886,656.6,698.9,603,702.2,699.8,615.2
GENE-4676,NO,3.1,4.3,2,0.462,-1.1,1.05,-1.06,2.9e-01,1.0e+00,0.9999,1887,4,3,6,2,3,1
GENE-4677,NO,202.1,203.7,200.5,0.984,0,0.23,-0.1,9.2e-01,1.0e+00,0.9999,1888,202.3,229.3,179.5,201.1,225.3,175.2
GENE-4683,NO,5.6,6,5.3,0.89,-0.2,0.81,-0.21,8.4e-01,1.0e+00,0.9999,1889,6,5.9,6,8.9,5,2
GENE-4689,NO,19.3,21.1,17.5,0.83,-0.3,0.5,-0.54,5.9e-01,1.0e+00,0.9999,1890,26.8,24.7,11.9,15.8,14.9,21.9
GENE-4692,NO,253.1,253,253.2,1.001,0,0.21,0.01,1.0e+00,1.0e+00,0.9999,1891,281.7,241.2,236,237.7,274,247.9
GENE-4696,NO,4.3,4.6,4,0.859,-0.2,0.92,-0.24,8.1e-01,1.0e+00,0.9999,1892,4,7.9,2,5,3,4
GENE-4700,NO,0.8,0.7,1,1.504,0.6,2.3,0.26,8.0e-01,1.0e+00,0.9999,1893,0,0,2,0,1,2
GENE-4705,NO,78.8,23.8,133.7,5.619,2.5,2.37,1.05,2.9e-01,1.0e+00,0.9999,1894,66.5,3,2,363.5,37.7,0
GENE-4706,NO,225,212.7,237.3,1.116,0.2,0.26,0.61,5.4e-01,1.0e+00,0.9999,1895,252.9,169,216.2,226.8,207.5,277.7
GENE-4707,NO,327.6,327.4,327.9,1.002,0,0.23,0.01,9.9e-01,1.0e+00,0.9999,1896,366,260,356.1,340.7,338.5,304.6
GENE-4708,NO,166.8,179,154.6,0.864,-0.2,0.21,-1,3.2e-01,1.0e+00,0.9999,1897,169.6,178.9,188.4,152.5,148.9,162.3
GENE-4709,NO,259.7,192,327.4,1.706,0.8,1.06,0.73,4.7e-01,1.0e+00,0.9999,1898,50.6,107.8,417.5,85.2,330.6,566.5
GENE-4710,NO,54,58.8,49.3,0.839,-0.3,0.37,-0.7,4.9e-01,1.0e+00,0.9999,1899,65.5,60.3,50.6,69.3,44.7,33.8
GENE-4712,NO,4,4.3,3.6,0.848,-0.2,0.99,-0.24,8.1e-01,1.0e+00,0.9999,1900,6,2,5,2,6.9,2
GENE-4716,NO,108.8,101.4,116.1,1.146,0.2,0.28,0.69,4.9e-01,1.0e+00,0.9999,1901,102.2,84,118,131.7,91.3,125.4
GENE-4719,NO,3.3,3.6,3,0.82,-0.3,1.04,-0.28,7.8e-01,1.0e+00,0.9999,1902,2,4.9,4,3,5,1
GENE-4720,NO,3141.4,3160.6,3122.1,0.988,0,0.2,-0.09,9.3e-01,1.0e+00,0.9999,1903,3488.3,2961.7,3031.9,3198.1,3526,2642.1
GENE-4721,NO,515.1,505.4,524.8,1.038,0.1,0.25,0.22,8.3e-01,1.0e+00,0.9999,1904,544.5,412.2,559.4,642.8,466.6,464.9
GENE-4723,NO,7.6,6.9,8.3,1.194,0.3,0.76,0.34,7.4e-01,1.0e+00,0.9999,1905,2,10.9,7.9,5.9,8.9,10
GENE-4725,NO,1.8,2,1.7,0.835,-0.3,1.3,-0.2,8.4e-01,1.0e+00,0.9999,1906,2,3,1,2,1,2
GENE-4728,NO,20,16.9,23.2,1.375,0.5,0.54,0.86,3.9e-01,1.0e+00,0.9999,1907,16.9,6.9,26.8,21.8,22.8,24.9
GENE-4730,NO,15.9,15.5,16.2,1.045,0.1,0.57,0.11,9.1e-01,1.0e+00,0.9999,1908,23.8,9.9,12.9,8.9,20.8,18.9
GENE-4733,NO,472.1,454.8,489.4,1.076,0.1,0.24,0.44,6.6e-01,1.0e+00,0.9999,1909,467.2,443.9,453.3,496.2,596.6,375.3
GENE-4734,NO,6.6,5.9,7.3,1.225,0.3,0.76,0.38,7.0e-01,1.0e+00,0.9999,1910,6.9,6.9,4,4,11.9,6
GENE-4738,NO,3.1,3,3.3,1.115,0.2,1.23,0.13,9.0e-01,1.0e+00,0.9999,1911,4,4.9,0,3,1,6
GENE-4742,NO,9.4,10.2,8.6,0.841,-0.3,0.61,-0.41,6.8e-01,1.0e+00,0.9999,1912,6.9,10.9,12.9,7.9,9.9,8
GENE-4748,NO,30.2,27.8,32.7,1.181,0.2,0.45,0.53,6.0e-01,1.0e+00,0.9999,1913,27.8,27.7,27.8,26.7,51.6,19.9
GENE-4749,NO,1.3,1,1.7,1.668,0.7,2.06,0.36,7.2e-01,1.0e+00,0.9999,1914,0,0,3,1,4,0
GENE-4754,NO,290.1,322.3,257.9,0.8,-0.3,0.34,-0.93,3.5e-01,1.0e+00,0.9999,1915,378.9,358.8,229.1,161.4,335.5,276.8
GENE-4756,NO,192.8,189.6,196,1.034,0,0.23,0.21,8.3e-01,1.0e+00,0.9999,1916,195.4,174,199.4,171.3,193.6,223
GENE-4757,NO,222.5,237.5,207.5,0.874,-0.2,0.24,-0.81,4.2e-01,1.0e+00,0.9999,1917,242,210.6,259.9,243.6,170.7,208.1
GENE-4758,NO,14.1,16.2,11.9,0.736,-0.4,0.56,-0.79,4.3e-01,1.0e+00,0.9999,1918,22.8,8.9,16.9,13.9,11.9,10
GENE-4759,NO,124.6,114.9,134.4,1.169,0.2,0.23,0.99,3.2e-01,1.0e+00,0.9999,1919,113.1,123.6,108.1,129.7,136,137.4
GENE-4761,NO,0.8,1,0.7,0.668,-0.6,2.3,-0.25,8.0e-01,1.0e+00,0.9999,1920,2,1,0,0,2,0
GENE-4773,NO,10.4,9.9,10.9,1.103,0.1,0.59,0.24,8.1e-01,1.0e+00,0.9999,1921,12.9,9.9,6.9,10.9,8.9,12.9
GENE-4778,NO,308,302.2,313.7,1.038,0.1,0.2,0.27,7.9e-01,1.0e+00,0.9999,1922,336.2,277.8,292.6,296.1,336.5,308.6
GENE-4781,NO,124,123.2,124.8,1.013,0,0.26,0.07,9.4e-01,1.0e+00,0.9999,1923,117,138.4,114.1,104,148.9,121.5
GENE-4785,NO,0.7,1,0.3,0.359,-1.5,2.44,-0.61,5.5e-01,1.0e+00,0.9999,1924,2,1,0,1,0,0
GENE-4789,NO,62.7,55.5,69.8,1.259,0.3,0.29,1.14,2.5e-01,1.0e+00,0.9999,1925,61.5,51.4,53.6,59.4,77.4,72.7
GENE-4796,NO,729.4,820,638.9,0.779,-0.4,0.38,-0.95,3.4e-01,1.0e+00,0.9999,1926,506.8,832.4,1120.7,634.9,878.5,403.2
GENE-4799,NO,174.4,175.4,173.4,0.989,0,0.27,-0.06,9.5e-01,1.0e+00,0.9999,1927,163.7,166.1,196.4,202.1,129,189.1
GENE-4800,NO,35.7,26.1,45.3,1.737,0.8,0.45,1.77,7.8e-02,1.0e+00,0.9999,1928,22.8,13.8,41.7,42.6,51.6,41.8
GENE-4802,NO,70.8,66.1,75.5,1.142,0.2,0.54,0.36,7.2e-01,1.0e+00,0.9999,1929,37.7,35.6,125,87.2,44.7,94.6
GENE-4805,NO,437.1,439.2,435.1,0.991,0,0.35,-0.04,9.7e-01,1.0e+00,0.9999,1930,324.3,437.9,555.4,443.7,589.7,271.8
GENE-4806,NO,994.8,1005.8,983.7,0.978,0,0.26,-0.12,9.0e-01,1.0e+00,0.9999,1931,1042.4,1079.5,895.6,718.1,991.7,1241.4
GENE-4812,NO,58.4,51.5,65.2,1.265,0.3,0.33,1.02,3.1e-01,1.0e+00,0.9999,1932,38.7,54.4,61.5,62.4,79.4,53.8
GENE-4813,NO,623.4,612.3,634.5,1.036,0.1,0.18,0.29,7.7e-01,1.0e+00,0.9999,1933,630.8,593.1,612.9,592.3,688.9,622.2
GENE-4819,NO,305.7,333.6,277.8,0.833,-0.3,0.33,-0.81,4.2e-01,1.0e+00,0.9999,1934,413.6,239.2,348.1,262.5,199.5,371.3
GENE-4821,NO,1163.1,1098.5,1227.6,1.118,0.2,0.28,0.57,5.7e-01,1.0e+00,0.9999,1935,1147.6,1270.3,877.7,1536.2,1257.7,889
GENE-4823,NO,179.6,194.3,164.8,0.848,-0.2,0.5,-0.47,6.4e-01,1.0e+00,0.9999,1936,229.1,72.2,281.7,217.9,90.3,186.2
GENE-4825,NO,228.3,223.2,233.3,1.045,0.1,0.26,0.25,8.0e-01,1.0e+00,0.9999,1937,265.8,213.5,190.4,192.1,274,233.9
GENE-4826,NO,76.7,76.6,76.8,1.002,0,0.33,0.01,9.9e-01,1.0e+00,0.9999,1938,59.5,77.1,93.2,85.2,55.6,89.6
GENE-4827,NO,1979.3,1805.9,2152.7,1.192,0.3,0.34,0.75,4.5e-01,1.0e+00,0.9999,1939,2201.9,1417.6,1798.1,1539.1,1719.3,3199.6
GENE-4830,NO,649.6,620.7,678.5,1.093,0.1,0.31,0.42,6.8e-01,1.0e+00,0.9999,1940,513.8,744.4,604,604.2,487.4,943.8
GENE-4835,NO,6.4,6.3,6.7,1.056,0.1,0.78,0.1,9.2e-01,1.0e+00,0.9999,1941,3,8.9,6.9,4,6,10
GENE-4837,NO,16.5,19.2,13.9,0.726,-0.5,0.51,-0.91,3.6e-01,1.0e+00,0.9999,1942,14.9,24.7,17.9,14.9,17.9,9
GENE-4843,NO,18.8,18.1,19.5,1.076,0.1,0.51,0.21,8.4e-01,1.0e+00,0.9999,1943,11.9,23.7,18.8,16.8,13.9,27.9
GENE-4845,NO,271.8,280.7,262.8,0.936,-0.1,0.2,-0.47,6.4e-01,1.0e+00,0.9999,1944,303.5,253.1,285.6,253.6,255.1,279.7
GENE-4855,NO,52.2,52.8,51.7,0.977,0,0.32,-0.1,9.2e-01,1.0e+00,0.9999,1945,58.5,59.3,40.7,56.5,44.7,53.8
GENE-4857,NO,360.2,371.2,349.2,0.941,-0.1,0.2,-0.45,6.5e-01,1.0e+00,0.9999,1946,330.3,407.3,375.9,349.6,343.5,354.4
GENE-4858,NO,0.8,0.7,1,1.504,0.6,2.35,0.25,8.0e-01,1.0e+00,0.9999,1947,1,1,0,0,3,0
GENE-4862,NO,0.7,1.3,0,0.138,-2.9,2.76,-1.03,3.0e-01,1.0e+00,0.9999,1948,0,1,3,0,0,0
GENE-4863,NO,41.5,41.3,41.7,1.01,0,0.36,0.04,9.7e-01,1.0e+00,0.9999,1949,39.7,38.6,45.6,56.5,35.7,32.9
GENE-4865,NO,87.1,89.5,84.7,0.946,-0.1,0.44,-0.18,8.6e-01,1.0e+00,0.9999,1950,64.5,92.9,111.1,135.7,44.7,73.7
GENE-4866,NO,33.1,29.4,36.7,1.25,0.3,0.43,0.75,4.5e-01,1.0e+00,0.9999,1951,21.8,20.8,45.6,38.6,33.8,37.8
GENE-4867,NO,707,627.7,786.2,1.253,0.3,0.2,1.64,1.0e-01,1.0e+00,0.9999,1952,552.5,692,638.7,855.7,780.3,722.7
GENE-4872,NO,34.5,36,33.1,0.92,-0.1,0.36,-0.33,7.4e-01,1.0e+00,0.9999,1953,42.6,37.6,27.8,29.7,34.7,34.8
GENE-4873,YES,8.9,5.6,12.2,2.181,1.1,0.65,1.73,8.4e-02,1.0e+00,0.9999,1954,5,5.9,6,13.9,7.9,14.9
GENE-4874,NO,15.7,15.9,15.6,0.982,0,0.49,-0.05,9.6e-01,1.0e+00,0.9999,1955,13.9,19.8,13.9,14.9,12.9,18.9
GENE-4880,NO,52.9,51.9,53.9,1.04,0.1,0.32,0.18,8.6e-01,1.0e+00,0.9999,1956,58.5,43.5,53.6,65.4,47.6,48.8
GENE-4881,NO,323.3,352.5,294.2,0.835,-0.3,0.33,-0.79,4.3e-01,1.0e+00,0.9999,1957,435.4,243.2,378.9,366.5,199.5,316.6
GENE-4882,NO,1.5,1,2,2,1,1.95,0.51,6.1e-01,1.0e+00,0.9999,1958,3,0,0,4,2,0
GENE-4886,NO,11.6,11.6,11.6,1.002,0,0.57,0.01,1.0e+00,1.0e+00,0.9999,1959,12.9,10.9,10.9,14.9,6.9,12.9
GENE-4888,NO,107.6,115.6,99.6,0.862,-0.2,0.28,-0.77,4.4e-01,1.0e+00,0.9999,1960,143.8,97.9,105.1,112.9,89.3,96.6
GENE-4889,NO,109.9,104,115.9,1.114,0.2,0.25,0.63,5.3e-01,1.0e+00,0.9999,1961,93.2,98.9,120,116.9,110.2,120.5
GENE-4890,NO,2368.4,2533.2,2203.6,0.87,-0.2,0.19,-1.06,2.9e-01,1.0e+00,0.9999,1962,2247.5,2614.8,2737.4,2272.1,1968.5,2370.3
GENE-4891,NO,84.8,92.8,76.8,0.827,-0.3,0.34,-0.8,4.2e-01,1.0e+00,0.9999,1963,126,85,67.4,76.3,92.3,61.7
GENE-4892,NO,77.5,73.6,81.4,1.105,0.1,0.3,0.48,6.3e-01,1.0e+00,0.9999,1964,83.3,66.2,71.4,81.2,99.3,63.7
GENE-4894,NO,0.7,0.3,1,2.794,1.5,2.44,0.61,5.4e-01,1.0e+00,0.9999,1965,1,0,0,2,1,0
GENE-4896,NO,179.7,193.8,165.5,0.854,-0.2,0.22,-1.04,3.0e-01,1.0e+00,0.9999,1966,202.3,190.8,188.4,145.6,166.8,184.2
GENE-4897,NO,107.5,104.7,110.2,1.053,0.1,0.25,0.3,7.6e-01,1.0e+00,0.9999,1967,112.1,90,112.1,113.9,103.2,113.5
GENE-4901,NO,215.9,208.4,223.3,1.072,0.1,0.3,0.34,7.4e-01,1.0e+00,0.9999,1968,203.3,147.3,274.7,236.7,242.2,191.1
GENE-4909,NO,4745,4865.5,4624.6,0.95,-0.1,0.45,-0.16,8.7e-01,1.0e+00,0.9999,1969,5904.4,3644.8,5047.3,2035.4,3986.6,7851.7
GENE-4919,NO,109.6,123.2,96,0.779,-0.4,0.25,-1.42,1.6e-01,1.0e+00,0.9999,1970,141.8,112.7,115,92.1,88.3,107.5
GENE-4926,NO,1.7,2.7,0.7,0.251,-2,1.69,-1.18,2.4e-01,1.0e+00,0.9999,1971,1,4,3,0,0,2
GENE-4931,NO,66.1,65.4,66.8,1.022,0,0.32,0.1,9.2e-01,1.0e+00,0.9999,1972,48.6,81.1,66.5,70.3,75.4,54.8
GENE-4934,NO,40.2,42.3,38.1,0.901,-0.2,0.38,-0.39,6.9e-01,1.0e+00,0.9999,1973,38.7,55.4,32.7,44.6,27.8,41.8
GENE-4935,NO,1,1,1,1.002,0,1.93,0,1.0e+00,1.0e+00,0.9999,1974,2,0,1,0,2,1
GENE-4947,NO,44.6,39.6,49.6,1.253,0.3,0.35,0.93,3.5e-01,1.0e+00,0.9999,1975,33.7,32.6,52.6,47.5,54.6,46.8
GENE-4950,NO,329.9,315.4,344.3,1.092,0.1,0.3,0.42,6.7e-01,1.0e+00,0.9999,1976,336.2,282.7,327.3,333.8,233.3,465.9
GENE-4951,NO,0.8,1,0.7,0.668,-0.6,2.07,-0.28,7.8e-01,1.0e+00,0.9999,1977,2,1,0,1,1,0
GENE-4952,NO,60.8,65,56.6,0.87,-0.2,0.36,-0.56,5.7e-01,1.0e+00,0.9999,1978,70.4,66.2,58.5,35.7,76.4,57.7
GENE-4959,NO,239.4,219.9,258.9,1.177,0.2,0.29,0.82,4.1e-01,1.0e+00,0.9999,1979,237,243.2,179.5,218.9,213.4,344.4
GENE-4970,NO,3.6,5.3,2,0.376,-1.4,1.1,-1.28,2.0e-01,1.0e+00,0.9999,1980,4,4,7.9,0,2,4
GENE-4971,NO,12.1,10.2,13.9,1.358,0.4,0.55,0.8,4.3e-01,1.0e+00,0.9999,1981,11.9,7.9,10.9,12.9,10.9,17.9
GENE-4972,NO,1,1,1,1.002,0,1.93,0,1.0e+00,1.0e+00,0.9999,1982,2,1,0,1,2,0
GENE-4974,NO,142.1,146,138.3,0.947,-0.1,0.43,-0.18,8.6e-01,1.0e+00,0.9999,1983,209.3,142.4,86.3,150.5,187.6,76.7
GENE-4977,NO,30.6,28.1,33.1,1.179,0.2,0.4,0.6,5.5e-01,1.0e+00,0.9999,1984,37.7,19.8,26.8,30.7,35.7,32.9
GENE-4978,NO,1.3,1,1.7,1.67,0.7,1.59,0.46,6.4e-01,1.0e+00,0.9999,1985,1,0,2,1,2,2
GENE-4983,NO,29.7,25.7,33.8,1.31,0.4,0.42,0.92,3.5e-01,1.0e+00,0.9999,1986,18.8,34.6,23.8,43.6,30.8,26.9
GENE-4984,NO,2.8,3,2.7,0.891,-0.2,1.21,-0.14,8.9e-01,1.0e+00,0.9999,1987,0,5.9,3,3,3,2
GENE-4986,NO,721.1,693.7,748.5,1.079,0.1,0.24,0.47,6.4e-01,1.0e+00,0.9999,1988,575.3,869,636.7,791.4,771.3,682.9
GENE-4987,NO,28.6,33.3,23.8,0.715,-0.5,0.52,-0.93,3.5e-01,1.0e+00,0.9999,1989,50.6,30.6,18.8,18.8,15.9,36.8
GENE-4991,NO,11.6,13.2,9.9,0.752,-0.4,0.57,-0.72,4.7e-01,1.0e+00,0.9999,1990,14.9,14.8,9.9,12.9,6.9,10
GENE-4994,NO,130.4,126.1,134.7,1.068,0.1,0.25,0.37,7.1e-01,1.0e+00,0.9999,1991,133.9,128.5,116,145.6,108.2,150.3
GENE-4996,NO,56.2,56.8,55.6,0.979,0,0.33,-0.09,9.3e-01,1.0e+00,0.9999,1992,67.4,54.4,48.6,41.6,64.5,60.7
GENE-4998,NO,22.6,27.4,17.9,0.652,-0.6,0.48,-1.3,1.9e-01,1.0e+00,0.9999,1993,31.7,24.7,25.8,13.9,27.8,11.9
GENE-4999,NO,1170.3,1236.9,1103.7,0.892,-0.2,0.29,-0.56,5.8e-01,1.0e+00,0.9999,1994,1259.6,1075.6,1375.6,732.9,1454.3,1123.9
GENE-5000,NO,2978.8,2892.8,3064.9,1.06,0.1,0.22,0.39,7.0e-01,1.0e+00,0.9999,1995,2993.4,2422,3263,3365.5,2638.6,3190.6
GENE-5006,NO,2.1,2.3,2,0.859,-0.2,1.2,-0.18,8.6e-01,1.0e+00,0.9999,1996,3,2,2,2,1,3
GENE-5008,NO,3,2.7,3.3,1.253,0.3,1.07,0.3,7.6e-01,1.0e+00,0.9999,1997,3,4,1,5,3,2
GENE-5009,NO,283.5,289.6,277.3,0.958,-0.1,0.21,-0.29,7.7e-01,1.0e+00,0.9999,1998,295.6,303.5,269.8,287.2,308.7,235.9
GENE-5012,NO,666.6,611.7,721.5,1.18,0.2,0.18,1.32,1.9e-01,1.0e+00,0.9999,1999,665.5,553.6,615.9,707.2,738.6,718.8
GENE-5016,NO,83.8,81.6,86.1,1.055,0.1,0.27,0.28,7.8e-01,1.0e+00,0.9999,2000,65.5,93.9,85.3,86.2,85.4,86.6
GENE-5017,NO,54,49.2,58.9,1.197,0.3,0.36,0.71,4.7e-01,1.0e+00,0.9999,2001,48.6,53.4,45.6,63.4,76.4,36.8
GENE-5022,NO,89,76.6,101.3,1.322,0.4,0.28,1.43,1.5e-01,1.0e+00,0.9999,2002,92.2,76.1,61.5,90.1,109.2,104.5
GENE-5023,NO,23.3,21.1,25.5,1.205,0.3,0.42,0.64,5.2e-01,1.0e+00,0.9999,2003,22.8,19.8,20.8,32.7,21.8,21.9
GENE-5024,NO,120.2,124.5,115.8,0.93,-0.1,0.23,-0.44,6.6e-01,1.0e+00,0.9999,2004,127.9,114.7,130.9,115.9,125.1,106.5
GENE-5026,NO,118.7,114.9,122.6,1.066,0.1,0.42,0.22,8.2e-01,1.0e+00,0.9999,2005,76.4,120.6,147.8,69.3,112.2,186.2
GENE-5027,NO,1786.5,1615.1,1957.8,1.212,0.3,0.34,0.81,4.2e-01,1.0e+00,0.9999,2006,1501.6,2295.5,1048.3,1418.3,2073.7,2381.3
GENE-5032,NO,524,480.1,567.9,1.183,0.2,0.2,1.24,2.2e-01,1.0e+00,0.9999,2007,440.4,550.6,449.3,585.4,551.9,566.5
GENE-5034,NO,962.4,916.2,1008.6,1.101,0.1,0.2,0.69,4.9e-01,1.0e+00,0.9999,2008,1051.3,858.1,839.1,1096.4,1013.5,915.9
GENE-5035,NO,24.8,26.4,23.2,0.877,-0.2,0.43,-0.44,6.6e-01,1.0e+00,0.9999,2009,19.8,25.7,33.7,20.8,28.8,19.9
GENE-5036,NO,54.9,56.8,52.9,0.932,-0.1,0.32,-0.32,7.5e-01,1.0e+00,0.9999,2010,50.6,66.2,53.6,63.4,51.6,43.8
GENE-5039,NO,177.7,168.5,187,1.11,0.2,0.23,0.66,5.1e-01,1.0e+00,0.9999,2011,187.5,159.2,158.7,164.4,209.5,187.2
GENE-5051,NO,978.2,879,1077.3,1.225,0.3,0.28,1.03,3.0e-01,1.0e+00,0.9999,2012,662.5,1225.8,748.8,1116.2,990.7,1124.9
GENE-5058,NO,34.4,30.4,38.4,1.263,0.3,0.37,0.92,3.6e-01,1.0e+00,0.9999,2013,33.7,23.7,33.7,45.6,35.7,33.8
GENE-5059,NO,13.9,16.2,11.6,0.716,-0.5,0.51,-0.95,3.4e-01,1.0e+00,0.9999,2014,15.9,14.8,17.9,8.9,12.9,12.9
GENE-5061,NO,12.2,10.6,13.9,1.316,0.4,0.57,0.69,4.9e-01,1.0e+00,0.9999,2015,6.9,11.9,12.9,8.9,16.9,15.9
GENE-5062,NO,725.7,698.9,752.5,1.077,0.1,0.26,0.41,6.8e-01,1.0e+00,0.9999,2016,610,646.5,840.1,917.1,575.8,764.6
GENE-5063,NO,280.9,283.7,278.1,0.98,0,0.32,-0.09,9.3e-01,1.0e+00,0.9999,2017,181.5,284.7,384.8,236.7,290.9,306.6
GENE-5067,NO,357.5,372.5,342.6,0.92,-0.1,0.18,-0.66,5.1e-01,1.0e+00,0.9999,2018,364,378.6,374.9,351.6,318.7,357.4
GENE-5073,NO,730.7,693.1,768.3,1.108,0.1,0.21,0.71,4.8e-01,1.0e+00,0.9999,2019,623.9,792.8,662.5,671.5,818,815.3
GENE-5074,NO,1.2,1,1.3,1.337,0.4,1.68,0.25,8.0e-01,1.0e+00,0.9999,2020,0,1,2,1,1,2
GENE-5081,NO,255.4,226.9,283.9,1.251,0.3,0.22,1.45,1.5e-01,1.0e+00,0.9999,2021,232.1,221.4,227.1,294.2,323.6,233.9
GENE-5086,NO,20.2,20.1,20.2,1.002,0,0.43,0.01,9.9e-01,1.0e+00,0.9999,2022,16.9,24.7,18.8,19.8,20.8,19.9
GENE-5088,NO,25.8,25.4,26.1,1.028,0,0.43,0.09,9.3e-01,1.0e+00,0.9999,2023,30.7,23.7,21.8,35.7,22.8,19.9
GENE-5092,NO,632.9,592.9,672.9,1.135,0.2,0.24,0.76,4.5e-01,1.0e+00,0.9999,2024,724,491.3,563.3,690.3,576.8,751.6
GENE-5095,NO,1268.2,1268.2,1268.1,1,0,0.19,0,1.0e+00,1.0e+00,0.9999,2025,1415.3,1161.6,1227.8,1227.2,1184.3,1392.7
GENE-5096,NO,5.3,5,5.7,1.136,0.2,0.83,0.22,8.3e-01,1.0e+00,0.9999,2026,6,3,6,5,3,9
GENE-5100,NO,83.6,83.2,84.1,1.01,0,0.26,0.06,9.6e-01,1.0e+00,0.9999,2027,94.2,77.1,78.4,85.2,80.4,86.6
GENE-5104,NO,4.3,5.6,3,0.531,-0.9,0.88,-1.04,3.0e-01,1.0e+00,0.9999,2028,5,6.9,5,4,3,2
GENE-5105,NO,11.2,10.9,11.6,1.063,0.1,0.56,0.16,8.7e-01,1.0e+00,0.9999,2029,11.9,11.9,8.9,13.9,8.9,11.9
GENE-5108,NO,1.3,2.3,0.3,0.154,-2.7,2.04,-1.33,1.8e-01,1.0e+00,0.9999,2030,0,4,3,0,0,1
GENE-5111,NO,13.6,11.6,15.6,1.346,0.4,0.57,0.76,4.5e-01,1.0e+00,0.9999,2031,10.9,10.9,12.9,7.9,16.9,21.9
GENE-5120,NO,33.2,32,34.4,1.075,0.1,0.51,0.2,8.4e-01,1.0e+00,0.9999,2032,22.8,52.4,20.8,29.7,50.6,22.9
GENE-5122,NO,9.9,11.2,8.6,0.766,-0.4,0.65,-0.59,5.5e-01,1.0e+00,0.9999,2033,17.9,7.9,7.9,5.9,8.9,11
GENE-5123,NO,478.8,506.6,451.1,0.89,-0.2,0.19,-0.87,3.8e-01,1.0e+00,0.9999,2034,462.2,520,537.6,428.9,494.4,430.1
GENE-5128,NO,9.1,9.2,8.9,0.966,0,0.62,-0.08,9.4e-01,1.0e+00,0.9999,2035,8.9,7.9,10.9,8.9,11.9,6
GENE-5130,NO,0.7,0.3,1,2.795,1.5,2.44,0.61,5.4e-01,1.0e+00,0.9999,2036,0,1,0,1,2,0
GENE-5137,NO,234.3,212.6,255.9,1.203,0.3,0.27,0.98,3.3e-01,1.0e+00,0.9999,2037,175.6,247.1,215.2,193.1,277,297.7
GENE-5138,NO,0.8,0.7,1,1.505,0.6,2.07,0.29,7.8e-01,1.0e+00,0.9999,2038,1,1,0,0,1,2
GENE-5141,NO,4.5,4,5,1.253,0.3,0.85,0.39,7.0e-01,1.0e+00,0.9999,2039,5,4,3,4,5,6
GENE-5144,NO,1.7,1.7,1.7,1.002,0,1.37,0,1.0e+00,1.0e+00,0.9999,2040,3,1,1,2,1,2
GENE-5146,NO,1116.3,1070.2,1162.3,1.086,0.1,0.23,0.52,6.1e-01,1.0e+00,0.9999,2041,1072.2,1152.7,985.8,1014.2,1452.3,1020.4
GENE-5147,NO,2.8,2,3.6,1.836,0.9,1.18,0.74,4.6e-01,1.0e+00,0.9999,2042,2,3,1,6.9,3,1
GENE-5160,NO,37.5,42.9,32.1,0.748,-0.4,0.34,-1.23,2.2e-01,1.0e+00,0.9999,2043,41.7,39.5,47.6,28.7,30.8,36.8
GENE-5162,NO,2.3,3.3,1.3,0.401,-1.3,1.26,-1.05,3.0e-01,1.0e+00,0.9999,2044,3,3,4,2,2,0
GENE-5163,NO,63.1,57.5,68.8,1.197,0.3,0.34,0.76,4.5e-01,1.0e+00,0.9999,2045,75.4,45.5,51.6,83.2,70.5,52.8
GENE-5167,NO,720,716.8,723.2,1.009,0,0.37,0.03,9.7e-01,1.0e+00,0.9999,2046,864.9,837.3,448.3,787.4,954,428.1
GENE-5169,NO,11.7,13.2,10.3,0.777,-0.4,0.62,-0.59,5.6e-01,1.0e+00,0.9999,2047,6.9,21.7,10.9,9.9,11.9,9
GENE-5170,NO,26.6,27.7,25.5,0.919,-0.1,0.43,-0.28,7.8e-01,1.0e+00,0.9999,2048,20.8,27.7,34.7,21.8,19.9,34.8
GENE-5174,NO,25.6,26.1,25.2,0.964,-0.1,0.43,-0.12,9.0e-01,1.0e+00,0.9999,2049,21.8,18.8,37.7,24.8,23.8,26.9
GENE-5184,NO,18.8,25.4,12.2,0.482,-1.1,0.84,-1.26,2.1e-01,1.0e+00,0.9999,2050,20.8,45.5,9.9,21.8,1,13.9
GENE-5198,NO,565.1,660.1,470.1,0.712,-0.5,0.28,-1.75,8.1e-02,1.0e+00,0.9999,2051,747.8,681.1,551.4,550.7,535.1,324.5
GENE-5204,NO,92.4,84.9,100,1.178,0.2,0.26,0.9,3.7e-01,1.0e+00,0.9999,2052,99.2,77.1,78.4,98.1,94.3,107.5
GENE-5212,NO,32.4,29.1,35.7,1.23,0.3,0.36,0.83,4.1e-01,1.0e+00,0.9999,2053,25.8,28.7,32.7,40.6,31.8,34.8
GENE-5217,NO,83.8,80.6,87,1.08,0.1,0.3,0.37,7.1e-01,1.0e+00,0.9999,2054,72.4,86,83.3,108,89.3,63.7
GENE-5221,NO,18.2,15.5,20.9,1.343,0.4,0.51,0.83,4.1e-01,1.0e+00,0.9999,2055,20.8,7.9,17.9,25.8,17.9,18.9
GENE-5222,NO,1404.6,1538.5,1270.6,0.826,-0.3,0.25,-1.09,2.8e-01,1.0e+00,0.9999,2056,1387.6,1310.8,1917.1,1040,1274.6,1497.3
GENE-5223,NO,82.6,82.9,82.4,0.994,0,0.3,-0.03,9.8e-01,1.0e+00,0.9999,2057,96.2,82.1,70.4,98.1,63.5,85.6
GENE-5234,NO,375.8,366.6,384.9,1.05,0.1,0.21,0.34,7.3e-01,1.0e+00,0.9999,2058,401.7,310.4,387.8,383.3,377.2,394.2
GENE-5237,NO,5.1,5,5.3,1.069,0.1,0.86,0.11,9.1e-01,1.0e+00,0.9999,2059,5,2,7.9,3,6.9,6
GENE-5239,NO,190.8,182,199.6,1.096,0.1,0.27,0.49,6.2e-01,1.0e+00,0.9999,2060,191.4,130.5,224.1,199.1,195.6,204.1
GENE-5242,NO,120.1,134.4,105.9,0.788,-0.3,0.47,-0.72,4.7e-01,1.0e+00,0.9999,2061,174.6,182.9,45.6,110.9,91.3,115.5
GENE-5246,NO,14.2,11.9,16.5,1.392,0.5,0.5,0.95,3.4e-01,1.0e+00,0.9999,2062,13.9,10.9,10.9,18.8,14.9,15.9
GENE-5252,NO,1.3,1,1.7,1.671,0.7,1.63,0.46,6.5e-01,1.0e+00,0.9999,2063,0,2,1,1,3,1
GENE-5253,NO,147.1,152.9,141.3,0.924,-0.1,0.28,-0.41,6.8e-01,1.0e+00,0.9999,2064,127,143.3,188.4,161.4,113.2,149.3
GENE-5254,NO,17,18.5,15.6,0.841,-0.2,0.54,-0.46,6.4e-01,1.0e+00,0.9999,2065,22.8,11.9,20.8,8.9,15.9,21.9
GENE-5255,NO,0.7,0.7,0.7,1,0,2.48,0,1.0e+00,1.0e+00,0.9999,2066,1,0,1,2,0,0
GENE-5261,NO,1566.7,1553.4,1580,1.017,0,0.17,0.14,8.8e-01,1.0e+00,0.9999,2067,1424.3,1616.3,1619.6,1633.2,1522.8,1583.9
GENE-5265,NO,339.7,318.3,361.1,1.134,0.2,0.22,0.82,4.1e-01,1.0e+00,0.9999,2068,270.8,325.2,359,392.2,317.7,373.3
GENE-5269,NO,996.3,1012.4,980.1,0.968,0,0.2,-0.23,8.2e-01,1.0e+00,0.9999,2069,948.2,1112.1,976.9,836.9,1060.2,1043.3
GENE-5270,NO,5.8,7.6,4,0.523,-0.9,0.78,-1.2,2.3e-01,1.0e+00,0.9999,2070,8.9,7.9,6,5.9,3,3
GENE-5275,NO,1.8,2.3,1.3,0.573,-0.8,1.46,-0.55,5.8e-01,1.0e+00,0.9999,2071,2,4,1,0,3,1
GENE-5277,NO,27.8,24.8,30.8,1.243,0.3,0.42,0.75,4.5e-01,1.0e+00,0.9999,2072,27.8,22.7,23.8,35.7,19.9,36.8
GENE-5281,NO,105.1,94.8,115.5,1.218,0.3,0.34,0.84,4.0e-01,1.0e+00,0.9999,2073,80.3,71.2,132.9,143.6,96.3,106.5
GENE-5285,NO,1.2,1,1.3,1.336,0.4,1.68,0.25,8.0e-01,1.0e+00,0.9999,2074,2,1,0,2,1,1
GENE-5290,NO,30.2,34,26.5,0.778,-0.4,0.38,-0.96,3.4e-01,1.0e+00,0.9999,2075,40.7,29.7,31.7,24.8,30.8,23.9
GENE-5291,NO,3.1,3,3.3,1.115,0.2,1.17,0.13,8.9e-01,1.0e+00,0.9999,2076,2,4,3,1,1,8
GENE-5294,NO,36.5,32,41,1.281,0.4,0.38,0.94,3.4e-01,1.0e+00,0.9999,2077,25.8,38.6,31.7,44.6,48.6,29.9
GENE-5297,NO,30.4,30.4,30.4,1.002,0,0.42,0.01,9.9e-01,1.0e+00,0.9999,2078,23.8,42.5,24.8,37.6,27.8,25.9
GENE-5300,NO,4.3,4.6,4,0.859,-0.2,0.94,-0.23,8.2e-01,1.0e+00,0.9999,2079,4,5.9,4,1,6.9,4
GENE-5304,NO,0.7,0.7,0.7,1.004,0,2.48,0,1.0e+00,1.0e+00,0.9999,2080,0,2,0,0,1,1
GENE-5306,NO,1561,1523.9,1598,1.049,0.1,0.21,0.33,7.4e-01,1.0e+00,0.9999,2081,1781.3,1336.5,1454,1774.9,1531.7,1487.3
GENE-5309,NO,6.8,7.9,5.7,0.71,-0.5,0.74,-0.67,5.0e-01,1.0e+00,0.9999,2082,7.9,4.9,10.9,5,4,8
GENE-5311,NO,167.9,171.7,164.1,0.956,-0.1,0.23,-0.29,7.8e-01,1.0e+00,0.9999,2083,148.8,172,194.4,174.3,159.8,158.3
GENE-5316,NO,354.3,350.3,358.3,1.023,0,0.28,0.12,9.1e-01,1.0e+00,0.9999,2084,316.4,438.9,295.6,458.6,292.8,323.5
GENE-5320,NO,16,16.2,15.9,0.982,0,0.49,-0.05,9.6e-01,1.0e+00,0.9999,2085,16.9,18.8,12.9,13.9,20.8,12.9
GENE-5323,NO,151.3,140.4,162.1,1.155,0.2,0.25,0.82,4.1e-01,1.0e+00,0.9999,2086,159.7,109.7,151.7,175.3,161.8,149.3
GENE-5324,NO,471.5,445.6,497.4,1.116,0.2,0.2,0.8,4.2e-01,1.0e+00,0.9999,2087,468.1,392.5,476.1,481.4,542,468.9
GENE-5325,NO,1857,1817.3,1896.7,1.044,0.1,0.21,0.29,7.7e-01,1.0e+00,0.9999,2088,1552.2,1865.4,2034.2,1646.1,2080.7,1963.2
GENE-5334,NO,4.5,3.7,5.3,1.457,0.5,1.08,0.5,6.1e-01,1.0e+00,0.9999,2089,6,0,5,2,7.9,6
GENE-5336,NO,26.9,32.7,21.2,0.648,-0.6,0.39,-1.61,1.1e-01,1.0e+00,0.9999,2090,33.7,27.7,36.7,21.8,22.8,18.9
GENE-5337,NO,29.9,31,28.8,0.928,-0.1,0.52,-0.21,8.4e-01,1.0e+00,0.9999,2091,34.7,30.6,27.8,9.9,40.7,35.8
GENE-5340,NO,2227.9,2054,2401.8,1.169,0.2,0.17,1.3,1.9e-01,1.0e+00,0.9999,2092,2117.6,1905,2139.3,2473.1,2192.8,2539.6
GENE-5341,NO,46.8,46.6,47,1.009,0,0.36,0.04,9.7e-01,1.0e+00,0.9999,2093,33.7,54.4,51.6,60.4,40.7,39.8
GENE-5349,NO,64,65.7,62.2,0.946,-0.1,0.37,-0.22,8.3e-01,1.0e+00,0.9999,2094,92.2,45.5,59.5,70.3,48.6,67.7
GENE-5352,NO,0.7,1,0.3,0.359,-1.5,2.86,-0.52,6.1e-01,1.0e+00,0.9999,2095,0,0,3,0,1,0
GENE-5355,NO,67.1,76,58.2,0.767,-0.4,0.32,-1.2,2.3e-01,1.0e+00,0.9999,2096,74.4,87,66.5,76.3,50.6,47.8
GENE-5357,NO,1137.5,1068.5,1206.5,1.129,0.2,0.21,0.85,4.0e-01,1.0e+00,0.9999,2097,1074.2,920.4,1211,1170.7,1101.9,1346.9
GENE-5367,NO,2,2,2,1.002,0,1.31,0,1.0e+00,1.0e+00,0.9999,2098,1,1,4,1,2,3
GENE-5368,NO,1204.2,1138.7,1269.7,1.115,0.2,0.34,0.46,6.5e-01,1.0e+00,0.9999,2099,891.7,824.5,1699.9,1021.1,1207.1,1580.9
GENE-5369,NO,73.8,79.3,68.2,0.86,-0.2,0.43,-0.51,6.1e-01,1.0e+00,0.9999,2100,94.2,50.4,93.2,53.5,45.7,105.5
GENE-5371,NO,71.4,65.7,77.2,1.174,0.2,0.39,0.6,5.5e-01,1.0e+00,0.9999,2101,75.4,53.4,68.4,42.6,87.4,101.5
GENE-5376,NO,2497.1,2439.2,2555,1.048,0.1,0.24,0.28,7.8e-01,1.0e+00,0.9999,2102,2900.1,1860.5,2556.9,2275,2661.4,2728.7
GENE-5380,NO,215.6,237.1,194,0.818,-0.3,0.28,-1.02,3.1e-01,1.0e+00,0.9999,2103,204.3,216.5,290.6,160.5,171.7,249.9
GENE-5381,NO,1018.3,959.2,1077.3,1.123,0.2,0.38,0.45,6.6e-01,1.0e+00,0.9999,2104,583.2,1402.8,891.6,717.1,1322.3,1192.6
GENE-5387,NO,560.6,573.3,547.9,0.956,-0.1,0.23,-0.29,7.7e-01,1.0e+00,0.9999,2105,547.5,600.1,572.3,462.5,506.3,675
GENE-5392,NO,177.2,181.3,173.1,0.955,-0.1,0.27,-0.25,8.0e-01,1.0e+00,0.9999,2106,198.4,204.6,140.8,170.4,146.9,202.1
GENE-5393,NO,6.4,5.3,7.6,1.441,0.5,0.72,0.73,4.7e-01,1.0e+00,0.9999,2107,5,4.9,6,8.9,5,9
GENE-5397,NO,47.8,44.6,50.9,1.143,0.2,0.38,0.51,6.1e-01,1.0e+00,0.9999,2108,52.6,34.6,46.6,71.3,39.7,41.8
GENE-5398,NO,303.8,299.8,307.8,1.026,0,0.19,0.2,8.4e-01,1.0e+00,0.9999,2109,293.6,308.4,297.5,311,317.7,294.7
GENE-5399,NO,1057.8,797.4,1318.3,1.653,0.7,1.09,0.66,5.1e-01,1.0e+00,0.9999,2110,1582,350,460.2,166.4,1526.8,2261.8
GENE-5404,NO,3.5,3,4,1.336,0.4,1,0.42,6.8e-01,1.0e+00,0.9999,2111,5,3,1,4,3,5
GENE-5407,NO,45.3,51.5,39.1,0.759,-0.4,0.39,-1.03,3.0e-01,1.0e+00,0.9999,2112,52.6,65.2,36.7,27.7,38.7,50.8
GENE-5410,NO,2.3,1.7,3,1.802,0.8,1.41,0.6,5.5e-01,1.0e+00,0.9999,2113,4,1,0,5.9,2,1
GENE-5421,NO,17.2,18.2,16.2,0.893,-0.2,0.48,-0.34,7.3e-01,1.0e+00,0.9999,2114,15.9,23.7,14.9,13.9,15.9,18.9
GENE-5425,NO,6.4,5.3,7.6,1.441,0.5,0.77,0.68,5.0e-01,1.0e+00,0.9999,2115,2,7.9,6,9.9,6.9,6
GENE-5428,NO,197.5,195.2,199.8,1.024,0,0.22,0.16,8.8e-01,1.0e+00,0.9999,2116,183.5,203.6,198.4,222.8,203.5,173.2
GENE-5445,NO,46.9,50.9,43,0.846,-0.2,0.36,-0.66,5.1e-01,1.0e+00,0.9999,2117,40.7,42.5,69.4,35.7,48.6,44.8
GENE-5446,NO,2.5,3.3,1.7,0.501,-1,1.3,-0.77,4.4e-01,1.0e+00,0.9999,2118,3,2,5,4,0,1
GENE-5448,NO,1,1,1,1.003,0,2.2,0,1.0e+00,1.0e+00,0.9999,2119,1,0,2,0,0,3
GENE-5449,NO,8.6,9.9,7.3,0.735,-0.4,0.67,-0.66,5.1e-01,1.0e+00,0.9999,2120,13.9,7.9,7.9,8.9,4,9
GENE-5451,NO,2,3,1,0.335,-1.6,1.58,-1,3.2e-01,1.0e+00,0.9999,2121,1,4,4,0,0,3
GENE-5455,NO,3,3,3,1.004,0,1.16,0,1.0e+00,1.0e+00,0.9999,2122,3,4,2,1,1,7
GENE-5459,NO,5.3,6.3,4.3,0.685,-0.5,0.88,-0.62,5.4e-01,1.0e+00,0.9999,2123,5,4,9.9,7.9,3,2
GENE-5460,NO,1.5,2.3,0.7,0.286,-1.8,1.69,-1.07,2.9e-01,1.0e+00,0.9999,2124,1,1,5,0,1,1
GENE-5464,NO,2.3,3.3,1.3,0.401,-1.3,1.28,-1.03,3.0e-01,1.0e+00,0.9999,2125,4,4,2,2,2,0
GENE-5465,NO,22.5,25.4,19.5,0.768,-0.4,0.5,-0.76,4.5e-01,1.0e+00,0.9999,2126,28.8,23.7,23.8,19.8,29.8,9
GENE-5466,NO,2.8,3.3,2.3,0.703,-0.5,1.21,-0.42,6.7e-01,1.0e+00,0.9999,2127,1,5.9,3,1,1,5
GENE-5476,NO,65,64.1,65.9,1.028,0,0.33,0.12,9.0e-01,1.0e+00,0.9999,2128,72.4,57.3,62.5,61.4,48.6,87.6
GENE-5477,NO,65,68.7,61.2,0.891,-0.2,0.3,-0.55,5.8e-01,1.0e+00,0.9999,2129,74.4,60.3,71.4,47.5,65.5,70.7
GENE-5482,NO,608.6,594.1,623.1,1.049,0.1,0.2,0.34,7.4e-01,1.0e+00,0.9999,2130,598.1,610.9,573.3,730,584.7,554.5
GENE-5488,NO,971.9,946,997.9,1.055,0.1,0.27,0.28,7.8e-01,1.0e+00,0.9999,2131,718.1,1079.5,1040.4,850.8,883.5,1259.3
GENE-5489,NO,20.2,19.2,21.2,1.105,0.1,0.5,0.29,7.7e-01,1.0e+00,0.9999,2132,27.8,11.9,17.9,17.8,28.8,16.9
GENE-5493,NO,360.4,342.7,378.1,1.103,0.1,0.27,0.53,6.0e-01,1.0e+00,0.9999,2133,269.8,393.4,365,290.2,434.8,409.2
GENE-5494,NO,9.6,8.9,10.3,1.151,0.2,0.61,0.33,7.4e-01,1.0e+00,0.9999,2134,9.9,9.9,6.9,8.9,13.9,8
GENE-5495,NO,57.7,62.4,53,0.848,-0.2,0.29,-0.82,4.1e-01,1.0e+00,0.9999,2135,68.4,63.3,55.5,49.5,57.6,51.8
GENE-5496,NO,33.4,34.3,32.4,0.944,-0.1,0.43,-0.19,8.5e-01,1.0e+00,0.9999,2136,45.6,31.6,25.8,38.6,19.9,38.8
GENE-5497,NO,59.3,61.1,57.6,0.943,-0.1,0.38,-0.23,8.2e-01,1.0e+00,0.9999,2137,35.7,75.1,72.4,57.4,48.6,66.7
GENE-5498,NO,329.6,359.3,299.9,0.835,-0.3,0.36,-0.73,4.7e-01,1.0e+00,0.9999,2138,345.2,336.1,396.7,339.7,154.9,405.2
GENE-5503,NO,1294.7,1353.6,1235.9,0.913,-0.1,0.21,-0.61,5.4e-01,1.0e+00,0.9999,2139,1313.2,1460.1,1287.4,1331.2,992.7,1383.8
GENE-5505,NO,13.4,10.9,15.9,1.458,0.5,0.51,1.06,2.9e-01,1.0e+00,0.9999,2140,9.9,12.9,9.9,14.9,15.9,16.9
GENE-5512,NO,138,136.4,139.7,1.024,0,0.25,0.14,8.9e-01,1.0e+00,0.9999,2141,125,120.6,163.6,129.7,138,151.3
GENE-5514,NO,1715.2,1901.3,1529.1,0.804,-0.3,0.23,-1.35,1.8e-01,1.0e+00,0.9999,2142,1519.5,1852.6,2331.7,1633.2,1582.3,1371.8
GENE-5519,NO,1214.7,1329.2,1100.2,0.828,-0.3,0.26,-1.04,3.0e-01,1.0e+00,0.9999,2143,1750.6,1047.9,1189.2,967.7,1219,1114
GENE-5523,NO,617.1,632.1,602.1,0.953,-0.1,0.18,-0.39,6.9e-01,1.0e+00,0.9999,2144,638.7,650.5,607,568.5,584.7,653.1
GENE-5524,NO,96.9,91.8,101.9,1.11,0.2,0.27,0.57,5.7e-01,1.0e+00,0.9999,2145,105.1,81.1,89.3,93.1,118.1,94.6
GENE-5526,NO,1010.8,980.1,1041.5,1.063,0.1,0.22,0.39,6.9e-01,1.0e+00,0.9999,2146,986.9,1007.3,946.2,1294.5,904.3,925.8
GENE-5528,NO,4.5,4.6,4.3,0.931,-0.1,0.88,-0.12,9.1e-01,1.0e+00,0.9999,2147,4,5.9,4,2,4,7
GENE-5530,NO,7.4,7.9,6.9,0.876,-0.2,0.85,-0.22,8.2e-01,1.0e+00,0.9999,2148,9.9,4,9.9,8.9,10.9,1
GENE-5532,NO,240.9,220,261.8,1.19,0.3,0.21,1.18,2.4e-01,1.0e+00,0.9999,2149,241,196.7,222.2,259.5,240.2,285.7
GENE-5533,NO,9.1,7.9,10.3,1.295,0.4,0.62,0.6,5.5e-01,1.0e+00,0.9999,2150,7.9,8.9,6.9,7.9,13.9,9
GENE-5534,NO,2301.4,2363.1,2239.6,0.948,-0.1,0.24,-0.32,7.5e-01,1.0e+00,0.9999,2151,2498.4,2450.7,2140.3,2079.9,1800.7,2838.2
GENE-5537,NO,369.7,430.5,308.9,0.717,-0.5,0.29,-1.66,9.7e-02,1.0e+00,0.9999,2152,397.7,509.1,384.8,210,347.4,369.3
GENE-5538,NO,2310.6,2418.8,2202.5,0.911,-0.1,0.23,-0.59,5.6e-01,1.0e+00,0.9999,2153,2685.9,2679,1891.4,2151.2,1990.3,2465.9
GENE-5546,NO,19.2,14.6,23.8,1.638,0.7,0.61,1.16,2.5e-01,1.0e+00,0.9999,2154,16.9,10.9,15.9,39.6,23.8,8
GENE-5547,NO,42.6,41.3,44,1.066,0.1,0.34,0.27,7.9e-01,1.0e+00,0.9999,2155,45.6,46.5,31.7,45.6,36.7,49.8
GENE-5548,NO,196.6,185.2,207.9,1.122,0.2,0.24,0.7,4.9e-01,1.0e+00,0.9999,2156,207.3,195.7,152.7,186.2,228.3,209.1
GENE-5555,NO,169.3,175.1,163.5,0.934,-0.1,0.21,-0.46,6.4e-01,1.0e+00,0.9999,2157,172.6,167.1,185.5,158.5,173.7,158.3
GENE-5556,NO,2.6,2.7,2.7,1.002,0,1.14,0,1.0e+00,1.0e+00,0.9999,2158,3,4,1,4,3,1
GENE-5557,NO,6.4,6,6.9,1.169,0.2,0.75,0.3,7.6e-01,1.0e+00,0.9999,2159,5,7.9,5,9.9,6.9,4
GENE-5562,NO,666.6,644.7,688.6,1.068,0.1,0.43,0.22,8.2e-01,1.0e+00,0.9999,2160,979.9,573.4,380.9,477.4,530.1,1058.2
GENE-5567,NO,349.3,329.6,369,1.12,0.2,0.23,0.7,4.8e-01,1.0e+00,0.9999,2161,285.6,337.1,366,434.8,313.7,358.4
GENE-5568,NO,15,18.5,11.6,0.627,-0.7,0.6,-1.12,2.6e-01,1.0e+00,0.9999,2162,14.9,30.6,9.9,7.9,14.9,11.9
GENE-5577,NO,354.6,357.4,351.8,0.984,0,0.21,-0.11,9.2e-01,1.0e+00,0.9999,2163,418.6,309.4,344.2,350.6,336.5,368.3
GENE-5578,NO,1.7,2.3,1,0.43,-1.2,1.5,-0.81,4.2e-01,1.0e+00,0.9999,2164,1,3,3,0,1,2
GENE-5580,NO,56,53.5,58.6,1.095,0.1,0.33,0.39,6.9e-01,1.0e+00,0.9999,2165,39.7,69.2,51.6,65.4,52.6,57.7
GENE-5584,NO,13.6,12.9,14.2,1.105,0.1,0.53,0.27,7.9e-01,1.0e+00,0.9999,2166,13.9,16.8,7.9,13.9,13.9,14.9
GENE-5585,NO,4.6,5.3,4,0.752,-0.4,0.84,-0.49,6.2e-01,1.0e+00,0.9999,2167,6.9,4,5,3,5,4
GENE-5588,NO,9.9,9.6,10.2,1.071,0.1,0.7,0.14,8.9e-01,1.0e+00,0.9999,2168,5,12.9,10.9,17.8,6.9,6
GENE-5591,NO,1,1.3,0.7,0.502,-1,1.95,-0.51,6.1e-01,1.0e+00,0.9999,2169,0,2,2,0,1,1
GENE-5596,NO,1057.7,1097.2,1018.2,0.928,-0.1,0.28,-0.38,7.0e-01,1.0e+00,0.9999,2170,1026.5,1218.9,1046.3,691.3,1048.3,1315.1
GENE-5597,NO,53.4,61.1,45.7,0.747,-0.4,0.37,-1.15,2.5e-01,1.0e+00,0.9999,2171,66.5,61.3,55.5,64.4,42.7,29.9
GENE-5605,NO,0.7,0.3,1,2.794,1.5,2.44,0.61,5.4e-01,1.0e+00,0.9999,2172,1,0,0,2,1,0
GENE-5608,NO,14.2,13.2,15.2,1.152,0.2,0.56,0.36,7.2e-01,1.0e+00,0.9999,2173,8.9,10.9,19.8,13.9,20.8,11
GENE-5609,NO,42.3,40.6,44,1.082,0.1,0.79,0.14,8.9e-01,1.0e+00,0.9999,2174,68.4,16.8,36.7,56.5,71.5,4
GENE-5613,NO,335.9,333.7,338.2,1.014,0,0.26,0.08,9.4e-01,1.0e+00,0.9999,2175,406.7,253.1,341.2,317.9,384.2,312.6
GENE-5617,YES,0.7,0.7,0.7,1.004,0,2.48,0,1.0e+00,1.0e+00,0.9999,2176,1,1,0,0,0,2
GENE-5620,NO,232.8,226.5,239,1.055,0.1,0.19,0.4,6.9e-01,1.0e+00,0.9999,2177,230.1,222.4,227.1,241.7,231.3,243.9
GENE-5621,NO,32.7,29.4,36.1,1.228,0.3,0.48,0.62,5.4e-01,1.0e+00,0.9999,2178,38.7,27.7,21.8,21.8,28.8,57.7
GENE-5628,NO,1.7,1.7,1.7,1.001,0,1.7,0,1.0e+00,1.0e+00,0.9999,2179,1,2,2,5,0,0
GENE-5635,NO,649.7,626.3,673.1,1.075,0.1,0.24,0.44,6.6e-01,1.0e+00,0.9999,2180,712.1,488.4,678.4,651.7,762.4,605.3
GENE-5636,NO,186.4,181.2,191.7,1.058,0.1,0.42,0.19,8.5e-01,1.0e+00,0.9999,2181,98.2,281.7,163.6,122.8,235.3,217
GENE-5638,NO,95.1,82.6,107.6,1.303,0.4,0.3,1.28,2.0e-01,1.0e+00,0.9999,2182,66.5,90.9,90.3,127.8,82.4,112.5
GENE-5642,NO,270.4,286,254.8,0.891,-0.2,0.21,-0.81,4.2e-01,1.0e+00,0.9999,2183,320.4,283.7,253.9,257.5,251.1,255.8
GENE-5644,NO,7.1,8.3,6,0.722,-0.5,0.73,-0.65,5.2e-01,1.0e+00,0.9999,2184,6,9.9,8.9,3,6,9
GENE-5647,NO,5.1,4,6.3,1.587,0.7,0.82,0.81,4.2e-01,1.0e+00,0.9999,2185,4,4.9,3,4,8.9,6
GENE-5649,NO,79.2,79.6,78.8,0.99,0,0.33,-0.04,9.7e-01,1.0e+00,0.9999,2186,66.5,91.9,80.3,53.5,93.3,89.6
GENE-5659,NO,149.1,137.6,160.5,1.166,0.2,0.34,0.65,5.1e-01,1.0e+00,0.9999,2187,110.1,204.6,98.2,150.5,149.9,181.2
GENE-5661,NO,53.2,48.6,57.9,1.193,0.3,0.36,0.71,4.8e-01,1.0e+00,0.9999,2188,48.6,33.6,63.5,68.3,48.6,56.7
GENE-5665,NO,4,3,5,1.671,0.7,0.96,0.77,4.4e-01,1.0e+00,0.9999,2189,3,4.9,1,4,6.9,4
GENE-5666,NO,145.5,145,146,1.007,0,0.24,0.04,9.7e-01,1.0e+00,0.9999,2190,144.8,149.3,140.8,120.8,152.9,164.3
GENE-5670,NO,202.1,178,226.3,1.271,0.3,0.28,1.22,2.2e-01,1.0e+00,0.9999,2191,175.6,175,183.5,251.6,274,153.3
GENE-5674,NO,64.5,67.4,61.6,0.914,-0.1,0.3,-0.44,6.6e-01,1.0e+00,0.9999,2192,81.3,62.3,58.5,55.5,66.5,62.7
GENE-5685,NO,89.2,96.4,82,0.851,-0.2,0.29,-0.81,4.2e-01,1.0e+00,0.9999,2193,94.2,96.9,98.2,101,83.4,61.7
GENE-5691,NO,45.1,47.2,43,0.911,-0.1,0.35,-0.38,7.0e-01,1.0e+00,0.9999,2194,60.5,36.6,44.6,44.6,48.6,35.8
GENE-5694,NO,21.2,23.1,19.2,0.83,-0.3,0.49,-0.55,5.8e-01,1.0e+00,0.9999,2195,26.8,14.8,27.8,16.8,26.8,13.9
GENE-5697,NO,1.7,0.7,2.7,4.005,2,1.56,1.28,2.0e-01,1.0e+00,0.9999,2196,1,0,1,4,2,2
GENE-5700,NO,124.5,122.2,126.8,1.037,0.1,0.24,0.22,8.3e-01,1.0e+00,0.9999,2197,110.1,120.6,135.9,127.8,138,114.5
GENE-5702,NO,23.3,25.1,21.5,0.857,-0.2,0.44,-0.5,6.1e-01,1.0e+00,0.9999,2198,18.8,27.7,28.8,20.8,15.9,27.9
GENE-5703,NO,98.2,100.4,96,0.956,-0.1,0.29,-0.22,8.2e-01,1.0e+00,0.9999,2199,121,93.9,86.3,86.2,119.1,82.6
GENE-5709,NO,3345.7,3342.7,3348.6,1.002,0,0.27,0.01,9.9e-01,1.0e+00,0.9999,2200,3280,4294.3,2453.7,3270.4,3845.7,2929.8
GENE-5713,NO,248.1,239.1,257.1,1.075,0.1,0.24,0.43,6.7e-01,1.0e+00,0.9999,2201,224.2,206.6,286.6,291.2,224.3,255.8
GENE-5717,NO,41.7,38.6,44.7,1.157,0.2,0.38,0.55,5.8e-01,1.0e+00,0.9999,2202,36.7,52.4,26.8,47.5,35.7,50.8
GENE-5718,NO,87,85.2,88.7,1.041,0.1,0.32,0.18,8.6e-01,1.0e+00,0.9999,2203,78.4,81.1,96.2,60.4,114.2,91.6
GENE-5719,NO,500.6,517.5,483.8,0.935,-0.1,0.21,-0.46,6.5e-01,1.0e+00,0.9999,2204,588.2,492.3,472.1,542.8,480.5,428.1
GENE-5720,NO,226.5,227.2,225.7,0.993,0,0.23,-0.04,9.7e-01,1.0e+00,0.9999,2205,204.3,204.6,272.7,222.8,242.2,212
GENE-5724,NO,8.4,7.6,9.3,1.22,0.3,0.67,0.43,6.7e-01,1.0e+00,0.9999,2206,10.9,4.9,6.9,10.9,6,11
GENE-5726,NO,274.7,358,191.4,0.535,-0.9,1.27,-0.71,4.8e-01,1.0e+00,0.9999,2207,279.7,56.3,737.9,439.8,31.8,102.5
GENE-5727,NO,2.6,3,2.3,0.779,-0.4,1.49,-0.24,8.1e-01,1.0e+00,0.9999,2208,3,2,4,0,6.9,0
GENE-5728,NO,3,3,3,1.002,0,1.01,0,1.0e+00,1.0e+00,0.9999,2209,3,3,3,3,4,2
GENE-5731,NO,27.9,28.1,27.8,0.99,0,0.4,-0.04,9.7e-01,1.0e+00,0.9999,2210,29.8,22.7,31.7,21.8,34.7,26.9
GENE-5733,NO,224.4,221.9,226.8,1.022,0,0.26,0.12,9.0e-01,1.0e+00,0.9999,2211,197.4,224.4,244,174.3,226.3,279.7
GENE-5743,NO,3849.5,3986.9,3712.1,0.931,-0.1,0.23,-0.45,6.6e-01,1.0e+00,0.9999,2212,4063.5,4127.3,3769.8,2871.3,3739.4,4525.6
GENE-5745,NO,123.2,161.8,84.6,0.523,-0.9,0.59,-1.58,1.1e-01,1.0e+00,0.9999,2213,96.2,193.8,195.4,177.3,42.7,33.8
GENE-5748,NO,21,20.5,21.5,1.05,0.1,0.54,0.13,9.0e-01,1.0e+00,0.9999,2214,13.9,14.8,32.7,31.7,16.9,15.9
GENE-5754,NO,258.9,244.4,273.4,1.119,0.2,0.27,0.6,5.5e-01,1.0e+00,0.9999,2215,196.4,265.9,270.8,309,207.5,303.6
GENE-5757,NO,110.8,115.3,106.3,0.922,-0.1,0.25,-0.47,6.4e-01,1.0e+00,0.9999,2216,126,107.8,112.1,97.1,98.3,123.4
GENE-5760,NO,1.8,2.7,1,0.376,-1.4,1.49,-0.95,3.4e-01,1.0e+00,0.9999,2217,5,2,1,1,2,0
GENE-5761,NO,15.7,15.9,15.5,0.981,0,0.59,-0.05,9.6e-01,1.0e+00,0.9999,2218,15.9,6.9,24.8,20.8,11.9,13.9
GENE-5762,NO,40,40.9,39.1,0.954,-0.1,0.46,-0.15,8.8e-01,1.0e+00,0.9999,2219,39.7,61.3,21.8,46.6,42.7,27.9
GENE-5766,NO,29.1,27.7,30.5,1.097,0.1,0.37,0.36,7.2e-01,1.0e+00,0.9999,2220,24.8,25.7,32.7,32.7,31.8,26.9
GENE-5770,NO,1.7,2.3,1,0.429,-1.2,1.48,-0.82,4.1e-01,1.0e+00,0.9999,2221,5,1,1,1,1,1
GENE-5771,NO,478.7,502.5,454.8,0.905,-0.1,0.24,-0.59,5.5e-01,1.0e+00,0.9999,2222,443.3,571.4,492.9,451.6,364.3,548.5
GENE-5774,NO,4.5,4.6,4.3,0.931,-0.1,0.93,-0.11,9.1e-01,1.0e+00,0.9999,2223,3,5.9,5,1,6.9,5
GENE-5779,NO,14,16.2,11.9,0.736,-0.4,0.52,-0.85,3.9e-01,1.0e+00,0.9999,2224,13.9,18.8,15.9,9.9,15.9,10
GENE-5780,NO,28.4,29.1,27.8,0.957,-0.1,0.37,-0.17,8.6e-01,1.0e+00,0.9999,2225,26.8,31.6,28.8,27.7,30.8,24.9
GENE-5781,NO,570.4,563.4,577.5,1.025,0,0.18,0.2,8.4e-01,1.0e+00,0.9999,2226,555.4,556.6,578.2,635.9,544,552.5
GENE-5782,NO,186.1,176.9,195.3,1.104,0.1,0.31,0.46,6.5e-01,1.0e+00,0.9999,2227,154.7,240.2,135.9,167.4,242.2,176.2
GENE-5784,NO,62,58.1,65.8,1.133,0.2,0.28,0.64,5.2e-01,1.0e+00,0.9999,2228,52.6,60.3,61.5,70.3,63.5,63.7
GENE-5786,NO,69.9,72.3,67.5,0.934,-0.1,0.32,-0.31,7.6e-01,1.0e+00,0.9999,2229,55.5,66.2,95.2,61.4,66.5,74.7
GENE-5787,NO,771.4,394.2,1148.6,2.914,1.5,1.44,1.07,2.8e-01,1.0e+00,0.9999,2230,267.8,792.8,122,2998.1,390.1,57.7
GENE-5788,NO,9.9,12.2,7.6,0.623,-0.7,0.62,-1.1,2.7e-01,1.0e+00,0.9999,2231,8.9,15.8,11.9,9.9,5,8
GENE-5794,NO,513.4,484.1,542.7,1.121,0.2,0.28,0.59,5.6e-01,1.0e+00,0.9999,2232,550.5,550.6,351.1,637.8,424.9,565.5
GENE-5797,NO,1304.4,1271.7,1337.2,1.052,0.1,0.26,0.28,7.8e-01,1.0e+00,0.9999,2233,1145.6,1349.4,1320.1,1594.6,1462.2,954.7
GENE-5800,NO,148.8,153.9,143.6,0.933,-0.1,0.21,-0.47,6.4e-01,1.0e+00,0.9999,2234,156.7,150.3,154.7,142.6,141,147.3
GENE-5803,YES,2.8,2.7,3,1.128,0.2,1.11,0.16,8.8e-01,1.0e+00,0.9999,2235,3,4,1,2,2,5
GENE-5808,NO,31.1,36,26.1,0.726,-0.5,0.41,-1.13,2.6e-01,1.0e+00,0.9999,2236,33.7,39.5,34.7,37.6,21.8,18.9
GENE-5820,NO,2.5,2.7,2.3,0.877,-0.2,1.12,-0.17,8.7e-01,1.0e+00,0.9999,2237,2,2,4,3,2,2
GENE-5822,NO,524.6,519.5,529.8,1.02,0,0.19,0.15,8.8e-01,1.0e+00,0.9999,2238,547.5,534.8,476.1,574.5,514.2,500.7
GENE-5830,NO,37.5,46.2,28.8,0.623,-0.7,0.38,-1.8,7.3e-02,1.0e+00,0.9999,2239,36.7,44.5,57.5,32.7,32.8,20.9
GENE-5834,NO,106.3,124.5,88.1,0.707,-0.5,0.29,-1.7,9.0e-02,1.0e+00,0.9999,2240,142.8,91.9,138.9,97.1,73.5,93.6
GENE-5835,NO,1.2,1.3,1,0.752,-0.4,1.68,-0.24,8.1e-01,1.0e+00,0.9999,2241,2,1,1,1,0,2
GENE-5842,NO,2.6,2,3.3,1.672,0.7,1.16,0.64,5.2e-01,1.0e+00,0.9999,2242,2,3,1,1,4,5
GENE-5847,NO,53.6,55.8,51.3,0.919,-0.1,0.32,-0.38,7.0e-01,1.0e+00,0.9999,2243,43.6,65.2,58.5,48.5,46.7,58.7
GENE-5849,NO,1892.2,1914.3,1870.1,0.977,0,0.26,-0.13,9.0e-01,1.0e+00,0.9999,2244,2243.5,1756.7,1742.6,1502.5,1660.8,2447
GENE-5854,NO,120.8,126.3,115.3,0.913,-0.1,2.39,-0.06,9.6e-01,1.0e+00,0.9999,2245,1,0,377.9,51.5,133,161.3
GENE-5863,NO,471.6,474.9,468.3,0.986,0,0.19,-0.11,9.1e-01,1.0e+00,0.9999,2246,506.8,453.8,464.2,482.3,430.8,491.8
GENE-5865,NO,14.4,14.5,14.2,0.979,0,0.57,-0.05,9.6e-01,1.0e+00,0.9999,2247,10.9,13.8,18.8,21.8,7.9,12.9
GENE-5866,NO,1.8,2,1.7,0.835,-0.3,1.33,-0.2,8.4e-01,1.0e+00,0.9999,2248,2,3,1,3,1,1
GENE-5867,NO,1363.6,1190.1,1537,1.291,0.4,0.23,1.59,1.1e-01,1.0e+00,0.9999,2249,1215,951,1404.4,1692.7,1585.3,1333
GENE-5870,NO,36.4,27.1,45.7,1.688,0.8,0.51,1.48,1.4e-01,1.0e+00,0.9999,2250,35.7,29.7,15.9,28.7,32.8,75.7
GENE-5872,NO,391.9,392.4,391.3,0.997,0,0.27,-0.01,9.9e-01,1.0e+00,0.9999,2251,359,331.2,487,342.7,347.4,483.8
GENE-5874,NO,2,3,1,0.334,-1.6,1.33,-1.19,2.3e-01,1.0e+00,0.9999,2252,4,3,2,1,1,1
GENE-5875,NO,23,21.1,24.8,1.174,0.2,0.41,0.56,5.7e-01,1.0e+00,0.9999,2253,16.9,21.7,24.8,22.8,26.8,24.9
GENE-5881,NO,297.5,285.9,309.1,1.081,0.1,0.23,0.49,6.2e-01,1.0e+00,0.9999,2254,250.9,330.2,276.7,324.9,266,336.5
GENE-5882,NO,396.1,399.6,392.5,0.982,0,0.21,-0.12,9.0e-01,1.0e+00,0.9999,2255,469.1,346,383.8,413,380.2,384.3
GENE-5883,NO,99.5,99,99.9,1.009,0,0.27,0.05,9.6e-01,1.0e+00,0.9999,2256,95.2,117.6,84.3,112.9,97.3,89.6
GENE-5886,NO,4.1,4.3,4,0.925,-0.1,0.88,-0.13,9.0e-01,1.0e+00,0.9999,2257,3,5.9,4,4,4,4
GENE-5889,NO,26.8,9.6,43.9,4.583,2.2,1.96,1.12,2.6e-01,1.0e+00,0.9999,2258,0,2,26.8,111.9,14.9,5
GENE-5897,NO,2.5,2,3,1.503,0.6,1.29,0.45,6.5e-01,1.0e+00,0.9999,2259,0,4,2,4,4,1
GENE-5902,NO,243.8,227.2,260.4,1.146,0.2,0.33,0.59,5.5e-01,1.0e+00,0.9999,2260,138.9,265.9,276.7,324.9,225.3,231
GENE-5912,NO,107.8,115.3,100.3,0.87,-0.2,0.44,-0.46,6.5e-01,1.0e+00,0.9999,2261,168.6,76.1,101.2,59.4,88.3,153.3
GENE-5917,NO,217.4,219.6,215.1,0.98,0,0.22,-0.14,8.9e-01,1.0e+00,0.9999,2262,231.1,204.6,223.2,227.8,187.6,230
GENE-5923,NO,6.6,7.3,5.9,0.82,-0.3,0.79,-0.36,7.2e-01,1.0e+00,0.9999,2263,10.9,7.9,3,6.9,7.9,3
GENE-5927,YES,7.8,5.6,9.9,1.767,0.8,0.73,1.12,2.6e-01,1.0e+00,0.9999,2264,8.9,3,5,14.9,6.9,8
GENE-5928,NO,5.8,4.6,7,1.503,0.6,0.78,0.75,4.5e-01,1.0e+00,0.9999,2265,3,4.9,6,5,9.9,6
GENE-5933,NO,146.5,145.6,147.3,1.011,0,0.24,0.07,9.5e-01,1.0e+00,0.9999,2266,135.9,135.4,165.6,132.7,144.9,164.3
GENE-5934,NO,1564.8,1464.9,1664.6,1.136,0.2,0.21,0.89,3.8e-01,1.0e+00,0.9999,2267,1665.3,1513.5,1215.9,1530.2,1674.7,1788.9
GENE-5941,NO,123,105,140.9,1.342,0.4,0.34,1.26,2.1e-01,1.0e+00,0.9999,2268,85.3,119.6,110.1,140.6,190.6,91.6
GENE-5942,NO,41.7,40,43.4,1.085,0.1,0.38,0.31,7.6e-01,1.0e+00,0.9999,2269,35.7,36.6,47.6,33.7,60.6,35.8
GENE-5944,NO,20,16.8,23.1,1.374,0.5,0.55,0.84,4.0e-01,1.0e+00,0.9999,2270,14.9,14.8,20.8,39.6,14.9,14.9
GENE-5949,NO,104.6,103,106.2,1.031,0,0.3,0.14,8.9e-01,1.0e+00,0.9999,2271,80.3,115.7,113.1,130.7,106.2,81.6
GENE-5951,NO,1.8,2,1.7,0.836,-0.3,1.41,-0.18,8.5e-01,1.0e+00,0.9999,2272,1,2,3,0,3,2
GENE-5955,NO,815.8,917.4,714.3,0.779,-0.4,0.22,-1.64,1.0e-01,1.0e+00,0.9999,2273,1064.2,896.6,791.5,747.8,613.5,781.5
GENE-5956,NO,379.4,415.6,343.2,0.826,-0.3,0.25,-1.09,2.7e-01,1.0e+00,0.9999,2274,475.1,331.2,440.4,377.4,277,375.3
GENE-5965,NO,109.6,108.3,110.9,1.024,0,0.32,0.11,9.1e-01,1.0e+00,0.9999,2275,85.3,148.3,91.2,95.1,111.2,126.4
GENE-5966,NO,2350,2258.6,2441.4,1.081,0.1,0.27,0.41,6.8e-01,1.0e+00,0.9999,2276,2689.9,2543.6,1542.2,2581.1,2630.6,2112.5
GENE-5967,NO,101.8,108.7,95,0.874,-0.2,0.32,-0.6,5.5e-01,1.0e+00,0.9999,2277,92.2,86,147.8,83.2,115.2,86.6
GENE-5971,NO,10.7,11.2,10.2,0.914,-0.1,0.56,-0.23,8.2e-01,1.0e+00,0.9999,2278,10.9,10.9,11.9,7.9,10.9,11.9
GENE-5975,NO,42.2,40.3,44,1.092,0.1,0.35,0.36,7.2e-01,1.0e+00,0.9999,2279,49.6,34.6,36.7,47.5,34.7,49.8
GENE-5980,NO,14.9,11.5,18.2,1.574,0.7,0.55,1.18,2.4e-01,1.0e+00,0.9999,2280,6.9,8.9,18.8,18.8,19.9,15.9
GENE-5992,NO,9.3,8.9,9.6,1.076,0.1,0.84,0.13,9.0e-01,1.0e+00,0.9999,2281,14.9,7.9,4,8.9,17.9,2
GENE-5993,NO,191.3,184,198.5,1.079,0.1,0.28,0.4,6.9e-01,1.0e+00,0.9999,2282,164.6,145.3,242,218.9,184.6,192.1
GENE-5994,NO,8663.1,8392.5,8933.7,1.064,0.1,0.18,0.5,6.2e-01,1.0e+00,0.9999,2283,8190.6,8979.2,8007.8,10041.1,8220.4,8539.6
GENE-6000,NO,1.3,0.3,2.3,6.532,2.7,1.84,1.47,1.4e-01,1.0e+00,0.9999,2284,0,0,1,1,2,4
GENE-6007,NO,158.5,152.6,164.5,1.078,0.1,0.23,0.46,6.4e-01,1.0e+00,0.9999,2285,170.6,133.5,153.7,171.3,146.9,175.2
GENE-6011,NO,8.3,7.9,8.6,1.085,0.1,0.66,0.18,8.6e-01,1.0e+00,0.9999,2286,7.9,4.9,10.9,9.9,8.9,7
GENE-6012,NO,4.1,5,3.3,0.668,-0.6,0.92,-0.63,5.3e-01,1.0e+00,0.9999,2287,3,4,7.9,4,4,2
GENE-6013,NO,6.4,7.6,5.3,0.697,-0.5,0.82,-0.63,5.3e-01,1.0e+00,0.9999,2288,10.9,8.9,3,8.9,3,4
GENE-6014,NO,5.1,5.3,5,0.94,-0.1,0.82,-0.11,9.1e-01,1.0e+00,0.9999,2289,3,5.9,6.9,5.9,3,6
GENE-6019,NO,4.6,5.6,3.6,0.648,-0.6,0.91,-0.69,4.9e-01,1.0e+00,0.9999,2290,6.9,4,6,6.9,2,2
GENE-6023,NO,40.7,41.6,39.7,0.954,-0.1,0.35,-0.19,8.5e-01,1.0e+00,0.9999,2291,34.7,43.5,46.6,49.5,31.8,37.8
GENE-6025,NO,1.7,2.3,1,0.429,-1.2,1.48,-0.82,4.1e-01,1.0e+00,0.9999,2292,5,1,1,1,1,1
GENE-6026,NO,196.7,201.7,191.7,0.95,-0.1,0.23,-0.32,7.5e-01,1.0e+00,0.9999,2293,192.4,224.4,188.4,174.3,176.7,224
GENE-6034,NO,22.2,16.2,28.1,1.738,0.8,0.45,1.77,7.7e-02,1.0e+00,0.9999,2294,11.9,19.8,16.9,26.7,35.7,21.9
GENE-6037,NO,218.9,193.1,244.5,1.266,0.3,0.24,1.43,1.5e-01,1.0e+00,0.9999,2295,156.7,221.4,201.3,270.4,228.3,234.9
GENE-6044,NO,945,1011.2,878.9,0.869,-0.2,0.23,-0.9,3.7e-01,1.0e+00,0.9999,2296,802.4,1064.7,1166.4,887.4,949,800.4
GENE-6052,NO,2016.3,1916.7,2116,1.104,0.1,0.28,0.5,6.2e-01,1.0e+00,0.9999,2297,1716.9,1648.9,2384.3,1529.2,2659.4,2159.3
GENE-6055,YES,2,3.3,0.7,0.2,-2.3,1.58,-1.47,1.4e-01,1.0e+00,0.9999,2298,3,2,5,0,2,0
GENE-6056,NO,22,24.4,19.5,0.799,-0.3,0.47,-0.69,4.9e-01,1.0e+00,0.9999,2299,31.7,20.8,20.8,25.8,11.9,20.9
GENE-6058,NO,448.1,453.1,443.1,0.978,0,0.18,-0.18,8.6e-01,1.0e+00,0.9999,2300,438.4,469.6,451.3,470.5,446.7,412.1
GENE-6059,NO,82.8,80.6,85.1,1.056,0.1,0.33,0.24,8.1e-01,1.0e+00,0.9999,2301,109.1,79.1,53.6,84.2,82.4,88.6
GENE-6066,NO,247.3,261.6,233,0.89,-0.2,0.25,-0.67,5.0e-01,1.0e+00,0.9999,2302,292.6,205.6,286.6,262.5,231.3,205.1
GENE-6069,NO,9.9,9.9,9.9,1.002,0,0.65,0.01,1.0e+00,1.0e+00,0.9999,2303,6.9,15.8,6.9,12.9,6.9,10
GENE-6071,NO,401,428.7,373.3,0.871,-0.2,0.26,-0.78,4.4e-01,1.0e+00,0.9999,2304,391.8,406.3,488,434.8,276,409.2
GENE-6073,NO,82.2,80.6,83.7,1.039,0.1,0.3,0.18,8.5e-01,1.0e+00,0.9999,2305,80.3,61.3,100.2,81.2,93.3,76.7
GENE-6075,NO,106.8,109,104.6,0.959,-0.1,0.25,-0.24,8.1e-01,1.0e+00,0.9999,2306,113.1,106.8,107.1,120.8,96.3,96.6
GENE-6079,NO,306.5,309.9,303.1,0.978,0,0.28,-0.11,9.1e-01,1.0e+00,0.9999,2307,387.8,246.2,295.6,293.2,372.3,243.9
GENE-6080,NO,268.3,267.5,269.1,1.006,0,0.21,0.04,9.7e-01,1.0e+00,0.9999,2308,269.8,289.7,243,244.6,270,292.7
GENE-6081,NO,43.8,42.6,45,1.057,0.1,0.36,0.22,8.2e-01,1.0e+00,0.9999,2309,40.7,42.5,44.6,30.7,46.7,57.7
GENE-6083,NO,1.2,0.7,1.7,2.503,1.3,1.72,0.77,4.4e-01,1.0e+00,0.9999,2310,1,0,1,2,2,1
GENE-6085,NO,2111,2015.1,2207,1.095,0.1,0.16,0.8,4.2e-01,1.0e+00,0.9999,2311,2065,2112.6,1867.6,2255.2,2240.5,2125.4
GENE-6086,NO,641.8,654.9,628.6,0.96,-0.1,0.41,-0.15,8.8e-01,1.0e+00,0.9999,2312,657.6,905.5,401.7,336.8,713.7,835.2
GENE-6096,NO,109.9,102,117.8,1.155,0.2,0.25,0.84,4.0e-01,1.0e+00,0.9999,2313,115.1,99.8,91.2,123.8,107.2,122.4
GENE-6099,NO,12.1,10.9,13.3,1.215,0.3,0.57,0.49,6.2e-01,1.0e+00,0.9999,2314,8.9,15.8,7.9,13.9,15.9,10
GENE-6100,NO,6.6,5.6,7.6,1.357,0.4,1.19,0.37,7.1e-01,1.0e+00,0.9999,2315,2,10.9,4,0,18.9,4
GENE-6103,NO,1.7,2,1.3,0.669,-0.6,1.63,-0.36,7.2e-01,1.0e+00,0.9999,2316,0,4,2,2,0,2
GENE-6107,NO,86.3,78.3,94.3,1.205,0.3,0.31,0.86,3.9e-01,1.0e+00,0.9999,2317,105.1,58.3,71.4,88.1,104.2,90.6
GENE-6111,NO,18,18.2,17.8,0.984,0,0.52,-0.05,9.6e-01,1.0e+00,0.9999,2318,11.9,14.8,27.8,15.8,22.8,14.9
GENE-6118,NO,19.5,20.8,18.2,0.875,-0.2,0.59,-0.33,7.5e-01,1.0e+00,0.9999,2319,21.8,29.7,10.9,18.8,27.8,8
GENE-6120,NO,205.5,221.6,189.3,0.854,-0.2,0.36,-0.64,5.3e-01,1.0e+00,0.9999,2320,300.5,199.7,164.6,150.5,271,146.3
GENE-6122,NO,0.7,0.7,0.7,1.004,0,2.48,0,1.0e+00,1.0e+00,0.9999,2321,0,2,0,0,1,1
GENE-6123,NO,374.7,318,431.4,1.356,0.4,0.26,1.71,8.7e-02,1.0e+00,0.9999,2322,326.3,307.4,320.4,554.6,408,331.5
GENE-6130,NO,382.7,447,318.4,0.712,-0.5,0.32,-1.55,1.2e-01,1.0e+00,0.9999,2323,311.4,553.6,476.1,329.8,230.3,395.2
GENE-6132,NO,1.7,2.3,1,0.429,-1.2,1.67,-0.73,4.6e-01,1.0e+00,0.9999,2324,4,0,3,2,1,0
GENE-6137,NO,19,19.5,18.5,0.951,-0.1,0.51,-0.14,8.9e-01,1.0e+00,0.9999,2325,24.8,10.9,22.8,17.8,13.9,23.9
GENE-6139,NO,6,5.6,6.3,1.12,0.2,0.75,0.22,8.3e-01,1.0e+00,0.9999,2326,6.9,4.9,5,6.9,4,8
GENE-6145,NO,0.8,1.3,0.3,0.269,-1.9,2.27,-0.83,4.0e-01,1.0e+00,0.9999,2327,2,0,2,0,1,0
GENE-6148,NO,268.6,262.2,275,1.049,0.1,0.21,0.32,7.5e-01,1.0e+00,0.9999,2328,301.5,251.1,234.1,293.2,261.1,270.8
GENE-6153,NO,746.4,767.6,725.2,0.945,-0.1,0.18,-0.46,6.4e-01,1.0e+00,0.9999,2329,816.3,721.7,764.7,678.5,734.6,762.6
GENE-6155,NO,11.7,8.9,14.5,1.632,0.7,0.64,1.1,2.7e-01,1.0e+00,0.9999,2330,13.9,7.9,5,21.8,8.9,12.9
GENE-6156,NO,10.4,12.2,8.6,0.704,-0.5,0.6,-0.84,4.0e-01,1.0e+00,0.9999,2331,10.9,9.9,15.9,11.9,6,8
GENE-6171,NO,13.2,14.9,11.6,0.78,-0.4,0.53,-0.67,5.0e-01,1.0e+00,0.9999,2332,11.9,12.9,19.8,9.9,10.9,13.9
GENE-6175,NO,88,81.9,94,1.148,0.2,0.26,0.77,4.4e-01,1.0e+00,0.9999,2333,74.4,87,84.3,88.1,89.3,104.5
GENE-6177,NO,37,39.3,34.7,0.884,-0.2,0.37,-0.49,6.3e-01,1.0e+00,0.9999,2334,44.6,35.6,37.7,41.6,37.7,24.9
GENE-6178,NO,116.4,112,120.8,1.079,0.1,0.25,0.44,6.6e-01,1.0e+00,0.9999,2335,101.2,121.6,113.1,106,118.1,138.4
GENE-6179,NO,2,2.7,1.3,0.501,-1,1.31,-0.76,4.5e-01,1.0e+00,0.9999,2336,3,4,1,1,1,2
GENE-6181,NO,163.6,165.7,161.5,0.974,0,0.22,-0.17,8.6e-01,1.0e+00,0.9999,2337,166.6,177.9,152.7,162.4,150.9,171.2
GENE-6182,NO,110.1,114.3,105.9,0.927,-0.1,0.28,-0.4,6.9e-01,1.0e+00,0.9999,2338,115.1,90.9,136.9,120.8,101.3,95.6
GENE-6184,NO,9.4,8.2,10.6,1.282,0.4,0.64,0.56,5.7e-01,1.0e+00,0.9999,2339,6.9,5.9,11.9,11.9,12.9,7
GENE-6185,NO,16.9,15.5,18.2,1.173,0.2,0.53,0.44,6.6e-01,1.0e+00,0.9999,2340,12.9,11.9,21.8,12.9,15.9,25.9
GENE-6188,NO,382.8,377.8,387.9,1.027,0,0.21,0.19,8.5e-01,1.0e+00,0.9999,2341,339.2,416.2,377.9,358.5,430.8,374.3
GENE-6191,NO,21.7,25.1,18.2,0.725,-0.5,0.45,-1.02,3.1e-01,1.0e+00,0.9999,2342,29.8,15.8,29.8,16.8,19.9,17.9
GENE-6198,NO,1322.4,1333.3,1311.5,0.984,0,0.39,-0.06,9.5e-01,1.0e+00,0.9999,2343,1459,1513.5,1027.5,1329.2,653.2,1952.2
GENE-6201,NO,1.3,2.3,0.3,0.154,-2.7,1.84,-1.47,1.4e-01,1.0e+00,0.9999,2344,2,1,4,0,1,0
GENE-6205,NO,127.1,134.7,119.5,0.887,-0.2,0.25,-0.69,4.9e-01,1.0e+00,0.9999,2345,154.7,125.5,124,137.7,110.2,110.5
GENE-6212,NO,342.9,331.6,354.2,1.068,0.1,0.43,0.22,8.2e-01,1.0e+00,0.9999,2346,538.6,315.4,140.8,330.8,358.4,373.3
GENE-6217,NO,384.9,354.7,415.1,1.17,0.2,0.21,1.07,2.9e-01,1.0e+00,0.9999,2347,345.2,356.9,362,359.5,398.1,487.8
GENE-6222,NO,1,1.7,0.3,0.215,-2.2,1.95,-1.14,2.5e-01,1.0e+00,0.9999,2348,2,1,2,1,0,0
GENE-6223,NO,162.3,144,180.7,1.255,0.3,0.29,1.14,2.6e-01,1.0e+00,0.9999,2349,100.2,158.2,173.6,199.1,183.6,159.3
GENE-6228,NO,640,672,608.1,0.905,-0.1,0.23,-0.63,5.3e-01,1.0e+00,0.9999,2350,619.9,743.4,652.6,605.2,492.4,726.7
GENE-6233,NO,0.8,1.7,0,0.111,-3.2,2.6,-1.22,2.2e-01,1.0e+00,0.9999,2351,1,4,0,0,0,0
GENE-6234,NO,19.2,21.8,16.5,0.759,-0.4,0.49,-0.81,4.2e-01,1.0e+00,0.9999,2352,31.7,14.8,18.8,19.8,13.9,15.9
GENE-6236,NO,13.7,13.6,13.9,1.026,0,0.52,0.07,9.4e-01,1.0e+00,0.9999,2353,17.9,12.9,9.9,14.9,14.9,11.9
GENE-6243,NO,1507.1,1452.2,1562,1.076,0.1,0.47,0.22,8.2e-01,1.0e+00,0.9999,2354,1114.8,1958.4,1283.4,748.8,1095.9,2841.2
GENE-6244,NO,35,42,28.1,0.671,-0.6,0.39,-1.47,1.4e-01,1.0e+00,0.9999,2355,53.6,33.6,38.7,26.7,21.8,35.8
GENE-6246,NO,16.2,15.5,16.9,1.088,0.1,0.54,0.23,8.2e-01,1.0e+00,0.9999,2356,23.8,13.8,8.9,14.9,14.9,20.9
GENE-6247,NO,37.5,35.7,39.4,1.105,0.1,0.42,0.34,7.3e-01,1.0e+00,0.9999,2357,25.8,52.4,28.8,28.7,40.7,48.8
GENE-6248,NO,78.3,82.9,73.8,0.89,-0.2,0.27,-0.63,5.3e-01,1.0e+00,0.9999,2358,83.3,90,75.4,75.3,66.5,79.6
GENE-6250,NO,247.6,248.4,246.9,0.994,0,0.23,-0.04,9.7e-01,1.0e+00,0.9999,2359,272.8,197.7,274.7,250.6,258.1,232
GENE-6259,NO,4028.9,4075.2,3982.6,0.977,0,0.26,-0.13,9.0e-01,1.0e+00,0.9999,2360,4250,3483.7,4491.9,4512.5,2840.1,4595.3
GENE-6260,NO,4.8,5.3,4.3,0.814,-0.3,0.89,-0.33,7.4e-01,1.0e+00,0.9999,2361,2,4.9,8.9,4,6,3
GENE-6261,NO,20.5,22.1,18.8,0.852,-0.2,0.5,-0.46,6.5e-01,1.0e+00,0.9999,2362,21.8,11.9,32.7,17.8,21.8,16.9
GENE-6264,NO,1.7,0.7,2.7,4.008,2,1.54,1.3,1.9e-01,1.0e+00,0.9999,2363,1,0,1,2,3,3
GENE-6265,NO,246.8,231.8,261.8,1.129,0.2,0.22,0.79,4.3e-01,1.0e+00,0.9999,2364,231.1,243.2,221.2,216.9,290.9,277.7
GENE-6266,NO,16,17.5,14.6,0.832,-0.3,0.51,-0.52,6.0e-01,1.0e+00,0.9999,2365,20.8,12.9,18.8,12.9,19.9,11
GENE-6268,NO,28.4,29,27.8,0.956,-0.1,0.41,-0.16,8.8e-01,1.0e+00,0.9999,2366,33.7,21.7,31.7,36.6,23.8,22.9
GENE-6278,NO,829.2,819.4,839,1.024,0,0.17,0.2,8.4e-01,1.0e+00,0.9999,2367,860.9,753.3,844,864.7,810,842.2
GENE-6280,NO,53.4,47.6,59.2,1.246,0.3,0.36,0.87,3.8e-01,1.0e+00,0.9999,2368,29.8,48.4,64.5,62.4,59.6,55.7
GENE-6286,NO,31.9,22.8,41,1.8,0.8,0.48,1.77,7.7e-02,1.0e+00,0.9999,2369,33.7,10.9,23.8,53.5,32.8,36.8
GENE-6289,NO,818.1,785.8,850.3,1.082,0.1,0.33,0.35,7.3e-01,1.0e+00,0.9999,2370,635.8,943.1,778.6,580.4,1222,748.6
GENE-6292,NO,2589.7,2900.1,2279.4,0.786,-0.3,0.25,-1.4,1.6e-01,1.0e+00,0.9999,2371,3348.4,2095.8,3256.1,2118.6,2477.7,2241.9
GENE-6293,NO,146.3,165.8,126.8,0.765,-0.4,0.33,-1.18,2.4e-01,1.0e+00,0.9999,2372,165.6,133.5,198.4,81.2,144.9,154.3
GENE-6295,NO,914,902.3,925.7,1.026,0,0.22,0.17,8.6e-01,1.0e+00,0.9999,2373,945.2,828.4,933.3,992.4,747.5,1037.3
GENE-6301,NO,9857.8,7775,11940.6,1.536,0.6,1.1,0.56,5.7e-01,1.0e+00,0.9999,2374,7595.5,4359.6,11370,4595.6,29048,2178.2
GENE-6302,NO,9.1,12.2,6,0.487,-1,0.71,-1.46,1.5e-01,1.0e+00,0.9999,2375,20.8,5.9,9.9,5,6,7
GENE-6306,NO,869.2,746.4,991.9,1.329,0.4,0.43,0.96,3.4e-01,1.0e+00,0.9999,2376,566.3,1253.5,419.5,673.5,1211.1,1091.1
GENE-6308,NO,85.8,75.3,96.3,1.279,0.4,0.26,1.36,1.7e-01,1.0e+00,0.9999,2377,78.4,74.1,73.4,110.9,88.3,89.6
GENE-6310,NO,0.7,1,0.3,0.359,-1.5,2.44,-0.61,5.5e-01,1.0e+00,0.9999,2378,2,1,0,1,0,0
GENE-6311,NO,160.2,145,175.4,1.21,0.3,0.29,0.95,3.4e-01,1.0e+00,0.9999,2379,190.4,135.4,109.1,174.3,195.6,156.3
GENE-6315,NO,63.5,60.8,66.2,1.089,0.1,0.29,0.42,6.8e-01,1.0e+00,0.9999,2380,66.5,62.3,53.6,76.3,55.6,66.7
GENE-6318,NO,8.6,8.9,8.3,0.928,-0.1,0.63,-0.17,8.6e-01,1.0e+00,0.9999,2381,9.9,6.9,9.9,6.9,6.9,11
GENE-6322,NO,13.6,13.9,13.3,0.954,-0.1,0.54,-0.13,9.0e-01,1.0e+00,0.9999,2382,14.9,8.9,17.9,13.9,15.9,10
GENE-6324,NO,2359,2429,2289,0.942,-0.1,0.3,-0.29,7.7e-01,1.0e+00,0.9999,2383,3222.5,2113.6,1950.9,1655,2664.4,2547.5
GENE-6327,NO,45.3,50.6,40,0.792,-0.3,0.38,-0.88,3.8e-01,1.0e+00,0.9999,2384,51.6,33.6,66.5,34.7,48.6,36.8
GENE-6344,NO,13.7,12.9,14.6,1.131,0.2,0.54,0.33,7.4e-01,1.0e+00,0.9999,2385,10.9,14.8,12.9,11.9,20.8,11
GENE-6357,NO,3.5,4.6,2.3,0.501,-1,1.02,-0.98,3.3e-01,1.0e+00,0.9999,2386,6.9,4,3,1,3,3
GENE-6370,NO,2.5,2.7,2.3,0.876,-0.2,1.18,-0.16,8.7e-01,1.0e+00,0.9999,2387,3,1,4,2,4,1
GENE-6372,NO,39.3,34,44.7,1.314,0.4,0.42,0.94,3.5e-01,1.0e+00,0.9999,2388,36.7,42.5,22.8,59.4,29.8,44.8
GENE-6374,NO,1485.9,1405.3,1566.5,1.115,0.2,0.45,0.35,7.3e-01,1.0e+00,0.9999,2389,2191,1351.4,673.4,1095.4,1276.6,2327.5
GENE-6375,NO,5.3,4.6,6,1.289,0.4,0.81,0.45,6.5e-01,1.0e+00,0.9999,2390,4,5.9,4,7.9,3,7
GENE-6379,NO,38.2,40,36.4,0.911,-0.1,0.39,-0.34,7.3e-01,1.0e+00,0.9999,2391,48.6,42.5,28.8,26.7,35.7,46.8
GENE-6382,NO,193.7,192.2,195.3,1.016,0,0.22,0.11,9.2e-01,1.0e+00,0.9999,2392,193.4,211.6,171.6,177.3,204.5,204.1
GENE-6384,NO,1.8,1,2.7,2.672,1.4,1.35,1.05,3.0e-01,1.0e+00,0.9999,2393,1,1,1,3,3,2
GENE-6387,NO,0.8,0.7,1,1.502,0.6,2.07,0.28,7.8e-01,1.0e+00,0.9999,2394,2,0,0,1,1,1
GENE-6391,NO,2,2.7,1.3,0.501,-1,1.28,-0.78,4.4e-01,1.0e+00,0.9999,2395,2,2,4,2,1,1
GENE-6393,NO,19.3,20.5,18.2,0.889,-0.2,0.46,-0.37,7.1e-01,1.0e+00,0.9999,2396,14.9,26.7,19.8,16.8,16.9,20.9
GENE-6404,NO,19.8,23.1,16.6,0.716,-0.5,0.48,-1,3.2e-01,1.0e+00,0.9999,2397,18.8,17.8,32.7,12.9,19.9,16.9
GENE-6405,NO,14.4,18.2,10.6,0.583,-0.8,0.53,-1.47,1.4e-01,1.0e+00,0.9999,2398,14.9,24.7,14.9,12.9,8.9,10
GENE-6421,NO,6.4,6.9,5.9,0.859,-0.2,0.77,-0.29,7.7e-01,1.0e+00,0.9999,2399,5,5.9,9.9,5.9,8.9,3
GENE-6427,NO,129.1,144.9,113.2,0.781,-0.4,0.27,-1.32,1.9e-01,1.0e+00,0.9999,2400,123,183.9,127.9,110.9,122.1,106.5
GENE-6430,NO,7.6,6.3,8.9,1.424,0.5,0.69,0.74,4.6e-01,1.0e+00,0.9999,2401,7.9,7.9,3,8.9,8.9,9
GENE-6434,NO,24.1,18.8,29.5,1.566,0.6,0.61,1.06,2.9e-01,1.0e+00,0.9999,2402,5,22.7,28.8,29.7,18.9,39.8
GENE-6440,NO,1.5,1.7,1.3,0.801,-0.3,1.45,-0.22,8.3e-01,1.0e+00,0.9999,2403,3,1,1,2,1,1
GENE-6443,NO,1769.2,1800.6,1737.9,0.965,-0.1,0.33,-0.16,8.8e-01,1.0e+00,0.9999,2404,2638.3,1430.5,1333,1504.5,2153.1,1556
GENE-6446,NO,513.8,523.5,504.1,0.963,-0.1,0.23,-0.24,8.1e-01,1.0e+00,0.9999,2405,614.9,425.1,530.6,464.5,505.3,542.6
GENE-6451,NO,25.1,26.1,24.2,0.926,-0.1,0.44,-0.25,8.0e-01,1.0e+00,0.9999,2406,16.9,23.7,37.7,24.8,24.8,22.9
GENE-6452,NO,2.3,2.3,2.3,1.002,0,1.23,0,1.0e+00,1.0e+00,0.9999,2407,2,2,3,1,5,1
GENE-6454,NO,2918.3,2587.9,3248.7,1.255,0.3,0.2,1.67,9.5e-02,1.0e+00,0.9999,2408,2753.3,2741.3,2269.2,3025.8,3672.9,3047.3
GENE-6456,NO,566.8,592.7,540.8,0.912,-0.1,0.18,-0.72,4.7e-01,1.0e+00,0.9999,2409,596.1,635.6,546.5,503.1,570.8,548.5
GENE-6458,NO,41.3,41.9,40.7,0.97,0,0.36,-0.12,9.0e-01,1.0e+00,0.9999,2410,42.6,31.6,51.6,50.5,36.7,34.8
GENE-6468,NO,284.8,273.8,295.8,1.08,0.1,0.25,0.45,6.5e-01,1.0e+00,0.9999,2411,344.2,228.4,248.9,318.9,278.9,289.7
GENE-6471,NO,39.7,43.6,35.7,0.82,-0.3,0.32,-0.89,3.8e-01,1.0e+00,0.9999,2412,45.6,42.5,42.6,37.6,35.7,33.8
GENE-6474,NO,5.3,5.3,5.3,1.001,0,1.02,0,1.0e+00,1.0e+00,0.9999,2413,7.9,4,4,8.9,6.9,0
GENE-6475,NO,37.8,40.6,35.1,0.864,-0.2,0.33,-0.63,5.3e-01,1.0e+00,0.9999,2414,39.7,39.5,42.6,39.6,34.7,30.9
GENE-6479,NO,4.8,3,6.6,2.229,1.2,1.21,0.96,3.4e-01,1.0e+00,0.9999,2415,5,1,3,0,6,13.9
GENE-6489,NO,892.9,1012.7,772.9,0.763,-0.4,0.33,-1.17,2.4e-01,1.0e+00,0.9999,2416,1214,810.6,1013.6,492.2,1101.9,724.7
GENE-6490,NO,68.6,76.6,60.6,0.79,-0.3,0.33,-1.03,3.0e-01,1.0e+00,0.9999,2417,61.5,73.2,95.2,65.4,71.5,44.8
GENE-6493,NO,184,188.2,179.7,0.955,-0.1,0.33,-0.2,8.4e-01,1.0e+00,0.9999,2418,243,206.6,115,152.5,170.7,216
GENE-6498,NO,32.6,36.3,28.8,0.793,-0.3,0.37,-0.9,3.7e-01,1.0e+00,0.9999,2419,28.8,34.6,45.6,31.7,27.8,26.9
GENE-6499,NO,278.7,271.8,285.6,1.051,0.1,0.2,0.37,7.1e-01,1.0e+00,0.9999,2420,295.6,260,259.9,297.1,275,284.7
GENE-6504,NO,1.5,1.7,1.3,0.802,-0.3,1.42,-0.23,8.2e-01,1.0e+00,0.9999,2421,2,2,1,2,1,1
GENE-6505,NO,791.8,768.5,815.2,1.061,0.1,0.18,0.46,6.4e-01,1.0e+00,0.9999,2422,776.6,770.1,758.7,848.8,718.7,878
GENE-6510,NO,570.3,570.3,570.4,1,0,0.22,0,1.0e+00,1.0e+00,0.9999,2423,562.4,637.6,510.8,642.8,595.6,472.9
GENE-6514,NO,5.9,7.9,4,0.501,-1,0.91,-1.1,2.7e-01,1.0e+00,0.9999,2424,6.9,8.9,7.9,6.9,0,5
GENE-6519,NO,1953.6,1913.1,1994.2,1.042,0.1,0.16,0.38,7.0e-01,1.0e+00,0.9999,2425,1866.6,1907.9,1964.8,1936.3,1972.5,2073.7
GENE-6523,NO,5.9,7.6,4.3,0.567,-0.8,0.79,-1.04,3.0e-01,1.0e+00,0.9999,2426,4,9.9,8.9,5,3,5
GENE-6526,NO,226.8,212.7,240.8,1.132,0.2,0.28,0.65,5.2e-01,1.0e+00,0.9999,2427,191.4,188.8,257.9,306,215.4,201.1
GENE-6530,NO,2852.2,2946.4,2757.9,0.936,-0.1,0.25,-0.39,7.0e-01,1.0e+00,0.9999,2428,2459.7,3305.8,3073.6,3156.5,3014.8,2102.5
GENE-6532,NO,22.3,23.4,21.2,0.904,-0.1,0.45,-0.33,7.4e-01,1.0e+00,0.9999,2429,24.8,24.7,20.8,12.9,25.8,24.9
GENE-6535,NO,76.9,83.2,70.5,0.847,-0.2,0.39,-0.61,5.4e-01,1.0e+00,0.9999,2430,114.1,75.1,60.5,50.5,60.6,100.5
GENE-6536,NO,54.5,58.4,50.6,0.866,-0.2,0.4,-0.52,6.0e-01,1.0e+00,0.9999,2431,56.5,58.3,60.5,35.7,79.4,36.8
GENE-6538,NO,120.8,123.5,118.2,0.957,-0.1,0.26,-0.24,8.1e-01,1.0e+00,0.9999,2432,108.1,117.6,144.8,123.8,99.3,131.4
GENE-6542,YES,1.7,2.6,0.7,0.251,-2,1.61,-1.24,2.2e-01,1.0e+00,0.9999,2433,2,4.9,1,0,1,1
GENE-6547,NO,248.7,256.9,240.6,0.936,-0.1,0.22,-0.44,6.6e-01,1.0e+00,0.9999,2434,283.7,260,227.1,268.4,230.3,223
GENE-6549,NO,99,102.3,95.7,0.934,-0.1,0.26,-0.38,7.1e-01,1.0e+00,0.9999,2435,104.1,110.7,92.2,81.2,108.2,97.6
GENE-6550,NO,151.7,154.9,148.6,0.959,-0.1,0.24,-0.25,8.0e-01,1.0e+00,0.9999,2436,172.6,159.2,132.9,160.5,134,151.3
GENE-6555,NO,82.7,74.3,91,1.225,0.3,0.31,0.96,3.4e-01,1.0e+00,0.9999,2437,66.5,93.9,62.5,74.3,94.3,104.5
GENE-6566,NO,0.8,0.7,1,1.505,0.6,2.07,0.28,7.8e-01,1.0e+00,0.9999,2438,1,1,0,1,0,2
GENE-6569,NO,13.1,14.5,11.6,0.797,-0.3,0.54,-0.61,5.4e-01,1.0e+00,0.9999,2439,14.9,16.8,11.9,15.8,8.9,10
GENE-6570,NO,87.1,91.2,83.1,0.911,-0.1,0.36,-0.38,7.1e-01,1.0e+00,0.9999,2440,90.3,55.4,127.9,86.2,75.4,87.6
GENE-6571,NO,456.5,435.3,477.8,1.098,0.1,0.31,0.43,6.7e-01,1.0e+00,0.9999,2441,438.4,405.3,462.2,286.2,617.5,529.6
GENE-6573,NO,0.8,0.7,1,1.503,0.6,2.07,0.28,7.8e-01,1.0e+00,0.9999,2442,1,0,1,1,0,2
GENE-6574,NO,5.6,5.3,6,1.128,0.2,0.83,0.21,8.3e-01,1.0e+00,0.9999,2443,8.9,4,3,4,5,9
GENE-6576,YES,6.8,5.3,8.3,1.567,0.6,0.74,0.88,3.8e-01,1.0e+00,0.9999,2444,3,8.9,4,7.9,7.9,9
GENE-6581,NO,28.8,29.4,28.1,0.957,-0.1,0.37,-0.17,8.6e-01,1.0e+00,0.9999,2445,33.7,27.7,26.8,29.7,26.8,27.9
GENE-6582,NO,114.6,117.9,111.2,0.943,-0.1,0.25,-0.34,7.3e-01,1.0e+00,0.9999,2446,129.9,116.7,107.1,115.9,96.3,121.5
GENE-6587,NO,41.3,42.3,40.4,0.955,-0.1,0.36,-0.18,8.5e-01,1.0e+00,0.9999,2447,43.6,43.5,39.7,44.6,49.6,26.9
GENE-6590,NO,1.7,1.3,2,1.503,0.6,1.37,0.43,6.7e-01,1.0e+00,0.9999,2448,1,1,2,1,3,2
GENE-6591,NO,7.3,7.3,7.3,1.003,0,0.69,0.01,1.0e+00,1.0e+00,0.9999,2449,5,9.9,6.9,5.9,6.9,9
GENE-6593,NO,11.6,11.9,11.3,0.946,-0.1,0.54,-0.15,8.8e-01,1.0e+00,0.9999,2450,11.9,10.9,12.9,12.9,10.9,10
GENE-6594,NO,48.9,46.6,51.3,1.102,0.1,0.31,0.46,6.5e-01,1.0e+00,0.9999,2451,42.6,44.5,52.6,47.5,53.6,52.8
GENE-6598,NO,49.1,44.2,53.9,1.218,0.3,0.36,0.78,4.3e-01,1.0e+00,0.9999,2452,42.6,42.5,47.6,72.3,53.6,35.8
GENE-6599,NO,1057.3,968,1146.6,1.184,0.2,0.31,0.79,4.3e-01,1.0e+00,0.9999,2453,992.8,910.5,1000.7,1328.2,678,1433.5
GENE-6606,NO,113.4,120.9,105.9,0.876,-0.2,0.23,-0.82,4.1e-01,1.0e+00,0.9999,2454,117,114.7,130.9,109.9,105.2,102.5
GENE-6609,NO,888.8,824.9,952.7,1.155,0.2,0.24,0.87,3.8e-01,1.0e+00,0.9999,2455,924.4,901.6,648.6,856.7,894.4,1107
GENE-6612,NO,465.2,422.3,508.1,1.203,0.3,0.3,0.88,3.8e-01,1.0e+00,0.9999,2456,411.6,487.4,368,710.1,370.3,444
GENE-6615,NO,81.3,98.4,64.2,0.652,-0.6,0.37,-1.68,9.3e-02,1.0e+00,0.9999,2457,62.5,126.5,106.1,62.4,81.4,48.8
GENE-6616,NO,31.8,27.1,36.4,1.345,0.4,0.45,0.96,3.4e-01,1.0e+00,0.9999,2458,29.8,28.7,22.8,26.7,25.8,56.7
GENE-6619,NO,839.4,821.9,856.9,1.043,0.1,0.2,0.3,7.7e-01,1.0e+00,0.9999,2459,720.1,902.6,843,927.1,752.5,891
GENE-6621,NO,250.2,315.8,184.6,0.585,-0.8,0.56,-1.38,1.7e-01,1.0e+00,0.9999,2460,601.1,226.4,120,130.7,296.8,126.4
GENE-6627,NO,105.8,123.9,87.7,0.708,-0.5,0.6,-0.83,4.0e-01,1.0e+00,0.9999,2461,171.6,69.2,130.9,48.5,180.7,33.8
GENE-6629,NO,11.4,10.9,11.9,1.093,0.1,0.67,0.19,8.5e-01,1.0e+00,0.9999,2462,13.9,11.9,6.9,15.8,15.9,4
GENE-6632,NO,17,17.5,16.6,0.946,-0.1,0.48,-0.17,8.7e-01,1.0e+00,0.9999,2463,14.9,19.8,17.9,11.9,17.9,19.9
GENE-6634,NO,4555.6,4511.4,4599.7,1.02,0,0.17,0.17,8.7e-01,1.0e+00,0.9999,2464,4446.4,4875.6,4212.2,4392.6,4554.4,4852.2
GENE-6640,NO,20.2,19.2,21.2,1.106,0.1,0.51,0.29,7.7e-01,1.0e+00,0.9999,2465,13.9,28.7,14.9,24.8,13.9,24.9
GENE-6642,NO,181.8,180.3,183.4,1.017,0,0.23,0.11,9.2e-01,1.0e+00,0.9999,2466,185.5,179.9,175.5,158.5,213.4,178.2
GENE-6647,NO,13.7,13.9,13.6,0.978,0,0.56,-0.06,9.6e-01,1.0e+00,0.9999,2467,10.9,13.8,16.9,8.9,20.8,11
GENE-6653,NO,38.5,37.6,39.4,1.046,0.1,0.35,0.19,8.5e-01,1.0e+00,0.9999,2468,38.7,30.6,43.6,42.6,42.7,32.9
GENE-6656,NO,16.7,14.5,18.9,1.299,0.4,0.52,0.72,4.7e-01,1.0e+00,0.9999,2469,11.9,14.8,16.9,13.9,13.9,28.9
GENE-6658,NO,1191.5,1118.1,1264.9,1.131,0.2,0.25,0.71,4.8e-01,1.0e+00,0.9999,2470,1287.4,1197.2,869.8,1510.4,1212.1,1072.2
GENE-6659,NO,15.5,12.2,18.9,1.544,0.6,0.51,1.23,2.2e-01,1.0e+00,0.9999,2471,14.9,11.9,9.9,22.8,12.9,20.9
GENE-6662,NO,3.1,2.7,3.6,1.377,0.5,1.33,0.35,7.3e-01,1.0e+00,0.9999,2472,2,1,5,2,8.9,0
GENE-6664,NO,18.2,20.8,15.6,0.748,-0.4,0.48,-0.88,3.8e-01,1.0e+00,0.9999,2473,26.8,21.7,13.9,14.9,14.9,16.9
GENE-6665,NO,8.6,7.2,9.9,1.367,0.5,0.62,0.73,4.7e-01,1.0e+00,0.9999,2474,6.9,7.9,6.9,8.9,10.9,10
GENE-6666,NO,14.9,13.6,16.2,1.198,0.3,0.5,0.52,6.0e-01,1.0e+00,0.9999,2475,11.9,10.9,17.9,17.8,13.9,16.9
GENE-6668,NO,2.6,1.6,3.6,2.21,1.1,1.77,0.65,5.2e-01,1.0e+00,0.9999,2476,0,4.9,0,0,7.9,3
GENE-6673,NO,37.4,33,41.7,1.263,0.3,0.34,0.98,3.3e-01,1.0e+00,0.9999,2477,35.7,30.6,32.7,45.6,34.7,44.8
GENE-6674,NO,141.3,147,135.7,0.923,-0.1,0.24,-0.49,6.2e-01,1.0e+00,0.9999,2478,153.7,140.4,146.8,157.5,127.1,122.4
GENE-6678,NO,7.1,7.6,6.6,0.871,-0.2,0.84,-0.24,8.1e-01,1.0e+00,0.9999,2479,4,4.9,13.9,8.9,2,9
GENE-6679,NO,203.5,229.1,177.8,0.776,-0.4,0.29,-1.26,2.1e-01,1.0e+00,0.9999,2480,230.1,284.7,172.6,160.5,153.9,219
GENE-6686,NO,30.8,33.4,28.2,0.843,-0.2,0.41,-0.6,5.5e-01,1.0e+00,0.9999,2481,27.8,25.7,46.6,24.8,27.8,31.9
GENE-6688,NO,62.3,61.8,62.9,1.018,0,0.32,0.08,9.4e-01,1.0e+00,0.9999,2482,74.4,54.4,56.5,47.5,75.4,65.7
GENE-6695,YES,0.8,0.7,1,1.506,0.6,2.3,0.26,8.0e-01,1.0e+00,0.9999,2483,0,2,0,1,0,2
GENE-6701,NO,3.6,4.3,3,0.694,-0.5,0.96,-0.55,5.8e-01,1.0e+00,0.9999,2484,2,5.9,5,3,3,3
GENE-6703,NO,0.7,0.7,0.7,1.006,0,2.86,0,1.0e+00,1.0e+00,0.9999,2485,0,2,0,0,0,2
GENE-6706,NO,100.2,106.7,93.7,0.878,-0.2,0.27,-0.68,4.9e-01,1.0e+00,0.9999,2486,132.9,98.9,88.3,98.1,93.3,89.6
GENE-6708,NO,3.6,5,2.3,0.467,-1.1,1.11,-0.99,3.2e-01,1.0e+00,0.9999,2487,5,6.9,3,5,2,0
GENE-6714,NO,66.5,62.7,70.2,1.119,0.2,0.32,0.5,6.2e-01,1.0e+00,0.9999,2488,55.5,74.1,58.5,53.5,88.3,68.7
GENE-6718,NO,6.1,12.2,0,0.015,-6.1,3.91,-1.55,1.2e-01,1.0e+00,0.9999,2489,36.7,0,0,0,0,0
GENE-6719,NO,46.8,46.9,46.7,0.995,0,0.32,-0.02,9.8e-01,1.0e+00,0.9999,2490,46.6,49.4,44.6,36.6,53.6,49.8
GENE-6722,NO,15.9,14.5,17.2,1.185,0.2,0.49,0.5,6.2e-01,1.0e+00,0.9999,2491,14.9,15.8,12.9,12.9,16.9,21.9
GENE-6723,NO,94.4,79.5,109.2,1.373,0.5,0.5,0.92,3.6e-01,1.0e+00,0.9999,2492,30.7,91.9,116,77.3,160.8,89.6
GENE-6724,NO,571.1,564.2,577.9,1.024,0,0.25,0.14,8.9e-01,1.0e+00,0.9999,2493,445.3,689,558.4,500.2,667.1,566.5
GENE-6726,NO,1.3,1.7,1,0.602,-0.7,1.53,-0.48,6.3e-01,1.0e+00,0.9999,2494,1,3,1,1,1,1
GENE-6732,NO,81.3,81.6,81.1,0.994,0,0.26,-0.03,9.7e-01,1.0e+00,0.9999,2495,81.3,80.1,83.3,70.3,81.4,91.6
GENE-6746,NO,402,432.9,371.1,0.857,-0.2,0.28,-0.79,4.3e-01,1.0e+00,0.9999,2496,387.8,471.5,439.4,263.5,489.4,360.4
GENE-6751,NO,28.4,31.4,25.5,0.812,-0.3,0.4,-0.74,4.6e-01,1.0e+00,0.9999,2497,36.7,35.6,21.8,28.7,25.8,21.9
GENE-6754,NO,1.8,2,1.7,0.835,-0.3,1.41,-0.18,8.5e-01,1.0e+00,0.9999,2498,2,1,3,3,0,2
GENE-6757,NO,2,1.3,2.7,2.006,1,1.37,0.74,4.6e-01,1.0e+00,0.9999,2499,0,3,1,3,2,3
GENE-6758,NO,209.7,232.1,187.2,0.807,-0.3,0.24,-1.28,2.0e-01,1.0e+00,0.9999,2500,226.1,234.3,236,222.8,191.6,147.3
GENE-6759,NO,305.3,314.7,295.9,0.94,-0.1,0.24,-0.37,7.1e-01,1.0e+00,0.9999,2501,261.8,310.4,371.9,252.6,334.5,300.6
GENE-6761,NO,36.7,37,36.4,0.984,0,0.36,-0.06,9.5e-01,1.0e+00,0.9999,2502,44.6,26.7,39.7,36.6,33.8,38.8
GENE-6774,NO,1032,785,1279,1.629,0.7,0.45,1.56,1.2e-01,1.0e+00,0.9999,2503,981.9,462.6,910.5,1919.5,1351,566.5
GENE-6775,NO,6.1,7.9,4.3,0.543,-0.9,0.74,-1.18,2.4e-01,1.0e+00,0.9999,2504,8.9,8.9,6,4,4,5
GENE-6776,NO,173.7,157.5,190,1.206,0.3,0.26,1.03,3.1e-01,1.0e+00,0.9999,2505,180.5,176,116,175.3,194.6,200.1
GENE-6778,NO,2.3,2.6,2,0.752,-0.4,1.23,-0.33,7.4e-01,1.0e+00,0.9999,2506,2,4.9,1,1,2,3
GENE-6779,NO,1,0.7,1.3,2.004,1,1.81,0.55,5.8e-01,1.0e+00,0.9999,2507,0,1,1,2,1,1
GENE-6782,NO,447.3,457.1,437.5,0.957,-0.1,0.19,-0.34,7.3e-01,1.0e+00,0.9999,2508,468.1,413.2,489.9,435.8,445.7,431.1
GENE-6784,NO,547.4,559.7,535,0.956,-0.1,0.3,-0.22,8.3e-01,1.0e+00,0.9999,2509,393.8,646.5,638.7,405.1,551.9,648.1
GENE-6785,NO,8.4,7.9,8.9,1.127,0.2,0.64,0.27,7.9e-01,1.0e+00,0.9999,2510,7.9,8.9,6.9,9.9,10.9,6
GENE-6790,NO,528.5,566.5,490.5,0.866,-0.2,0.28,-0.73,4.6e-01,1.0e+00,0.9999,2511,486,431,782.5,471.5,529.1,470.9
GENE-6794,NO,884.7,841.5,927.9,1.103,0.1,0.18,0.79,4.3e-01,1.0e+00,0.9999,2512,914.5,779,831.1,976.6,922.2,885
GENE-6796,YES,1,0,2,10.881,3.4,2.42,1.42,1.5e-01,1.0e+00,0.9999,2513,0,0,0,4,2,0
GENE-6801,NO,15.5,12.9,18.2,1.413,0.5,0.52,0.96,3.4e-01,1.0e+00,0.9999,2514,9.9,13.8,14.9,18.8,23.8,11.9
GENE-6810,NO,53.6,61.8,45.4,0.734,-0.4,0.36,-1.23,2.2e-01,1.0e+00,0.9999,2515,82.3,46.5,56.5,34.7,47.6,53.8
GENE-6812,NO,33.4,33.7,33.1,0.983,0,0.36,-0.07,9.4e-01,1.0e+00,0.9999,2516,37.7,33.6,29.8,27.7,34.7,36.8
GENE-6821,NO,0.8,1,0.7,0.669,-0.6,2.07,-0.28,7.8e-01,1.0e+00,0.9999,2517,2,1,0,0,1,1
GENE-6822,NO,4.1,3.7,4.7,1.275,0.4,0.95,0.37,7.1e-01,1.0e+00,0.9999,2518,4,1,6,3,6,5
GENE-6830,NO,0.7,0.7,0.7,1.002,0,2.22,0,1.0e+00,1.0e+00,0.9999,2519,0,1,1,1,1,0
GENE-6836,NO,142.3,148.9,135.7,0.911,-0.1,0.23,-0.59,5.6e-01,1.0e+00,0.9999,2520,132.9,163.1,150.8,130.7,131,145.3
GENE-6838,NO,157.9,147,168.8,1.149,0.2,0.22,0.9,3.7e-01,1.0e+00,0.9999,2521,134.9,146.3,159.7,164.4,158.8,183.2
GENE-6839,NO,1.2,1.3,1,0.752,-0.4,1.86,-0.22,8.3e-01,1.0e+00,0.9999,2522,1,3,0,1,2,0
GENE-6842,NO,30.2,36.6,23.8,0.65,-0.6,0.45,-1.37,1.7e-01,1.0e+00,0.9999,2523,20.8,49.4,39.7,27.7,17.9,25.9
GENE-6844,NO,394.4,392.1,396.7,1.012,0,0.24,0.07,9.4e-01,1.0e+00,0.9999,2524,463.2,312.4,400.7,436.8,413.9,339.5
GENE-6845,NO,1,1.3,0.7,0.502,-1,1.95,-0.51,6.1e-01,1.0e+00,0.9999,2525,1,2,1,0,0,2
GENE-6846,NO,155.3,147,163.5,1.112,0.2,0.31,0.49,6.3e-01,1.0e+00,0.9999,2526,185.5,113.7,141.8,121.8,208.5,160.3
GENE-6854,YES,2.8,4.6,1,0.215,-2.2,1.39,-1.6,1.1e-01,1.0e+00,0.9999,2527,8.9,1,4,1,0,2
GENE-6860,NO,48.6,42.6,54.6,1.282,0.4,0.34,1.04,3.0e-01,1.0e+00,0.9999,2528,39.7,49.4,38.7,66.4,57.6,39.8
GENE-6867,NO,226.3,225.3,227.4,1.009,0,0.22,0.06,9.5e-01,1.0e+00,0.9999,2529,242,187.8,246,216.9,240.2,225
GENE-6869,NO,520,573.7,466.4,0.813,-0.3,0.19,-1.57,1.2e-01,1.0e+00,0.9999,2530,636.8,545.7,538.5,436.8,470.5,491.8
GENE-6870,NO,36.5,38.6,34.4,0.89,-0.2,0.45,-0.37,7.1e-01,1.0e+00,0.9999,2531,45.6,39.5,30.7,47.5,38.7,16.9
GENE-6873,NO,973.3,952.3,994.2,1.044,0.1,0.21,0.29,7.7e-01,1.0e+00,0.9999,2532,885.7,1085.4,885.7,1063.7,835.8,1083.1
GENE-6880,NO,23.3,27.1,19.5,0.721,-0.5,0.41,-1.14,2.5e-01,1.0e+00,0.9999,2533,24.8,30.6,25.8,22.8,15.9,19.9
GENE-6881,NO,218.2,219.6,216.8,0.987,0,0.22,-0.09,9.3e-01,1.0e+00,0.9999,2534,199.4,252.1,207.3,210,225.3,215
GENE-6884,NO,27.8,30,25.5,0.848,-0.2,0.38,-0.63,5.3e-01,1.0e+00,0.9999,2535,32.7,32.6,24.8,24.8,24.8,26.9
GENE-6895,NO,1.3,1,1.7,1.669,0.7,1.53,0.48,6.3e-01,1.0e+00,0.9999,2536,1,1,1,3,1,1
GENE-6900,NO,6,5.9,6,1.002,0,0.75,0,1.0e+00,1.0e+00,0.9999,2537,7.9,4.9,5,6.9,4,7
GENE-6902,NO,249.1,254,244.3,0.962,-0.1,0.22,-0.26,8.0e-01,1.0e+00,0.9999,2538,263.8,238.2,259.9,209,252.1,271.8
GENE-6907,NO,1093.5,1096.8,1090.1,0.994,0,0.17,-0.05,9.6e-01,1.0e+00,0.9999,2539,1158.5,1024.2,1107.8,1137,1075.1,1058.2
GENE-6908,NO,1777,1838.9,1715.1,0.933,-0.1,0.23,-0.43,6.7e-01,1.0e+00,0.9999,2540,2189,1456.2,1871.5,1787.7,1869.2,1488.3
GENE-6911,NO,2.5,2,3,1.504,0.6,1.2,0.49,6.2e-01,1.0e+00,0.9999,2541,1,1,4,2,2,5
GENE-6912,NO,30.1,24.8,35.4,1.43,0.5,0.38,1.36,1.7e-01,1.0e+00,0.9999,2542,22.8,26.7,24.8,36.6,41.7,27.9
GENE-6914,NO,700.2,825.4,575.1,0.697,-0.5,0.38,-1.37,1.7e-01,1.0e+00,0.9999,2543,527.7,1330.6,617.9,448.7,602.6,674
GENE-6915,NO,28.9,29.1,28.8,0.991,0,0.37,-0.04,9.7e-01,1.0e+00,0.9999,2544,31.7,29.7,25.8,24.8,30.8,30.9
GENE-6916,NO,22.5,23.1,21.8,0.945,-0.1,0.43,-0.19,8.5e-01,1.0e+00,0.9999,2545,22.8,21.7,24.8,28.7,17.9,18.9
GENE-6932,NO,117.4,110.3,124.4,1.128,0.2,0.23,0.77,4.4e-01,1.0e+00,0.9999,2546,111.1,109.7,110.1,123.8,121.1,128.4
GENE-6934,NO,2307.6,2261.1,2354,1.041,0.1,0.17,0.35,7.3e-01,1.0e+00,0.9999,2547,2218.7,2307.3,2257.3,2150.2,2476.8,2435
GENE-6935,NO,475,455.9,494.1,1.084,0.1,0.28,0.41,6.8e-01,1.0e+00,0.9999,2548,545.5,326.2,495.9,581.4,394.1,506.7
GENE-6940,NO,295.2,316.4,274.1,0.866,-0.2,0.22,-0.93,3.5e-01,1.0e+00,0.9999,2549,329.3,298.5,321.3,223.8,304.8,293.7
GENE-6941,NO,26.6,25.8,27.4,1.066,0.1,0.44,0.21,8.3e-01,1.0e+00,0.9999,2550,21.8,27.7,27.8,30.7,35.7,15.9
GENE-6943,NO,38.8,37.3,40.4,1.082,0.1,0.39,0.3,7.7e-01,1.0e+00,0.9999,2551,27.8,50.4,33.7,33.7,49.6,37.8
GENE-6945,NO,195.7,218,173.4,0.796,-0.3,0.29,-1.13,2.6e-01,1.0e+00,0.9999,2552,150.8,216.5,286.6,168.4,178.7,173.2
GENE-6948,YES,2,1.7,2.3,1.404,0.5,1.31,0.37,7.1e-01,1.0e+00,0.9999,2553,1,1,3,1,2,4
GENE-6950,NO,48.4,41.6,55.3,1.329,0.4,0.33,1.23,2.2e-01,1.0e+00,0.9999,2554,49.6,42.5,32.7,47.5,54.6,63.7
GENE-6952,NO,8.8,10.2,7.3,0.712,-0.5,0.69,-0.71,4.8e-01,1.0e+00,0.9999,2555,11.9,8.9,9.9,5,4,12.9
GENE-6957,NO,85.1,71.7,98.6,1.375,0.5,1.3,0.35,7.2e-01,1.0e+00,0.9999,2556,8.9,73.2,132.9,74.3,209.5,11.9
GENE-6958,NO,176.3,161.2,191.5,1.188,0.2,0.34,0.73,4.6e-01,1.0e+00,0.9999,2557,145.8,156.2,181.5,223.8,241.2,109.5
GENE-6962,NO,1.2,1.3,1,0.752,-0.4,1.68,-0.25,8.1e-01,1.0e+00,0.9999,2558,1,2,1,2,0,1
GENE-6966,NO,0.7,0.3,1,2.797,1.5,2.2,0.68,5.0e-01,1.0e+00,0.9999,2559,0,0,1,1,1,1
GENE-6968,NO,88.6,91.2,86,0.944,-0.1,0.27,-0.31,7.6e-01,1.0e+00,0.9999,2560,107.1,77.1,89.3,92.1,78.4,87.6
GENE-6971,NO,21.2,20.5,21.9,1.067,0.1,0.44,0.21,8.3e-01,1.0e+00,0.9999,2561,17.9,21.7,21.8,22.8,15.9,26.9
GENE-6976,NO,273.7,213.9,333.5,1.559,0.6,0.44,1.45,1.5e-01,1.0e+00,0.9999,2562,177.5,325.2,138.9,331.8,493.4,175.2
GENE-6985,NO,3.3,2.7,4,1.504,0.6,1.04,0.57,5.7e-01,1.0e+00,0.9999,2563,1,4,3,4,2,6
GENE-6988,NO,0.8,0.3,1.3,3.728,1.9,2.06,0.92,3.6e-01,1.0e+00,0.9999,2564,1,0,0,2,1,1
GENE-6989,NO,641.5,462.4,820.5,1.774,0.8,0.93,0.89,3.7e-01,1.0e+00,0.9999,2565,225.1,968.8,193.4,880.5,266,1315.1
GENE-6990,NO,27.8,27.1,28.5,1.051,0.1,0.38,0.19,8.5e-01,1.0e+00,0.9999,2566,27.8,23.7,29.8,25.8,28.8,30.9
GENE-6992,NO,93.4,84.9,101.9,1.201,0.3,0.28,0.96,3.4e-01,1.0e+00,0.9999,2567,85.3,74.1,95.2,88.1,122.1,95.6
GENE-6993,NO,21.2,20.8,21.5,1.034,0,0.46,0.1,9.2e-01,1.0e+00,0.9999,2568,24.8,17.8,19.8,19.8,14.9,29.9
GENE-6995,NO,803.1,815.8,790.3,0.969,0,0.26,-0.18,8.6e-01,1.0e+00,0.9999,2569,848,715.7,883.7,915.2,568.8,887
GENE-6996,NO,196.8,213,180.7,0.848,-0.2,0.23,-1.03,3.0e-01,1.0e+00,0.9999,2570,177.5,229.3,232.1,188.2,166.8,187.2
GENE-7002,NO,271.8,294.8,248.8,0.844,-0.2,0.47,-0.52,6.1e-01,1.0e+00,0.9999,2571,348.1,113.7,422.5,328.8,157.8,259.8
GENE-7005,NO,6.4,7,6,0.859,-0.2,0.73,-0.3,7.6e-01,1.0e+00,0.9999,2572,6,8.9,6,4,6,8
GENE-7008,NO,182.6,200.4,164.8,0.822,-0.3,0.23,-1.23,2.2e-01,1.0e+00,0.9999,2573,173.6,212.5,215.2,184.2,158.8,151.3
GENE-7013,NO,76.4,77.9,74.8,0.96,-0.1,0.29,-0.2,8.4e-01,1.0e+00,0.9999,2574,68.4,94.9,70.4,67.4,85.4,71.7
GENE-7014,NO,5.5,6.6,4.3,0.652,-0.6,0.85,-0.73,4.7e-01,1.0e+00,0.9999,2575,8.9,4.9,6,3,2,8
GENE-7016,NO,9.6,9.6,9.6,1.002,0,0.79,0,1.0e+00,1.0e+00,0.9999,2576,6,4,18.8,7.9,5,15.9
GENE-7019,NO,118.7,133.1,104.2,0.783,-0.4,0.29,-1.21,2.3e-01,1.0e+00,0.9999,2577,145.8,134.4,119,133.7,77.4,101.5
GENE-7027,NO,44.3,41.9,46.7,1.113,0.2,0.32,0.49,6.3e-01,1.0e+00,0.9999,2578,47.6,39.5,38.7,44.6,45.7,49.8
GENE-7028,NO,2.6,2.7,2.7,1.002,0,1.14,0,1.0e+00,1.0e+00,0.9999,2579,4,2,2,2,5,1
GENE-7030,NO,97.4,91.8,102.9,1.121,0.2,0.3,0.56,5.8e-01,1.0e+00,0.9999,2580,97.2,107.8,70.4,84.2,119.1,105.5
GENE-7031,NO,83.3,89.5,77.1,0.862,-0.2,0.26,-0.83,4.1e-01,1.0e+00,0.9999,2581,90.3,80.1,98.2,77.3,82.4,71.7
GENE-7034,NO,325.3,338.2,312.4,0.924,-0.1,0.19,-0.59,5.6e-01,1.0e+00,0.9999,2582,309.5,335.1,369.9,309,306.7,321.6
GENE-7035,NO,37.2,37,37.4,1.011,0,0.36,0.04,9.6e-01,1.0e+00,0.9999,2583,41.7,40.5,28.8,31.7,44.7,35.8
GENE-7043,NO,312.5,287.6,337.4,1.173,0.2,0.32,0.71,4.8e-01,1.0e+00,0.9999,2584,223.2,351.9,287.6,217.9,369.3,425.1
GENE-7048,NO,79.7,33.3,126,3.779,1.9,1.8,1.06,2.9e-01,1.0e+00,0.9999,2585,48.6,51.4,0,254.5,13.9,109.5
GENE-7053,NO,106.8,100.1,113.5,1.134,0.2,0.3,0.6,5.5e-01,1.0e+00,0.9999,2586,99.2,86,115,135.7,124.1,80.6
GENE-7055,NO,1444.9,1420.4,1469.4,1.034,0,0.17,0.28,7.8e-01,1.0e+00,0.9999,2587,1543.3,1381,1336.9,1555,1402.7,1450.5
GENE-7061,NO,163.6,172.4,154.9,0.899,-0.2,0.24,-0.63,5.3e-01,1.0e+00,0.9999,2588,137.9,181.9,197.4,147.6,156.8,160.3
GENE-7066,NO,220,220,220.1,1.001,0,0.22,0,1.0e+00,1.0e+00,0.9999,2589,255.9,192.8,211.3,218.9,209.5,232
GENE-7068,NO,2.5,1.7,3.3,2.008,1,1.28,0.79,4.3e-01,1.0e+00,0.9999,2590,1,3,1,1,2,7
GENE-7069,NO,11.4,12.6,10.3,0.817,-0.3,0.61,-0.47,6.4e-01,1.0e+00,0.9999,2591,12.9,9.9,14.9,7.9,16.9,6
GENE-7070,NO,1.8,2,1.7,0.836,-0.3,1.41,-0.18,8.5e-01,1.0e+00,0.9999,2592,1,3,2,0,2,3
GENE-7073,NO,135.7,138.7,132.7,0.957,-0.1,0.23,-0.27,7.8e-01,1.0e+00,0.9999,2593,137.9,141.4,136.9,146.6,115.2,136.4
GENE-7082,NO,17.5,19.8,15.2,0.769,-0.4,0.47,-0.81,4.2e-01,1.0e+00,0.9999,2594,20.8,18.8,19.8,11.9,13.9,19.9
GENE-7089,NO,79.3,92.1,66.5,0.722,-0.5,0.29,-1.63,1.0e-01,1.0e+00,0.9999,2595,95.2,92.9,88.3,81.2,51.6,66.7
GENE-7096,NO,7.8,6.6,8.9,1.353,0.4,0.71,0.61,5.4e-01,1.0e+00,0.9999,2596,4,7.9,7.9,6.9,13.9,6
GENE-7097,NO,220.7,246,195.3,0.794,-0.3,0.27,-1.22,2.2e-01,1.0e+00,0.9999,2597,179.5,273.8,284.6,167.4,200.5,218
GENE-7103,NO,361.6,301.4,421.8,1.399,0.5,0.37,1.31,1.9e-01,1.0e+00,0.9999,2598,334.2,399.4,170.6,517,456.6,291.7
GENE-7105,NO,1209.5,1138.7,1280.4,1.124,0.2,0.19,0.89,3.7e-01,1.0e+00,0.9999,2599,1258.6,1160.6,996.8,1307.4,1342.1,1191.6
GENE-7113,NO,3.5,2.7,4.3,1.628,0.7,0.99,0.71,4.8e-01,1.0e+00,0.9999,2600,3,1,4,4,4,5
GENE-7114,NO,720.7,837.6,603.9,0.721,-0.5,0.26,-1.8,7.2e-02,1.0e+00,0.9999,2601,659.6,1093.4,759.7,680.4,580.7,550.5
GENE-7121,NO,975,1033.2,916.7,0.887,-0.2,0.47,-0.37,7.1e-01,1.0e+00,0.9999,2602,1129.7,824.5,1145.5,1711.5,601.6,437
GENE-7122,NO,527.2,614,440.4,0.717,-0.5,0.55,-0.87,3.8e-01,1.0e+00,0.9999,2603,256.9,881.8,703.2,452.6,157.8,710.8
GENE-7124,NO,3,4,2,0.501,-1,1.1,-0.91,3.6e-01,1.0e+00,0.9999,2604,3,4,5,1,4,1
GENE-7134,NO,261.6,271.2,251.9,0.929,-0.1,0.24,-0.44,6.6e-01,1.0e+00,0.9999,2605,295.6,216.5,301.5,227.8,239.2,288.7
GENE-7136,NO,223.5,211.3,235.6,1.115,0.2,0.23,0.69,4.9e-01,1.0e+00,0.9999,2606,191.4,231.3,211.3,229.8,272,205.1
GENE-7137,NO,1.5,1.7,1.3,0.802,-0.3,1.42,-0.22,8.2e-01,1.0e+00,0.9999,2607,2,1,2,1,1,2
GENE-7146,NO,7.4,10.6,4.3,0.407,-1.3,0.96,-1.36,1.7e-01,1.0e+00,0.9999,2608,16.9,1,13.9,2,5,6
GENE-7150,NO,958,933.8,982.3,1.052,0.1,0.32,0.23,8.2e-01,1.0e+00,0.9999,2609,1199.1,744.4,857.9,986.5,671.1,1289.2
GENE-7153,NO,3.8,4.3,3.3,0.77,-0.4,0.97,-0.39,7.0e-01,1.0e+00,0.9999,2610,4,3,6,5,4,1
GENE-7154,NO,178.9,180.6,177.1,0.98,0,0.22,-0.13,8.9e-01,1.0e+00,0.9999,2611,192.4,178.9,170.6,167.4,168.8,195.1
GENE-7159,NO,250.5,494.4,6.6,0.013,-6.2,3.74,-1.66,9.6e-02,1.0e+00,0.9999,2612,137.9,1345.4,0,0,0,19.9
GENE-7165,NO,6,5.6,6.3,1.12,0.2,0.75,0.22,8.3e-01,1.0e+00,0.9999,2613,5,6.9,5,5,8.9,5
GENE-7166,NO,364.6,377.5,351.6,0.931,-0.1,0.24,-0.43,6.7e-01,1.0e+00,0.9999,2614,433.4,337.1,362,288.2,349.4,417.1
GENE-7167,NO,29.3,28.7,29.8,1.037,0.1,0.43,0.12,9.0e-01,1.0e+00,0.9999,2615,34.7,28.7,22.8,39.6,18.9,30.9
GENE-7172,NO,185.9,202.8,169.1,0.834,-0.3,0.22,-1.21,2.3e-01,1.0e+00,0.9999,2616,198.4,195.7,214.2,190.2,155.9,161.3
GENE-7176,NO,2691.8,2753.8,2629.8,0.955,-0.1,0.19,-0.35,7.3e-01,1.0e+00,0.9999,2617,3126.3,2513.9,2621.3,2832.7,2622.7,2434
GENE-7178,NO,0.8,0.7,1,1.506,0.6,2.3,0.26,8.0e-01,1.0e+00,0.9999,2618,0,2,0,1,0,2
GENE-7180,NO,9.3,9.6,8.9,0.933,-0.1,0.62,-0.16,8.7e-01,1.0e+00,0.9999,2619,7.9,11.9,8.9,7.9,6.9,11.9
GENE-7181,NO,1.7,0.7,2.7,4.013,2,1.61,1.24,2.1e-01,1.0e+00,0.9999,2620,0,1,1,1,2,5
GENE-7185,NO,122,129.1,114.9,0.89,-0.2,0.26,-0.65,5.1e-01,1.0e+00,0.9999,2621,132.9,132.5,122,97.1,107.2,140.4
GENE-7187,NO,13.4,11.5,15.2,1.317,0.4,0.52,0.76,4.5e-01,1.0e+00,0.9999,2622,7.9,13.8,12.9,13.9,14.9,16.9
GENE-7190,NO,0.7,0.7,0.7,1.002,0,2.48,0,1.0e+00,1.0e+00,0.9999,2623,1,1,0,0,2,0
GENE-7194,NO,66.4,62.8,70.2,1.118,0.2,0.3,0.54,5.9e-01,1.0e+00,0.9999,2624,51.6,73.2,63.5,64.4,80.4,65.7
GENE-7198,NO,800.9,799.7,802.1,1.003,0,0.3,0.02,9.9e-01,1.0e+00,0.9999,2625,607,667.3,1124.7,916.2,731.6,758.6
GENE-7201,NO,24.8,27.4,22.2,0.809,-0.3,0.43,-0.71,4.8e-01,1.0e+00,0.9999,2626,25.8,28.7,27.8,13.9,27.8,24.9
GENE-7204,NO,602.8,645.9,559.7,0.867,-0.2,0.28,-0.73,4.6e-01,1.0e+00,0.9999,2627,670.5,718.7,548.5,614.1,382.2,682.9
GENE-7205,NO,0.8,0.3,1.3,3.73,1.9,2.06,0.92,3.6e-01,1.0e+00,0.9999,2628,0,1,0,1,2,1
GENE-7210,NO,46.9,53.9,40,0.744,-0.4,0.35,-1.22,2.2e-01,1.0e+00,0.9999,2629,54.6,53.4,53.6,50.5,42.7,26.9
GENE-7211,NO,18.8,18.5,19.2,1.038,0.1,0.46,0.12,9.1e-01,1.0e+00,0.9999,2630,22.8,19.8,12.9,18.8,20.8,17.9
GENE-7212,NO,71.6,69,74.1,1.074,0.1,0.32,0.32,7.5e-01,1.0e+00,0.9999,2631,67.4,58.3,81.3,88.1,53.6,80.6
GENE-7214,NO,318.1,291,345.2,1.186,0.2,0.64,0.39,7.0e-01,1.0e+00,0.9999,2632,450.3,264.9,157.7,691.3,80.4,263.8
GENE-7222,NO,338.5,355.3,321.7,0.905,-0.1,0.18,-0.78,4.4e-01,1.0e+00,0.9999,2633,352.1,362.8,351.1,314,310.7,340.5
GENE-7229,NO,55.4,54.2,56.6,1.045,0.1,0.35,0.18,8.6e-01,1.0e+00,0.9999,2634,62.5,52.4,47.6,66.4,66.5,36.8
GENE-7235,NO,337.2,340.1,334.2,0.983,0,0.2,-0.13,9.0e-01,1.0e+00,0.9999,2635,334.2,349,337.2,366.5,343.5,292.7
GENE-7237,NO,3,3.3,2.7,0.801,-0.3,1.18,-0.27,7.9e-01,1.0e+00,0.9999,2636,5,2,3,3,5,0
GENE-7239,NO,148.8,156.8,140.7,0.897,-0.2,0.24,-0.66,5.1e-01,1.0e+00,0.9999,2637,165.6,163.1,141.8,133.7,125.1,163.3
GENE-7246,NO,989.7,983.7,995.7,1.012,0,0.27,0.06,9.5e-01,1.0e+00,0.9999,2638,1135.7,744.4,1071.1,946.9,1231.9,808.4
GENE-7248,NO,855.7,849.9,861.4,1.014,0,0.19,0.1,9.2e-01,1.0e+00,0.9999,2639,847,944.1,758.7,909.2,844.8,830.3
GENE-7249,NO,10.9,9.9,11.9,1.203,0.3,0.58,0.46,6.4e-01,1.0e+00,0.9999,2640,8.9,11.9,8.9,10.9,15.9,9
GENE-7252,NO,28.3,26.1,30.5,1.167,0.2,0.4,0.55,5.8e-01,1.0e+00,0.9999,2641,22.8,29.7,25.8,24.8,40.7,25.9
GENE-7256,NO,1,0.3,1.7,4.661,2.2,2.61,0.85,4.0e-01,1.0e+00,0.9999,2642,1,0,0,0,5,0
GENE-7260,NO,186.8,189.9,183.7,0.967,0,0.21,-0.23,8.1e-01,1.0e+00,0.9999,2643,197.4,189.8,182.5,193.1,181.7,176.2
GENE-7261,NO,557.7,484.8,630.7,1.301,0.4,0.22,1.71,8.7e-02,1.0e+00,0.9999,2644,507.8,476.5,470.1,665.6,723.7,502.7
GENE-7262,NO,520.1,560.3,479.8,0.856,-0.2,0.21,-1.07,2.8e-01,1.0e+00,0.9999,2645,504.8,654.4,521.7,514,444.7,480.8
GENE-7263,NO,1.5,2.3,0.7,0.286,-1.8,1.73,-1.05,3.0e-01,1.0e+00,0.9999,2646,3,3,1,2,0,0
GENE-7264,NO,225.3,253.2,197.3,0.779,-0.4,0.35,-1.02,3.1e-01,1.0e+00,0.9999,2647,290.6,315.4,153.7,183.2,149.9,258.8
GENE-7269,NO,16,18.2,13.9,0.765,-0.4,0.47,-0.82,4.1e-01,1.0e+00,0.9999,2648,16.9,16.8,20.8,14.9,13.9,12.9
GENE-7274,NO,2326.8,2535.7,2117.8,0.835,-0.3,0.22,-1.18,2.4e-01,1.0e+00,0.9999,2649,3048.9,2428.9,2129.4,1911.6,2128.3,2313.6
GENE-7276,NO,211.8,193.6,230.1,1.189,0.2,0.38,0.66,5.1e-01,1.0e+00,0.9999,2650,162.7,176,242,212.9,132,345.4
GENE-7281,NO,68.8,72.3,65.2,0.902,-0.1,0.28,-0.53,5.9e-01,1.0e+00,0.9999,2651,61.5,78.1,77.4,66.4,59.6,69.7
GENE-7283,NO,178,200.2,155.9,0.779,-0.4,0.27,-1.32,1.9e-01,1.0e+00,0.9999,2652,231.1,183.9,185.5,181.3,115.2,171.2
GENE-7285,NO,117.5,106.3,128.8,1.211,0.3,0.25,1.1,2.7e-01,1.0e+00,0.9999,2653,102.2,108.7,108.1,107,146.9,132.4
GENE-7286,NO,171.3,174,168.5,0.968,0,0.23,-0.21,8.4e-01,1.0e+00,0.9999,2654,172.6,171,178.5,143.6,185.6,176.2
GENE-7287,NO,130.6,136.7,124.4,0.91,-0.1,0.25,-0.55,5.8e-01,1.0e+00,0.9999,2655,124,122.6,163.6,118.9,130,124.4
GENE-7291,NO,24.3,26.4,22.2,0.839,-0.3,0.43,-0.59,5.6e-01,1.0e+00,0.9999,2656,31.7,17.8,29.8,18.8,23.8,23.9
GENE-7296,NO,225.9,196.9,254.9,1.295,0.4,0.3,1.22,2.2e-01,1.0e+00,0.9999,2657,276.7,175,138.9,239.7,262.1,262.8
GENE-7297,NO,1.5,2.3,0.7,0.286,-1.8,1.78,-1.01,3.1e-01,1.0e+00,0.9999,2658,0,3,4,1,1,0
GENE-7300,NO,3232.9,2936.6,3529.3,1.202,0.3,0.38,0.71,4.8e-01,1.0e+00,0.9999,2659,4003,1631.1,3175.7,2548.4,3303.7,4735.7
GENE-7314,NO,4,3.3,4.6,1.403,0.5,0.95,0.51,6.1e-01,1.0e+00,0.9999,2660,3,2,5,5.9,2,6
GENE-7316,NO,5.5,7.2,3.7,0.501,-1,0.8,-1.25,2.1e-01,1.0e+00,0.9999,2661,6.9,7.9,6.9,5,2,4
GENE-7324,NO,13.1,11.9,14.2,1.197,0.3,0.66,0.39,6.9e-01,1.0e+00,0.9999,2662,12.9,18.8,4,19.8,8.9,13.9
GENE-7326,NO,2.3,2.3,2.3,1.002,0,1.16,0,1.0e+00,1.0e+00,0.9999,2663,3,1,3,3,2,2
GENE-7327,NO,132.1,128.5,135.7,1.056,0.1,0.43,0.18,8.5e-01,1.0e+00,0.9999,2664,127.9,113.7,143.8,161.4,55.6,190.1
GENE-7328,NO,6.3,5.3,7.3,1.378,0.5,0.72,0.64,5.2e-01,1.0e+00,0.9999,2665,4,4.9,6.9,6.9,7.9,7
GENE-7331,NO,131.2,124.9,137.6,1.102,0.1,0.31,0.46,6.5e-01,1.0e+00,0.9999,2666,126,95.9,152.7,166.4,142.9,103.5
GENE-7337,NO,155.7,162.5,148.9,0.917,-0.1,0.23,-0.55,5.8e-01,1.0e+00,0.9999,2667,147.8,173,166.6,140.6,138,168.2
GENE-7339,NO,637.6,629.1,646.1,1.027,0,0.21,0.18,8.5e-01,1.0e+00,0.9999,2668,715.1,593.1,579.2,653.7,564.8,719.8
GENE-7341,NO,7.9,6.6,9.3,1.403,0.5,0.8,0.61,5.4e-01,1.0e+00,0.9999,2669,1,8.9,9.9,10.9,10.9,6
GENE-7342,NO,34.5,40,29.1,0.729,-0.5,0.38,-1.2,2.3e-01,1.0e+00,0.9999,2670,28.8,40.5,50.6,32.7,25.8,28.9
GENE-7346,NO,5.6,8.3,3,0.36,-1.5,1.02,-1.45,1.5e-01,1.0e+00,0.9999,2671,7.9,3,13.9,5,4,0
GENE-7347,NO,465.1,437.3,493,1.128,0.2,0.21,0.83,4.1e-01,1.0e+00,0.9999,2672,472.1,435,404.7,559.6,492.4,427.1
GENE-7348,NO,6.8,7.6,6,0.784,-0.4,0.76,-0.46,6.5e-01,1.0e+00,0.9999,2673,6.9,7.9,7.9,4,10.9,3
GENE-7350,NO,58.7,52.9,64.5,1.22,0.3,1.78,0.16,8.7e-01,1.0e+00,0.9999,2674,0,17.8,140.8,55.5,90.3,47.8
GENE-7352,NO,1093.8,522,1665.6,3.191,1.7,2.85,0.59,5.6e-01,1.0e+00,0.9999,2675,1,339.1,1225.9,0,4754,242.9
GENE-7354,NO,1.5,1,2,2.003,1,1.54,0.65,5.2e-01,1.0e+00,0.9999,2676,2,0,1,3,1,2
GENE-7355,NO,220,214,226.1,1.056,0.1,0.23,0.35,7.3e-01,1.0e+00,0.9999,2677,227.1,188.8,226.1,200.1,256.1,222
GENE-7363,NO,22,26.4,17.6,0.664,-0.6,0.5,-1.18,2.4e-01,1.0e+00,0.9999,2678,30.7,22.7,25.8,12.9,28.8,11
GENE-7364,NO,37.3,45.6,29.1,0.639,-0.6,0.47,-1.39,1.7e-01,1.0e+00,0.9999,2679,31.7,38.6,66.5,36.6,34.7,15.9
GENE-7365,NO,505.8,503.9,507.7,1.008,0,0.2,0.05,9.6e-01,1.0e+00,0.9999,2680,437.4,531.8,542.5,478.4,537,507.7
GENE-7366,NO,0.7,0.3,1,2.799,1.5,2.44,0.61,5.4e-01,1.0e+00,0.9999,2681,0,0,1,1,0,2
GENE-7368,NO,128.6,116.2,141,1.213,0.3,0.33,0.84,4.0e-01,1.0e+00,0.9999,2682,72.4,126.5,149.8,147.6,116.1,159.3
GENE-7369,NO,0.7,1,0.3,0.359,-1.5,2.44,-0.61,5.4e-01,1.0e+00,0.9999,2683,2,0,1,0,1,0
GENE-7372,NO,2772.7,2496.3,3049,1.221,0.3,0.38,0.75,4.5e-01,1.0e+00,0.9999,2684,2647.2,1579.7,3262,4582.8,2515.5,2048.8
GENE-7379,NO,463,452.5,473.5,1.046,0.1,0.3,0.22,8.3e-01,1.0e+00,0.9999,2685,533.6,350.9,473.1,610.1,331.6,478.8
GENE-7382,NO,534.3,564.8,503.7,0.892,-0.2,0.35,-0.47,6.4e-01,1.0e+00,0.9999,2686,522.7,512.1,659.5,273.4,553.9,683.9
GENE-7387,NO,85.8,95.5,76.1,0.797,-0.3,0.47,-0.7,4.8e-01,1.0e+00,0.9999,2687,156.7,49.4,80.3,108,62.5,57.7
GENE-7389,NO,409.1,421.8,396.4,0.94,-0.1,0.21,-0.42,6.7e-01,1.0e+00,0.9999,2688,403.7,372.7,489,420.9,406,362.4
GENE-7394,NO,16.9,16.5,17.2,1.042,0.1,0.57,0.1,9.2e-01,1.0e+00,0.9999,2689,23.8,13.8,11.9,19.8,23.8,8
GENE-7395,NO,3385.8,3681,3090.6,0.84,-0.3,0.17,-1.46,1.4e-01,1.0e+00,0.9999,2690,3604.3,3626.1,3812.5,2864.4,3427.7,2979.6
GENE-7401,NO,21.3,23.4,19.2,0.819,-0.3,0.42,-0.69,4.9e-01,1.0e+00,0.9999,2691,26.8,21.7,21.8,21.8,16.9,18.9
GENE-7402,NO,25,27.1,22.9,0.843,-0.2,0.43,-0.57,5.7e-01,1.0e+00,0.9999,2692,20.8,25.7,34.7,21.8,17.9,28.9
GENE-7403,NO,95.3,98.1,92.6,0.945,-0.1,0.36,-0.23,8.2e-01,1.0e+00,0.9999,2693,61.5,123.6,109.1,122.8,77.4,77.7
GENE-7404,NO,2627.9,2720.9,2534.8,0.932,-0.1,0.22,-0.46,6.4e-01,1.0e+00,0.9999,2694,2582.7,2395.3,3184.7,2508.8,2921.5,2174.2
GENE-7405,NO,205.2,202.6,207.8,1.026,0,0.52,0.07,9.4e-01,1.0e+00,0.9999,2695,99.2,367.7,140.8,190.2,316.7,116.5
GENE-7407,NO,11.2,9.6,12.9,1.348,0.4,0.57,0.76,4.5e-01,1.0e+00,0.9999,2696,9.9,11.9,6.9,11.9,10.9,15.9
GENE-7412,NO,7.6,8.3,6.9,0.842,-0.2,1,-0.25,8.0e-01,1.0e+00,0.9999,2697,17.9,2,5,7.9,1,11.9
GENE-7417,NO,95.7,108.6,82.7,0.762,-0.4,0.31,-1.27,2.1e-01,1.0e+00,0.9999,2698,88.3,143.3,94.2,90.1,68.5,89.6
GENE-7420,NO,42.8,44.6,41.1,0.921,-0.1,0.46,-0.26,8.0e-01,1.0e+00,0.9999,2699,44.6,54.4,34.7,23.8,32.8,66.7
GENE-7426,NO,2.5,2.7,2.3,0.877,-0.2,1.23,-0.15,8.8e-01,1.0e+00,0.9999,2700,3,1,4,1,1,5
GENE-7427,NO,66.3,71.7,60.9,0.849,-0.2,0.33,-0.72,4.7e-01,1.0e+00,0.9999,2701,78.4,59.3,77.4,78.2,44.7,59.7
GENE-7429,NO,199.2,194.9,203.6,1.045,0.1,0.23,0.27,7.9e-01,1.0e+00,0.9999,2702,199.4,185.9,199.4,181.3,183.6,245.9
GENE-7433,NO,81.7,83.2,80.1,0.962,-0.1,0.28,-0.2,8.4e-01,1.0e+00,0.9999,2703,95.2,77.1,77.4,77.3,70.5,92.6
GENE-7434,NO,337.1,334.6,339.6,1.015,0,0.22,0.1,9.2e-01,1.0e+00,0.9999,2704,347.1,303.5,353.1,280.3,371.3,367.3
GENE-7436,NO,4,4,4,1.002,0,0.98,0,1.0e+00,1.0e+00,0.9999,2705,6,4.9,1,5,2,5
GENE-7437,NO,82.3,89.2,75.5,0.846,-0.2,0.32,-0.76,4.5e-01,1.0e+00,0.9999,2706,93.2,76.1,98.2,81.2,52.6,92.6
GENE-7439,NO,48.8,53.9,43.7,0.812,-0.3,0.72,-0.41,6.8e-01,1.0e+00,0.9999,2707,115.1,18.8,27.8,15.8,36.7,78.6
GENE-7442,NO,9.9,10.9,8.9,0.82,-0.3,0.59,-0.48,6.3e-01,1.0e+00,0.9999,2708,9.9,10.9,11.9,7.9,6.9,11.9
GENE-7443,NO,22,25.1,18.8,0.752,-0.4,0.43,-0.96,3.4e-01,1.0e+00,0.9999,2709,24.8,20.8,29.8,15.8,22.8,17.9
GENE-7445,NO,19959.9,18872.5,21047.4,1.115,0.2,0.18,0.87,3.8e-01,1.0e+00,0.9999,2710,16913.8,21275,18428.6,22100.7,20806.7,20234.9
GENE-7447,NO,2.3,3.3,1.3,0.401,-1.3,1.35,-0.97,3.3e-01,1.0e+00,0.9999,2711,6,2,2,0,1,3
GENE-7449,NO,1.7,2,1.3,0.668,-0.6,1.49,-0.39,7.0e-01,1.0e+00,0.9999,2712,1,2,3,3,0,1
GENE-7450,NO,449.8,471.1,428.5,0.909,-0.1,0.24,-0.57,5.7e-01,1.0e+00,0.9999,2713,468.1,567.4,377.9,478.4,429.8,377.3
GENE-7455,NO,4.8,4.6,5,1.073,0.1,0.84,0.12,9.0e-01,1.0e+00,0.9999,2714,5,4.9,4,7.9,3,4
GENE-7464,NO,24,20.8,27.1,1.305,0.4,0.51,0.75,4.6e-01,1.0e+00,0.9999,2715,12.9,35.6,13.9,27.7,31.8,21.9
GENE-7465,NO,175.3,177.7,173,0.974,0,0.28,-0.13,8.9e-01,1.0e+00,0.9999,2716,186.5,186.8,159.7,229.8,134,155.3
GENE-7469,NO,75.7,72.3,79.1,1.094,0.1,0.36,0.36,7.2e-01,1.0e+00,0.9999,2717,70.4,87,59.5,59.4,115.2,62.7
GENE-7471,NO,3.8,5.6,2,0.354,-1.5,1.7,-0.88,3.8e-01,1.0e+00,0.9999,2718,0,4,12.9,0,0,6
GENE-7479,NO,844.7,824.7,864.6,1.048,0.1,0.2,0.34,7.4e-01,1.0e+00,0.9999,2719,822.2,755.3,896.6,989.5,837.8,766.5
GENE-7484,NO,0.7,0.7,0.7,1,0,2.86,0,1.0e+00,1.0e+00,0.9999,2720,0,0,2,2,0,0
GENE-7489,NO,787.8,759.9,815.6,1.073,0.1,0.2,0.52,6.0e-01,1.0e+00,0.9999,2721,794.5,726.6,758.7,695.3,866.6,885
GENE-7496,NO,35.7,35.3,36.1,1.021,0,0.41,0.07,9.4e-01,1.0e+00,0.9999,2722,35.7,31.6,38.7,30.7,53.6,23.9
GENE-7500,NO,11.7,9.9,13.6,1.369,0.5,0.6,0.76,4.5e-01,1.0e+00,0.9999,2723,10.9,4.9,13.9,9.9,15.9,14.9
GENE-7504,NO,5.3,5.3,5.3,1.003,0,0.9,0,1.0e+00,1.0e+00,0.9999,2724,3,3,9.9,3,4,9
GENE-7508,NO,0.8,1,0.7,0.668,-0.6,2.07,-0.28,7.8e-01,1.0e+00,0.9999,2725,0,1,2,1,0,1
GENE-7514,NO,1,0.7,1.3,2.005,1,1.81,0.55,5.8e-01,1.0e+00,0.9999,2726,1,1,0,1,2,1
GENE-7517,NO,7.4,7.6,7.3,0.958,-0.1,0.71,-0.09,9.3e-01,1.0e+00,0.9999,2727,7.9,5.9,8.9,11.9,5,5
GENE-7518,NO,253.1,253.3,252.9,0.998,0,0.22,-0.01,9.9e-01,1.0e+00,0.9999,2728,227.1,286.7,246,265.4,218.4,274.8
GENE-7519,NO,1447.7,1454.9,1440.6,0.99,0,0.23,-0.06,9.5e-01,1.0e+00,0.9999,2729,1469.9,1620.3,1274.5,1650.1,1134.6,1537.1
GENE-7520,NO,112.1,99.7,124.4,1.248,0.3,0.32,0.99,3.2e-01,1.0e+00,0.9999,2730,84.3,94.9,120,140.6,83.4,149.3
GENE-7522,NO,42.3,43.6,41,0.941,-0.1,0.33,-0.26,7.9e-01,1.0e+00,0.9999,2731,37.7,39.5,53.6,42.6,38.7,41.8
GENE-7524,NO,1149.9,1145.5,1154.3,1.008,0,0.21,0.05,9.6e-01,1.0e+00,0.9999,2732,1323.1,938.2,1175.3,1198.4,1191.2,1073.2
GENE-7525,NO,108.3,93.1,123.5,1.325,0.4,0.24,1.72,8.6e-02,1.0e+00,0.9999,2733,97.2,91.9,90.3,128.8,128.1,113.5
GENE-7526,NO,959.2,966,952.5,0.986,0,0.23,-0.09,9.3e-01,1.0e+00,0.9999,2734,987.9,986.6,923.4,881.5,791.2,1184.7
GENE-7527,NO,15.5,18.2,12.9,0.711,-0.5,0.49,-1.01,3.1e-01,1.0e+00,0.9999,2735,16.9,22.7,14.9,12.9,13.9,11.9
GENE-7528,NO,829,887.3,770.8,0.869,-0.2,0.45,-0.45,6.5e-01,1.0e+00,0.9999,2736,967,905.5,789.5,1405.4,386.2,520.7
GENE-7530,NO,5845.5,5966,5725.1,0.96,-0.1,0.33,-0.18,8.6e-01,1.0e+00,0.9999,2737,4246,6729.2,6922.7,4020.2,5134.2,8020.9
GENE-7538,NO,239.7,241.1,238.3,0.988,0,0.24,-0.07,9.4e-01,1.0e+00,0.9999,2738,229.1,259,235.1,215.9,291.8,207.1
GENE-7541,NO,64.6,63.1,66.2,1.049,0.1,0.32,0.22,8.3e-01,1.0e+00,0.9999,2739,79.3,49.4,60.5,71.3,56.6,70.7
GENE-7544,NO,239.9,208.7,271,1.298,0.4,0.22,1.72,8.5e-02,1.0e+00,0.9999,2740,212.3,196.7,217.2,309,269,234.9
GENE-7545,NO,1.8,1.3,2.3,1.753,0.8,1.4,0.58,5.6e-01,1.0e+00,0.9999,2741,1,2,1,5,1,1
GENE-7554,NO,23.6,19.8,27.5,1.387,0.5,0.45,1.04,3.0e-01,1.0e+00,0.9999,2742,21.8,24.7,12.9,24.8,21.8,35.8
GENE-7556,NO,215.9,174,257.8,1.482,0.6,0.32,1.76,7.9e-02,1.0e+00,0.9999,2743,188.4,217.5,116,222.8,331.6,219
GENE-7572,NO,14.7,12.9,16.6,1.286,0.4,0.63,0.57,5.7e-01,1.0e+00,0.9999,2744,6,20.8,11.9,13.9,9.9,25.9
GENE-7576,NO,50.9,52.8,49,0.927,-0.1,0.36,-0.3,7.6e-01,1.0e+00,0.9999,2745,33.7,59.3,65.5,42.6,48.6,55.7
GENE-7579,NO,7.6,5.6,9.6,1.711,0.8,0.75,1.03,3.0e-01,1.0e+00,0.9999,2746,2,9.9,5,6.9,9.9,11.9
GENE-7584,NO,346,349.7,342.2,0.979,0,0.19,-0.17,8.7e-01,1.0e+00,0.9999,2747,361,346,342.2,318.9,369.3,338.5
GENE-7587,NO,66.9,73.6,60.2,0.818,-0.3,0.29,-1.01,3.1e-01,1.0e+00,0.9999,2748,64.5,76.1,80.3,69.3,57.6,53.8
GENE-7588,NO,26,28.1,23.8,0.849,-0.2,0.39,-0.6,5.5e-01,1.0e+00,0.9999,2749,28.8,23.7,31.7,21.8,26.8,22.9
GENE-7591,NO,447.5,443.6,451.4,1.018,0,0.19,0.13,8.9e-01,1.0e+00,0.9999,2750,472.1,391.5,467.1,442.7,453.7,457.9
GENE-7597,NO,1399.7,1286.8,1512.6,1.175,0.2,0.2,1.15,2.5e-01,1.0e+00,0.9999,2751,1360.8,1112.1,1387.5,1696.6,1359,1482.3
GENE-7607,NO,9.6,7.2,11.9,1.639,0.7,0.64,1.12,2.6e-01,1.0e+00,0.9999,2752,6.9,7.9,6.9,17.8,7.9,10
GENE-7610,NO,263,264.9,261.1,0.986,0,0.22,-0.09,9.2e-01,1.0e+00,0.9999,2753,303.5,247.1,244,238.7,281.9,262.8
GENE-7614,NO,60.7,64.4,56.9,0.884,-0.2,0.29,-0.61,5.4e-01,1.0e+00,0.9999,2754,66.5,69.2,57.5,49.5,58.6,62.7
GENE-7615,NO,20.8,18.8,22.8,1.213,0.3,0.43,0.65,5.1e-01,1.0e+00,0.9999,2755,14.9,21.7,19.8,21.8,24.8,21.9
GENE-7617,NO,5.3,5,5.6,1.136,0.2,0.77,0.24,8.1e-01,1.0e+00,0.9999,2756,4,4.9,6,5.9,5,6
GENE-7618,NO,974.9,1001.5,948.3,0.947,-0.1,0.19,-0.42,6.8e-01,1.0e+00,0.9999,2757,904.6,1137.8,962,908.2,955,981.6
GENE-7620,NO,706.3,715.6,696.9,0.974,0,0.18,-0.21,8.3e-01,1.0e+00,0.9999,2758,745.9,744.4,656.6,734.9,707.8,648.1
GENE-7629,NO,227.1,247.7,206.5,0.834,-0.3,0.21,-1.23,2.2e-01,1.0e+00,0.9999,2759,216.2,253.1,273.7,206,198.5,215
GENE-7635,NO,22.3,25.1,19.5,0.778,-0.4,0.48,-0.75,4.5e-01,1.0e+00,0.9999,2760,37.7,16.8,20.8,18.8,15.9,23.9
GENE-7639,NO,151.1,131.5,170.8,1.299,0.4,0.43,0.87,3.8e-01,1.0e+00,0.9999,2761,215.2,84,95.2,209,108.2,195.1
GENE-7641,NO,1.7,1.7,1.7,1.003,0,1.61,0,1.0e+00,1.0e+00,0.9999,2762,3,2,0,0,2,3
GENE-7650,NO,78.4,70.3,86.4,1.229,0.3,0.38,0.78,4.3e-01,1.0e+00,0.9999,2763,70.4,97.9,42.6,71.3,77.4,110.5
GENE-7656,NO,61,59.8,62.3,1.041,0.1,0.31,0.19,8.5e-01,1.0e+00,0.9999,2764,63.5,57.3,58.5,45.6,68.5,72.7
GENE-7668,NO,12.4,14.8,9.9,0.668,-0.6,0.65,-0.9,3.7e-01,1.0e+00,0.9999,2765,6.9,21.7,15.9,11.9,5,12.9
GENE-7669,NO,1.3,1,1.7,1.671,0.7,1.63,0.46,6.5e-01,1.0e+00,0.9999,2766,1,1,1,0,3,2
GENE-7675,NO,3.3,4,2.7,0.668,-0.6,1,-0.58,5.6e-01,1.0e+00,0.9999,2767,4,4,4,3,4,1
GENE-7676,NO,32.7,27.4,38.1,1.389,0.5,0.47,1.02,3.1e-01,1.0e+00,0.9999,2768,18.8,31.6,31.7,43.6,19.9,50.8
GENE-7678,NO,1.5,1.7,1.3,0.801,-0.3,1.54,-0.21,8.3e-01,1.0e+00,0.9999,2769,2,2,1,3,1,0
GENE-7680,NO,31.4,37.4,25.5,0.683,-0.5,0.95,-0.58,5.7e-01,1.0e+00,0.9999,2770,56.5,3,52.6,8.9,6.9,60.7
GENE-7684,NO,173.1,166.4,179.7,1.08,0.1,0.23,0.48,6.3e-01,1.0e+00,0.9999,2771,142.8,177.9,178.5,168.4,200.5,170.2
GENE-7689,NO,2.8,2.7,3,1.128,0.2,1.1,0.16,8.7e-01,1.0e+00,0.9999,2772,4,2,2,1,4,4
GENE-7690,NO,4.1,5.3,3,0.564,-0.8,0.9,-0.92,3.6e-01,1.0e+00,0.9999,2773,6,4,6,4,2,3
GENE-7695,NO,461.6,371.1,552,1.488,0.6,0.5,1.14,2.5e-01,1.0e+00,0.9999,2774,526.7,164.1,422.5,340.7,945,370.3
GENE-7704,NO,1476.2,1546.9,1405.4,0.909,-0.1,0.23,-0.6,5.5e-01,1.0e+00,0.9999,2775,1485.8,1834.8,1320.1,1423.3,1190.2,1602.8
GENE-7705,NO,159.8,157.9,161.8,1.025,0,0.21,0.17,8.7e-01,1.0e+00,0.9999,2776,162.7,151.3,159.7,168.4,158.8,158.3
GENE-7714,NO,118.2,119.6,116.8,0.977,0,0.26,-0.13,9.0e-01,1.0e+00,0.9999,2777,132.9,106.8,119,109.9,139,101.5
GENE-7716,NO,101.8,105.4,98.3,0.933,-0.1,0.26,-0.38,7.0e-01,1.0e+00,0.9999,2778,99.2,92.9,124,108,87.4,99.6
GENE-7719,NO,4,3.3,4.6,1.402,0.5,0.91,0.53,5.9e-01,1.0e+00,0.9999,2779,3,3,4,6.9,4,3
GENE-7720,NO,175.2,144.3,206.1,1.428,0.5,0.3,1.69,9.1e-02,1.0e+00,0.9999,2780,115.1,160.1,157.7,276.3,179.7,162.3
GENE-7721,NO,459.6,469.1,450.1,0.96,-0.1,0.24,-0.25,8.0e-01,1.0e+00,0.9999,2781,570.3,365.8,471.1,422.9,447.7,479.8
GENE-7729,NO,10.9,10.9,10.9,1.003,0,0.6,0.01,9.9e-01,1.0e+00,0.9999,2782,8.9,11.9,11.9,6.9,8.9,16.9
GENE-7735,NO,68.4,61.4,75.5,1.229,0.3,0.31,0.96,3.4e-01,1.0e+00,0.9999,2783,43.6,69.2,71.4,77.3,72.5,76.7
GENE-7739,NO,531.9,511.1,552.8,1.082,0.1,0.3,0.38,7.0e-01,1.0e+00,0.9999,2784,532.6,342,658.6,458.6,598.6,601.3
GENE-7740,NO,65,68.1,61.9,0.91,-0.1,0.32,-0.43,6.7e-01,1.0e+00,0.9999,2785,52.6,63.3,88.3,57.4,61.5,66.7
GENE-7741,NO,6.1,5.6,6.6,1.179,0.2,0.78,0.3,7.6e-01,1.0e+00,0.9999,2786,3,4,9.9,6.9,6,7
GENE-7746,NO,3.8,3.6,4,1.094,0.1,0.95,0.14,8.9e-01,1.0e+00,0.9999,2787,2,4.9,4,5,2,5
GENE-7748,NO,5.5,4.3,6.6,1.542,0.6,0.88,0.71,4.8e-01,1.0e+00,0.9999,2788,5,5.9,2,4,11.9,4
GENE-7749,NO,4.6,3.3,6,1.804,0.9,0.93,0.91,3.6e-01,1.0e+00,0.9999,2789,5,1,4,5.9,3,9
GENE-7762,NO,94.9,95.7,94,0.981,0,0.24,-0.11,9.1e-01,1.0e+00,0.9999,2790,92.2,102.8,92.2,96.1,90.3,95.6
GENE-7763,NO,48217.7,53261.5,43173.9,0.811,-0.3,0.25,-1.23,2.2e-01,1.0e+00,0.9999,2791,53103.8,47028.1,59652.7,34895.2,39584.3,55042.2
GENE-7764,NO,29.4,30,28.8,0.958,-0.1,0.37,-0.17,8.7e-01,1.0e+00,0.9999,2792,25.8,33.6,30.7,27.7,31.8,26.9
GENE-7770,NO,187.4,180.6,194.3,1.076,0.1,0.23,0.46,6.4e-01,1.0e+00,0.9999,2793,174.6,194.7,172.6,212.9,165.8,204.1
GENE-7771,NO,247.7,412.5,82.9,0.201,-2.3,1.64,-1.42,1.6e-01,1.0e+00,0.9999,2794,659.6,416.2,161.7,239.7,6,3
GENE-7776,NO,4.1,5.3,3,0.563,-0.8,1.71,-0.48,6.3e-01,1.0e+00,0.9999,2795,11.9,4,0,0,8.9,0
GENE-7781,NO,41.3,47.9,34.7,0.726,-0.5,0.34,-1.36,1.8e-01,1.0e+00,0.9999,2796,49.6,42.5,51.6,27.7,34.7,41.8
GENE-7786,NO,16.4,15.2,17.5,1.155,0.2,0.47,0.44,6.6e-01,1.0e+00,0.9999,2797,12.9,17.8,14.9,17.8,18.9,15.9
GENE-7793,NO,710.5,714.3,706.6,0.989,0,0.19,-0.08,9.3e-01,1.0e+00,0.9999,2798,777.6,698.9,666.5,733.9,630.4,755.6
GENE-7794,NO,116,123.2,108.9,0.884,-0.2,0.28,-0.64,5.2e-01,1.0e+00,0.9999,2799,127,141.4,101.2,93.1,131,102.5
GENE-7796,NO,12.6,11.9,13.2,1.113,0.2,0.72,0.21,8.3e-01,1.0e+00,0.9999,2800,20.8,11.9,3,19.8,10.9,9
GENE-7798,YES,0.7,0.7,0.7,1.001,0,2.48,0,1.0e+00,1.0e+00,0.9999,2801,0,1,1,2,0,0
GENE-7799,NO,5.6,5,6.3,1.27,0.3,0.76,0.45,6.5e-01,1.0e+00,0.9999,2802,4,6.9,4,6.9,6,6
GENE-7806,NO,33.9,34.7,33.1,0.954,-0.1,0.36,-0.19,8.5e-01,1.0e+00,0.9999,2803,36.7,35.6,31.7,39.6,25.8,33.8
GENE-7810,NO,51.4,51.8,51,0.983,0,0.31,-0.08,9.4e-01,1.0e+00,0.9999,2804,56.5,54.4,44.6,43.6,49.6,59.7
GENE-7813,NO,9.4,9.2,9.6,1.038,0.1,0.63,0.09,9.3e-01,1.0e+00,0.9999,2805,12.9,5.9,8.9,11.9,7.9,9
GENE-7817,NO,1.5,2,1,0.501,-1,1.46,-0.68,4.9e-01,1.0e+00,0.9999,2806,3,1,2,1,1,1
GENE-7818,NO,0.7,0.7,0.7,1.003,0,2.22,0,1.0e+00,1.0e+00,0.9999,2807,1,1,0,0,1,1
GENE-7820,NO,611.1,591.6,630.6,1.066,0.1,0.24,0.38,7.0e-01,1.0e+00,0.9999,2808,551.5,491.3,731.9,581.4,587.7,722.7
GENE-7821,NO,197.8,187.9,207.7,1.106,0.1,0.35,0.41,6.8e-01,1.0e+00,0.9999,2809,151.8,227.4,184.5,218.9,281.9,122.4
GENE-7826,NO,63.6,63.4,63.9,1.007,0,0.28,0.04,9.7e-01,1.0e+00,0.9999,2810,54.6,68.2,67.4,65.4,64.5,61.7
GENE-7828,NO,1.2,0.7,1.7,2.505,1.3,1.72,0.77,4.4e-01,1.0e+00,0.9999,2811,1,0,1,1,2,2
GENE-7830,NO,27.6,24.8,30.5,1.23,0.3,0.5,0.59,5.5e-01,1.0e+00,0.9999,2812,25.8,34.6,13.9,17.8,42.7,30.9
GENE-7832,NO,249.9,242.7,257.1,1.059,0.1,0.24,0.34,7.3e-01,1.0e+00,0.9999,2813,242,288.7,197.4,276.3,270,225
GENE-7842,NO,144.1,145.3,142.9,0.983,0,0.32,-0.08,9.4e-01,1.0e+00,0.9999,2814,170.6,108.7,156.7,189.2,126.1,113.5
GENE-7843,NO,135.4,145.3,125.4,0.863,-0.2,0.23,-0.92,3.5e-01,1.0e+00,0.9999,2815,147.8,138.4,149.8,112.9,139,124.4
GENE-7848,NO,171.4,178.3,164.5,0.922,-0.1,0.22,-0.54,5.9e-01,1.0e+00,0.9999,2816,169.6,198.7,166.6,165.4,161.8,166.3
GENE-7850,NO,253.9,232.2,275.7,1.187,0.2,0.21,1.2,2.3e-01,1.0e+00,0.9999,2817,249.9,203.6,243,283.3,280.9,262.8
GENE-7854,NO,230.4,204.8,256,1.25,0.3,0.33,0.97,3.3e-01,1.0e+00,0.9999,2818,203.3,146.3,264.8,188.2,241.2,338.5
GENE-7855,NO,17.2,17.5,16.9,0.965,-0.1,0.46,-0.11,9.1e-01,1.0e+00,0.9999,2819,17.9,18.8,15.9,13.9,15.9,20.9
GENE-7858,NO,299.7,297.5,301.8,1.014,0,0.24,0.09,9.3e-01,1.0e+00,0.9999,2820,341.2,313.4,238,309,326.6,269.8
GENE-7862,NO,189.5,175,203.9,1.165,0.2,0.22,0.98,3.2e-01,1.0e+00,0.9999,2821,187.5,182.9,154.7,207,182.7,222
GENE-7866,YES,6.6,5,8.3,1.669,0.7,0.75,0.99,3.2e-01,1.0e+00,0.9999,2822,6,3,6,9.9,9.9,5
GENE-7868,NO,3.8,2.7,5,1.878,0.9,1.15,0.79,4.3e-01,1.0e+00,0.9999,2823,2,0,6,6.9,2,6
GENE-7872,NO,1057.8,1020.2,1095.5,1.074,0.1,0.3,0.34,7.3e-01,1.0e+00,0.9999,2824,854,1266.4,940.2,1451,762.4,1073.2
GENE-7873,NO,1595.2,1686.6,1503.7,0.892,-0.2,0.32,-0.51,6.1e-01,1.0e+00,0.9999,2825,2104.7,1933.6,1021.6,1233.1,1467.2,1810.8
GENE-7875,NO,3.5,5,2,0.401,-1.3,1.25,-1.05,2.9e-01,1.0e+00,0.9999,2826,6,0,8.9,2,1,3
GENE-7882,NO,79.8,87.5,72.1,0.824,-0.3,0.3,-0.94,3.5e-01,1.0e+00,0.9999,2827,106.1,66.2,90.3,71.3,66.5,78.6
GENE-7883,NO,5,5,5,1.002,0,0.84,0,1.0e+00,1.0e+00,0.9999,2828,3,4,7.9,4,6.9,4
GENE-7889,NO,19.8,23.8,15.9,0.668,-0.6,0.47,-1.23,2.2e-01,1.0e+00,0.9999,2829,24.8,25.7,20.8,10.9,22.8,13.9
GENE-7894,NO,9.4,10.2,8.6,0.841,-0.3,0.6,-0.42,6.8e-01,1.0e+00,0.9999,2830,7.9,12.9,9.9,9.9,7.9,8
GENE-7897,NO,30.1,31,29.1,0.938,-0.1,0.41,-0.23,8.2e-01,1.0e+00,0.9999,2831,23.8,41.5,27.8,33.7,22.8,30.9
GENE-7898,NO,1.3,0.7,2,3.009,1.6,1.67,0.95,3.4e-01,1.0e+00,0.9999,2832,1,1,0,1,2,3
GENE-7899,NO,0.8,1.3,0.3,0.269,-1.9,2.27,-0.83,4.1e-01,1.0e+00,0.9999,2833,0,2,2,0,1,0
GENE-7908,NO,1,1.3,0.7,0.501,-1,1.95,-0.51,6.1e-01,1.0e+00,0.9999,2834,1,2,1,0,2,0
GENE-7909,NO,1,1.3,0.7,0.501,-1,2.21,-0.45,6.5e-01,1.0e+00,0.9999,2835,3,1,0,0,2,0
GENE-7917,NO,53.6,46.9,60.2,1.284,0.4,0.31,1.17,2.4e-01,1.0e+00,0.9999,2836,38.7,49.4,52.6,59.4,67.5,53.8
GENE-7922,NO,5.6,6.6,4.6,0.701,-0.5,0.79,-0.65,5.2e-01,1.0e+00,0.9999,2837,5,5.9,8.9,6.9,4,3
GENE-7924,NO,262.8,228.9,296.8,1.297,0.4,0.31,1.22,2.2e-01,1.0e+00,0.9999,2838,305.5,194.7,186.5,345.7,323.6,221
GENE-7927,NO,1,0.7,1.3,2.006,1,1.95,0.51,6.1e-01,1.0e+00,0.9999,2839,0,2,0,2,1,1
GENE-7929,NO,65.3,65.4,65.2,0.998,0,0.35,-0.01,9.9e-01,1.0e+00,0.9999,2840,66.5,88,41.7,58.4,63.5,73.7
GENE-7930,NO,191.4,171.1,211.7,1.238,0.3,0.24,1.26,2.1e-01,1.0e+00,0.9999,2841,180.5,158.2,174.6,240.7,227.3,167.2
GENE-7937,NO,26.1,27.7,24.5,0.883,-0.2,0.42,-0.43,6.7e-01,1.0e+00,0.9999,2842,18.8,32.6,31.7,21.8,29.8,21.9
GENE-7939,NO,62.8,55.8,69.8,1.251,0.3,0.33,0.97,3.3e-01,1.0e+00,0.9999,2843,64.5,45.5,57.5,70.3,51.6,87.6
GENE-7940,NO,249.6,261.9,237.3,0.906,-0.1,0.2,-0.71,4.8e-01,1.0e+00,0.9999,2844,236.1,274.8,274.7,239.7,232.3,239.9
GENE-7941,NO,370.1,406.5,333.7,0.821,-0.3,0.21,-1.33,1.8e-01,1.0e+00,0.9999,2845,422.5,421.1,375.9,297.1,312.7,391.2
GENE-7942,NO,62.8,69,56.6,0.821,-0.3,0.54,-0.52,6.0e-01,1.0e+00,0.9999,2846,78.4,82.1,46.6,18.8,50.6,100.5
GENE-7945,YES,1,1.3,0.7,0.501,-1,1.81,-0.55,5.8e-01,1.0e+00,0.9999,2847,1,1,2,1,0,1
GENE-7948,NO,1594.6,1530.4,1658.9,1.084,0.1,0.19,0.62,5.3e-01,1.0e+00,0.9999,2848,1676.2,1506.6,1408.4,1520.3,1823.6,1632.7
GENE-7949,NO,8.3,5.3,11.3,2.129,1.1,0.77,1.42,1.6e-01,1.0e+00,0.9999,2849,6,2,7.9,5.9,17.9,10
GENE-7953,NO,2.1,2.3,2,0.858,-0.2,1.29,-0.17,8.6e-01,1.0e+00,0.9999,2850,5,1,1,3,1,2
GENE-7954,NO,143.5,143.7,143.3,0.998,0,0.24,-0.01,9.9e-01,1.0e+00,0.9999,2851,129.9,140.4,160.7,126.8,154.9,148.3
GENE-7957,NO,715.6,606.4,824.7,1.36,0.4,0.27,1.62,1.1e-01,1.0e+00,0.9999,2852,569.3,498.2,751.8,618,900.4,955.7
GENE-7958,NO,1.7,2.3,1,0.429,-1.2,1.39,-0.87,3.8e-01,1.0e+00,0.9999,2853,3,2,2,1,1,1
GENE-7964,NO,768.9,800.8,737.1,0.92,-0.1,0.21,-0.58,5.6e-01,1.0e+00,0.9999,2854,894.6,823.5,684.3,768.6,655.2,787.5
GENE-7965,NO,426.1,435.3,417,0.958,-0.1,0.22,-0.28,7.8e-01,1.0e+00,0.9999,2855,491,436.9,377.9,478.4,371.3,401.2
GENE-7971,NO,20.2,18.8,21.5,1.143,0.2,0.45,0.42,6.7e-01,1.0e+00,0.9999,2856,19.8,13.8,22.8,16.8,25.8,21.9
GENE-7973,NO,663.2,660.9,665.5,1.007,0,0.2,0.05,9.6e-01,1.0e+00,0.9999,2857,701.2,611.9,669.5,697.3,723.7,575.4
GENE-7974,NO,464.8,482.2,447.4,0.928,-0.1,0.19,-0.56,5.7e-01,1.0e+00,0.9999,2858,505.8,457.7,483,466.5,478.5,397.2
GENE-7976,NO,94.6,94.8,94.4,0.995,0,0.35,-0.02,9.8e-01,1.0e+00,0.9999,2859,129.9,83,71.4,68.3,99.3,115.5
GENE-7980,NO,17,17.2,16.9,0.983,0,0.51,-0.05,9.6e-01,1.0e+00,0.9999,2860,21.8,16.8,12.9,15.8,23.8,11
GENE-7987,NO,227.8,227.2,228.4,1.005,0,0.21,0.04,9.7e-01,1.0e+00,0.9999,2861,210.3,257,214.2,228.8,221.4,234.9
GENE-7989,NO,273.9,321.1,226.6,0.706,-0.5,0.33,-1.52,1.3e-01,1.0e+00,0.9999,2862,422.5,197.7,343.2,245.6,252.1,182.2
GENE-7990,NO,13.1,12.2,13.9,1.137,0.2,0.62,0.3,7.6e-01,1.0e+00,0.9999,2863,9.9,18.8,7.9,17.8,16.9,7
GENE-7992,NO,3421.9,3469.8,3374,0.972,0,0.25,-0.16,8.7e-01,1.0e+00,0.9999,2864,4082.4,3524.2,2802.8,4122.2,3170.6,2829.3
GENE-7996,NO,12.6,13.9,11.2,0.811,-0.3,0.54,-0.56,5.8e-01,1.0e+00,0.9999,2865,11.9,12.9,16.9,8.9,9.9,14.9
GENE-7998,NO,2.8,1.7,4,2.406,1.3,1.14,1.11,2.7e-01,1.0e+00,0.9999,2866,1,3,1,3,6,3
GENE-8007,NO,82.2,86.9,77.4,0.891,-0.2,0.39,-0.43,6.7e-01,1.0e+00,0.9999,2867,97.2,57.3,106.1,104,47.6,80.6
GENE-8010,NO,1.2,1.3,1,0.752,-0.4,1.68,-0.24,8.1e-01,1.0e+00,0.9999,2868,2,1,1,0,1,2
GENE-8011,NO,380.4,392.1,368.8,0.941,-0.1,0.25,-0.35,7.2e-01,1.0e+00,0.9999,2869,424.5,310.4,441.3,344.7,322.6,439
GENE-8013,NO,873.1,926.7,819.5,0.884,-0.2,0.28,-0.62,5.3e-01,1.0e+00,0.9999,2870,863.9,920.4,995.8,902.3,1020.5,535.6
GENE-8016,NO,217,246.7,187.3,0.759,-0.4,0.27,-1.48,1.4e-01,1.0e+00,0.9999,2871,288.6,229.3,222.2,237.7,154.9,169.2
GENE-8022,NO,15.2,15.5,14.9,0.96,-0.1,0.72,-0.08,9.3e-01,1.0e+00,0.9999,2872,16.9,26.7,3,21.8,11.9,11
GENE-8027,NO,436.1,388.7,483.6,1.244,0.3,0.24,1.29,2.0e-01,1.0e+00,0.9999,2873,309.5,393.4,463.2,413,536.1,501.7
GENE-8029,YES,4,4,4,1.002,0,0.88,0,1.0e+00,1.0e+00,0.9999,2874,3,4,5,4,4,4
GENE-8032,NO,111.9,102.1,121.8,1.194,0.3,0.23,1.1,2.7e-01,1.0e+00,0.9999,2875,102.2,98.9,105.1,115.9,129,120.5
GENE-8036,NO,403.1,420.9,385.2,0.915,-0.1,0.32,-0.39,6.9e-01,1.0e+00,0.9999,2876,420.5,550.6,291.6,473.4,276,406.2
GENE-8038,NO,90.4,90.5,90.3,0.998,0,0.31,-0.01,9.9e-01,1.0e+00,0.9999,2877,105.1,78.1,88.3,90.1,115.2,65.7
GENE-8040,NO,151.9,164.4,139.3,0.847,-0.2,0.26,-0.93,3.5e-01,1.0e+00,0.9999,2878,177.5,186.8,128.9,145.6,146.9,125.4
GENE-8044,NO,28.9,32.3,25.5,0.788,-0.3,0.42,-0.81,4.2e-01,1.0e+00,0.9999,2879,32.7,39.5,24.8,16.8,26.8,32.9
GENE-8049,NO,94.6,84.6,104.6,1.237,0.3,0.25,1.21,2.3e-01,1.0e+00,0.9999,2880,75.4,82.1,96.2,99,104.2,110.5
GENE-8060,NO,16.9,18.2,15.6,0.856,-0.2,0.5,-0.45,6.5e-01,1.0e+00,0.9999,2881,17.9,16.8,19.8,19.8,17.9,9
GENE-8068,NO,38.5,47.3,29.8,0.631,-0.7,0.51,-1.3,1.9e-01,1.0e+00,0.9999,2882,65.5,23.7,52.6,35.7,14.9,38.8
GENE-8070,NO,30.6,30.4,30.8,1.013,0,0.42,0.05,9.6e-01,1.0e+00,0.9999,2883,24.8,41.5,24.8,36.6,32.8,22.9
GENE-8073,NO,354.2,368.9,339.6,0.92,-0.1,0.21,-0.56,5.7e-01,1.0e+00,0.9999,2884,405.7,325.2,375.9,315,384.2,319.6
GENE-8074,NO,10.9,12.6,9.3,0.739,-0.4,0.6,-0.73,4.7e-01,1.0e+00,0.9999,2885,14.9,10.9,11.9,5,12.9,10
GENE-8075,NO,2.8,2.7,3,1.127,0.2,1.08,0.16,8.7e-01,1.0e+00,0.9999,2886,3,3,2,4,4,1
GENE-8082,NO,195.4,190.5,200.3,1.051,0.1,0.26,0.27,7.8e-01,1.0e+00,0.9999,2887,152.7,237.3,181.5,175.3,204.5,221
GENE-8090,NO,573,505.3,640.7,1.268,0.3,0.3,1.16,2.5e-01,1.0e+00,0.9999,2888,360,450.8,705.2,694.3,576.8,651.1
GENE-8092,NO,2.1,1.7,2.7,1.602,0.7,1.27,0.54,5.9e-01,1.0e+00,0.9999,2889,3,1,1,3,4,1
GENE-8093,NO,1.2,1.7,0.7,0.401,-1.3,1.88,-0.7,4.8e-01,1.0e+00,0.9999,2890,0,2,3,0,1,1
GENE-8094,NO,350,341.8,358.2,1.048,0.1,0.31,0.22,8.3e-01,1.0e+00,0.9999,2891,297.6,310.4,417.5,251.6,483.4,339.5
GENE-8097,NO,252.4,236.5,268.4,1.135,0.2,0.22,0.81,4.2e-01,1.0e+00,0.9999,2892,250.9,225.4,233.1,290.2,220.4,294.7
GENE-8100,NO,4749.6,5021.4,4477.8,0.892,-0.2,0.23,-0.71,4.7e-01,1.0e+00,0.9999,2893,3999.1,5276,5789.1,3845.9,5040.9,4546.5
GENE-8103,NO,4.8,5,4.7,0.935,-0.1,0.82,-0.12,9.1e-01,1.0e+00,0.9999,2894,6,4,5,5,3,6
GENE-8107,NO,8.1,8.6,7.6,0.887,-0.2,0.66,-0.26,7.9e-01,1.0e+00,0.9999,2895,9.9,9.9,6,9.9,5,8
GENE-8109,NO,148.3,152.3,144.3,0.948,-0.1,0.23,-0.33,7.4e-01,1.0e+00,0.9999,2896,166.6,141.4,148.8,156.5,151.9,124.4
GENE-8120,NO,105.8,88.8,122.7,1.382,0.5,0.3,1.58,1.1e-01,1.0e+00,0.9999,2897,104.1,77.1,85.3,157.5,104.2,106.5
GENE-8121,NO,5.5,5.6,5.3,0.943,-0.1,0.8,-0.11,9.2e-01,1.0e+00,0.9999,2898,7.9,4.9,4,5.9,3,7
GENE-8123,NO,1618.7,1620,1617.4,0.998,0,0.19,-0.01,9.9e-01,1.0e+00,0.9999,2899,1846.8,1449.2,1564.1,1572.8,1673.7,1605.8
GENE-8131,NO,36.2,38,34.4,0.907,-0.1,0.38,-0.37,7.1e-01,1.0e+00,0.9999,2900,34.7,34.6,44.6,22.8,40.7,39.8
GENE-8134,NO,18.7,21.5,15.9,0.74,-0.4,0.47,-0.92,3.6e-01,1.0e+00,0.9999,2901,28.8,17.8,17.9,14.9,18.9,13.9
GENE-8136,NO,109.9,104.4,115.5,1.107,0.1,0.25,0.59,5.6e-01,1.0e+00,0.9999,2902,100.2,110.7,102.2,122.8,126.1,97.6
GENE-8138,NO,146.3,141,151.6,1.075,0.1,0.25,0.41,6.8e-01,1.0e+00,0.9999,2903,161.7,135.4,126,125.8,154.9,174.2
GENE-8142,NO,46.9,49.2,44.7,0.908,-0.1,0.31,-0.45,6.5e-01,1.0e+00,0.9999,2904,46.6,53.4,47.6,41.6,45.7,46.8
GENE-8145,NO,24,21.4,26.5,1.233,0.3,0.39,0.77,4.4e-01,1.0e+00,0.9999,2905,22.8,21.7,19.8,25.8,26.8,26.9
GENE-8152,NO,690.9,723.5,658.3,0.91,-0.1,0.19,-0.71,4.8e-01,1.0e+00,0.9999,2906,642.7,735.5,792.4,628.9,637.3,708.8
GENE-8154,NO,136.1,124.8,147.3,1.18,0.2,0.23,1.03,3.0e-01,1.0e+00,0.9999,2907,135.9,110.7,127.9,139.7,157.8,144.4
GENE-8155,NO,25.6,27.4,23.8,0.869,-0.2,0.39,-0.51,6.1e-01,1.0e+00,0.9999,2908,30.7,22.7,28.8,24.8,25.8,20.9
GENE-8158,NO,1.8,1.7,2,1.203,0.3,1.58,0.17,8.7e-01,1.0e+00,0.9999,2909,3,0,2,2,0,4
GENE-8159,NO,817.4,797.6,837.2,1.05,0.1,0.17,0.41,6.8e-01,1.0e+00,0.9999,2910,806.4,799.8,786.5,903.3,797.1,811.3
GENE-8160,NO,2.3,2.3,2.3,1.002,0,1.5,0,1.0e+00,1.0e+00,0.9999,2911,4,3,0,5,0,2
GENE-8164,NO,146.6,154.6,138.7,0.897,-0.2,0.28,-0.57,5.7e-01,1.0e+00,0.9999,2912,123,154.2,186.5,131.7,120.1,164.3
GENE-8165,NO,2672.8,2769.2,2576.5,0.93,-0.1,0.16,-0.64,5.2e-01,1.0e+00,0.9999,2913,2652.2,2988.4,2666.9,2595.9,2578,2555.5
GENE-8169,NO,44.8,48.2,41.4,0.858,-0.2,0.44,-0.51,6.1e-01,1.0e+00,0.9999,2914,44.6,47.5,52.6,49.5,18.9,55.7
GENE-8170,NO,134.4,126.5,142.3,1.125,0.2,0.25,0.68,4.9e-01,1.0e+00,0.9999,2915,144.8,127.5,107.1,152.5,126.1,148.3
GENE-8173,NO,75.4,65.1,85.7,1.318,0.4,0.35,1.13,2.6e-01,1.0e+00,0.9999,2916,89.3,60.3,45.6,73.3,77.4,106.5
GENE-8174,NO,121.1,130.8,111.5,0.853,-0.2,0.3,-0.78,4.4e-01,1.0e+00,0.9999,2917,96.2,133.5,162.7,127.8,112.2,94.6
GENE-8176,NO,1309.5,1384.8,1234.3,0.891,-0.2,0.21,-0.78,4.4e-01,1.0e+00,0.9999,2918,1205.1,1606.4,1342.9,1409.4,1135.6,1157.8
GENE-8177,NO,65.3,69.4,61.2,0.883,-0.2,0.32,-0.57,5.7e-01,1.0e+00,0.9999,2919,68.4,54.4,85.3,69.3,63.5,50.8
GENE-8180,NO,6.1,5,7.3,1.47,0.6,0.8,0.7,4.8e-01,1.0e+00,0.9999,2920,4,4,6.9,5.9,4,11.9
GENE-8182,NO,99.9,93.1,106.6,1.145,0.2,0.33,0.58,5.6e-01,1.0e+00,0.9999,2921,69.4,105.8,104.1,93.1,82.4,144.4
GENE-8184,NO,71.1,67.1,75.1,1.121,0.2,0.3,0.56,5.8e-01,1.0e+00,0.9999,2922,52.6,72.2,76.4,70.3,85.4,69.7
GENE-8185,NO,77.7,80,75.5,0.944,-0.1,0.52,-0.16,8.7e-01,1.0e+00,0.9999,2923,134.9,52.4,52.6,34.7,114.2,77.7
GENE-8187,NO,20228.5,19153,21303.9,1.112,0.2,0.24,0.64,5.2e-01,1.0e+00,0.9999,2924,17844.1,21065.4,18549.6,27317.4,18808.4,17785.9
GENE-8189,NO,183.1,161.1,205.1,1.273,0.3,0.26,1.35,1.8e-01,1.0e+00,0.9999,2925,168.6,178.9,135.9,234.7,217.4,163.3
GENE-8190,NO,95.1,90.2,100,1.109,0.1,0.27,0.56,5.8e-01,1.0e+00,0.9999,2926,89.3,94.9,86.3,85.2,120.1,94.6
GENE-8191,NO,21.8,25.5,18.2,0.716,-0.5,0.44,-1.08,2.8e-01,1.0e+00,0.9999,2927,17.9,29.7,28.8,14.9,18.9,20.9
GENE-8194,NO,0.7,0.7,0.7,1.001,0,2.22,0,1.0e+00,1.0e+00,0.9999,2928,1,0,1,1,1,0
GENE-8195,NO,99,95.1,103,1.083,0.1,0.32,0.36,7.2e-01,1.0e+00,0.9999,2929,75.4,99.8,110.1,85.2,86.4,137.4
GENE-8207,NO,44.8,45.9,43.7,0.952,-0.1,0.32,-0.22,8.2e-01,1.0e+00,0.9999,2930,45.6,48.4,43.6,36.6,49.6,44.8
GENE-8209,NO,1167.1,1172.9,1161.3,0.99,0,0.22,-0.07,9.5e-01,1.0e+00,0.9999,2931,1353.9,1029.1,1135.6,1041.9,1339.1,1103
GENE-8211,NO,7.9,6.9,8.9,1.288,0.4,0.67,0.55,5.8e-01,1.0e+00,0.9999,2932,6.9,7.9,6,12.9,6.9,7
GENE-8212,NO,6.9,5,9,1.803,0.9,0.87,0.98,3.3e-01,1.0e+00,0.9999,2933,4,4.9,6,5,18.9,3
GENE-8224,NO,3.1,3.3,3,0.902,-0.1,1.01,-0.15,8.8e-01,1.0e+00,0.9999,2934,4,4,2,2,4,3
GENE-8225,NO,0.8,0.7,1,1.503,0.6,2.07,0.28,7.8e-01,1.0e+00,0.9999,2935,1,0,1,1,0,2
GENE-8230,NO,2.3,1.7,3,1.803,0.9,1.26,0.67,5.0e-01,1.0e+00,0.9999,2936,3,0,2,4,2,3
GENE-8232,NO,613.9,590.9,637,1.078,0.1,0.24,0.45,6.6e-01,1.0e+00,0.9999,2937,730,488.4,554.4,677.5,688.9,544.5
GENE-8233,NO,26.8,30,23.5,0.782,-0.4,0.38,-0.93,3.5e-01,1.0e+00,0.9999,2938,31.7,32.6,25.8,23.8,24.8,21.9
GENE-8235,NO,19.8,21.1,18.5,0.877,-0.2,0.56,-0.34,7.3e-01,1.0e+00,0.9999,2939,29.8,23.7,9.9,23.8,20.8,11
GENE-8241,NO,895.9,928.9,862.9,0.929,-0.1,0.19,-0.57,5.7e-01,1.0e+00,0.9999,2940,1010.7,947,829.1,807.2,912.3,869.1
GENE-8243,NO,230.7,236.3,225.1,0.952,-0.1,0.28,-0.25,8.0e-01,1.0e+00,0.9999,2941,178.5,316.3,214.2,218.9,217.4,238.9
GENE-8249,NO,2,1.3,2.7,2.003,1,1.44,0.69,4.9e-01,1.0e+00,0.9999,2942,1,0,3,1,5,2
GENE-8252,NO,120,109.6,130.4,1.189,0.2,0.26,0.98,3.3e-01,1.0e+00,0.9999,2943,119,102.8,107.1,151.5,108.2,131.4
GENE-8253,NO,391.8,395.7,387.9,0.98,0,0.18,-0.16,8.8e-01,1.0e+00,0.9999,2944,398.7,384.6,403.7,402.1,359.4,402.2
GENE-8254,NO,516.4,658.6,374.1,0.568,-0.8,0.57,-1.44,1.5e-01,1.0e+00,0.9999,2945,1166.4,253.1,556.4,604.2,159.8,358.4
GENE-8255,NO,2.5,2,3,1.503,0.6,1.14,0.52,6.1e-01,1.0e+00,0.9999,2946,3,1,2,2,4,3
GENE-8259,NO,48.1,44.2,51.9,1.174,0.2,0.3,0.77,4.4e-01,1.0e+00,0.9999,2947,44.6,45.5,42.6,47.5,52.6,55.7
GENE-8260,NO,1.3,1.3,1.3,1.004,0,1.76,0,1.0e+00,1.0e+00,0.9999,2948,1,3,0,0,2,2
GENE-8267,NO,96,95.4,96.6,1.013,0,0.37,0.05,9.6e-01,1.0e+00,0.9999,2949,67.4,145.3,73.4,103,105.2,81.6
GENE-8269,NO,40,36.9,43,1.165,0.2,1.33,0.17,8.7e-01,1.0e+00,0.9999,2950,2,95.9,12.9,66.4,23.8,38.8
GENE-8275,NO,523.9,495,552.8,1.117,0.2,0.2,0.8,4.2e-01,1.0e+00,0.9999,2951,434.4,526.9,523.7,505.1,587.7,565.5
GENE-8278,NO,674.6,822.3,526.8,0.641,-0.6,0.4,-1.61,1.1e-01,1.0e+00,0.9999,2952,1307.2,541.7,617.9,362.5,517.2,700.8
GENE-8280,NO,942.1,864.6,1019.5,1.179,0.2,0.27,0.88,3.8e-01,1.0e+00,0.9999,2953,1015.6,862,716.1,1066.7,749.5,1242.4
GENE-8282,NO,122.3,115.9,128.8,1.111,0.2,0.26,0.58,5.6e-01,1.0e+00,0.9999,2954,94.2,119.6,133.9,112.9,140,133.4
GENE-8285,NO,34.5,35,34.1,0.974,0,0.37,-0.1,9.2e-01,1.0e+00,0.9999,2955,45.6,29.7,29.8,35.7,33.8,32.9
GENE-8287,NO,198.7,189.9,207.5,1.093,0.1,0.23,0.55,5.9e-01,1.0e+00,0.9999,2956,219.2,160.1,190.4,186.2,217.4,219
GENE-8288,NO,730,831,628.9,0.757,-0.4,0.29,-1.38,1.7e-01,1.0e+00,0.9999,2957,828.2,690,974.9,670.5,428.8,787.5
GENE-8291,NO,0.7,0.3,1,2.797,1.5,2.2,0.68,5.0e-01,1.0e+00,0.9999,2958,1,0,0,1,1,1
GENE-8295,NO,14.6,14.2,14.9,1.049,0.1,0.57,0.12,9.0e-01,1.0e+00,0.9999,2959,12.9,10.9,18.8,7.9,22.8,13.9
GENE-8296,NO,7.1,9.2,5,0.537,-0.9,0.71,-1.27,2.0e-01,1.0e+00,0.9999,2960,8.9,10.9,7.9,3,6,6
GENE-8301,NO,2.5,2.7,2.3,0.876,-0.2,1.34,-0.14,8.9e-01,1.0e+00,0.9999,2961,2,0,6,4,2,1
GENE-8308,NO,1034,1036.6,1031.5,0.995,0,0.28,-0.02,9.8e-01,1.0e+00,0.9999,2962,1411.4,795.8,902.5,891.4,1025.4,1177.7
GENE-8310,NO,2.8,2,3.7,1.837,0.9,1.17,0.75,4.5e-01,1.0e+00,0.9999,2963,0,2,4,4,3,4
GENE-8311,NO,8.6,8.6,8.6,1.002,0,0.67,0,1.0e+00,1.0e+00,0.9999,2964,8.9,4,12.9,7.9,9.9,8
GENE-8313,NO,872,854.4,889.5,1.041,0.1,0.27,0.21,8.3e-01,1.0e+00,0.9999,2965,662.5,778,1122.7,762.6,882.5,1023.4
GENE-8316,NO,6.9,6.3,7.6,1.213,0.3,0.7,0.4,6.9e-01,1.0e+00,0.9999,2966,7.9,4.9,6,6.9,9.9,6
GENE-8324,NO,18,18.5,17.5,0.948,-0.1,0.53,-0.15,8.8e-01,1.0e+00,0.9999,2967,14.9,12.9,27.8,19.8,21.8,11
GENE-8325,NO,582.1,607.9,556.3,0.915,-0.1,0.17,-0.76,4.5e-01,1.0e+00,0.9999,2968,604,620.8,599,560.6,571.8,536.6
GENE-8326,NO,845.8,799,892.6,1.117,0.2,0.27,0.59,5.6e-01,1.0e+00,0.9999,2969,901.6,728.6,766.7,1197.4,686.9,793.4
GENE-8327,NO,4.8,4.7,5,1.073,0.1,0.87,0.12,9.1e-01,1.0e+00,0.9999,2970,6,4,4,7.9,5,2
GENE-8329,NO,594.3,628.6,560,0.891,-0.2,0.23,-0.71,4.8e-01,1.0e+00,0.9999,2971,613.9,498.2,773.6,569.5,544,566.5
GENE-8332,NO,403.5,414.2,392.8,0.949,-0.1,0.19,-0.4,6.9e-01,1.0e+00,0.9999,2972,449.3,383.6,409.6,416,368.3,394.2
GENE-8334,NO,15.4,16.8,13.9,0.825,-0.3,0.49,-0.56,5.7e-01,1.0e+00,0.9999,2973,20.8,16.8,12.9,15.8,12.9,12.9
GENE-8336,NO,403.6,434,373.1,0.86,-0.2,0.29,-0.74,4.6e-01,1.0e+00,0.9999,2974,407.6,384.6,509.8,514,308.7,296.7
GENE-8343,NO,3.5,2.3,4.6,2.003,1,1.06,0.94,3.5e-01,1.0e+00,0.9999,2975,5,1,1,5.9,5,3
GENE-8345,NO,25.1,28.4,21.8,0.769,-0.4,0.41,-0.93,3.5e-01,1.0e+00,0.9999,2976,27.8,26.7,30.7,16.8,27.8,20.9
GENE-8351,NO,114.1,101.1,127.1,1.257,0.3,0.32,1.04,3.0e-01,1.0e+00,0.9999,2977,95.2,78.1,129.9,144.6,94.3,142.4
GENE-8357,NO,30.3,28.4,32.1,1.13,0.2,0.54,0.33,7.4e-01,1.0e+00,0.9999,2978,19.8,18.8,46.6,42.6,15.9,37.8
GENE-8358,NO,340.2,331.8,348.5,1.05,0.1,0.47,0.15,8.8e-01,1.0e+00,0.9999,2979,431.4,359.8,204.3,545.7,356.4,143.4
GENE-8378,NO,217.1,199.9,234.3,1.172,0.2,0.47,0.49,6.2e-01,1.0e+00,0.9999,2980,277.7,88,234.1,325.9,132,244.9
GENE-8382,NO,11.1,10.9,11.3,1.032,0,0.55,0.08,9.3e-01,1.0e+00,0.9999,2981,8.9,10.9,12.9,11.9,10.9,11
GENE-8391,NO,1,0.7,1.3,2.005,1,1.81,0.55,5.8e-01,1.0e+00,0.9999,2982,0,1,1,1,2,1
GENE-8393,NO,207,187.9,226.1,1.203,0.3,0.24,1.1,2.7e-01,1.0e+00,0.9999,2983,154.7,192.8,216.2,229.8,197.5,250.9
GENE-8399,NO,4.5,4,5,1.252,0.3,0.89,0.36,7.2e-01,1.0e+00,0.9999,2984,6,2,4,5,6.9,3
GENE-8401,NO,26,23.8,28.1,1.183,0.2,0.5,0.49,6.2e-01,1.0e+00,0.9999,2985,21.8,15.8,33.7,15.8,38.7,29.9
GENE-8404,NO,77.5,74.6,80.4,1.078,0.1,0.26,0.42,6.7e-01,1.0e+00,0.9999,2986,76.4,77.1,70.4,81.2,79.4,80.6
GENE-8409,NO,162.7,169.4,155.9,0.92,-0.1,0.23,-0.53,5.9e-01,1.0e+00,0.9999,2987,187.5,161.1,159.7,161.4,140,166.3
GENE-8413,NO,12.9,14.5,11.3,0.774,-0.4,0.56,-0.66,5.1e-01,1.0e+00,0.9999,2988,9.9,13.8,19.8,13.9,11.9,8
GENE-8419,NO,3.5,3.6,3.3,0.911,-0.1,1.07,-0.13,9.0e-01,1.0e+00,0.9999,2989,6.9,2,2,5,1,4
GENE-8423,NO,26.3,28.4,24.2,0.851,-0.2,0.4,-0.59,5.6e-01,1.0e+00,0.9999,2990,30.7,24.7,29.8,27.7,18.9,25.9
GENE-8428,NO,2.6,4.3,1,0.231,-2.1,1.39,-1.52,1.3e-01,1.0e+00,0.9999,2991,4,7.9,1,1,2,0
GENE-8435,NO,106,103.3,108.6,1.05,0.1,0.24,0.29,7.7e-01,1.0e+00,0.9999,2992,104.1,108.7,97.2,104,122.1,99.6
GENE-8443,NO,1005.2,907.2,1103.2,1.216,0.3,0.2,1.42,1.6e-01,1.0e+00,0.9999,2993,1055.3,856.1,810.3,1061.8,1071.1,1176.7
GENE-8444,NO,61.2,49.5,72.8,1.47,0.6,0.33,1.71,8.8e-02,1.0e+00,0.9999,2994,56.5,40.5,51.6,84.2,54.6,79.6
GENE-8446,NO,1556.2,1474.4,1638.1,1.111,0.2,0.19,0.81,4.2e-01,1.0e+00,0.9999,2995,1300.3,1601.5,1521.4,1705.5,1701.5,1507.2
GENE-8448,NO,576.6,609.6,543.7,0.892,-0.2,0.22,-0.76,4.5e-01,1.0e+00,0.9999,2996,504.8,644.5,679.4,598.2,535.1,497.8
GENE-8449,NO,28.6,25.8,31.4,1.221,0.3,0.39,0.73,4.7e-01,1.0e+00,0.9999,2997,27.8,19.8,29.8,29.7,26.8,37.8
GENE-8458,NO,540.3,513.9,566.8,1.103,0.1,0.26,0.55,5.8e-01,1.0e+00,0.9999,2998,445.3,456.7,639.7,457.6,586.7,656
GENE-8460,NO,2,1.3,2.7,2.007,1,1.39,0.72,4.7e-01,1.0e+00,0.9999,2999,1,2,1,1,1,6
GENE-8461,NO,156.9,171.7,142,0.827,-0.3,0.22,-1.25,2.1e-01,1.0e+00,0.9999,3000,161.7,170,183.5,143.6,131,151.3
GENE-8464,NO,325.7,354.7,296.6,0.836,-0.3,0.25,-1.05,2.9e-01,1.0e+00,0.9999,3001,447.3,309.4,307.5,270.4,304.8,314.6
GENE-8465,NO,279.4,251.7,307.1,1.22,0.3,0.24,1.18,2.4e-01,1.0e+00,0.9999,3002,284.7,192.8,277.7,332.8,302.8,285.7
GENE-8466,NO,23.3,21.8,24.8,1.14,0.2,0.46,0.41,6.8e-01,1.0e+00,0.9999,3003,18.8,30.6,15.9,17.8,26.8,29.9
GENE-8472,NO,139.5,144.4,134.7,0.933,-0.1,0.28,-0.35,7.2e-01,1.0e+00,0.9999,3004,183.5,122.6,127,132.7,156.8,114.5
GENE-8474,NO,426.1,435.2,417,0.958,-0.1,0.21,-0.29,7.7e-01,1.0e+00,0.9999,3005,373.9,448.8,483,415,459.6,376.3
GENE-8475,NO,57.7,55.8,59.6,1.067,0.1,0.29,0.33,7.4e-01,1.0e+00,0.9999,3006,50.6,61.3,55.5,64.4,55.6,58.7
GENE-8476,NO,4791.9,4911.4,4672.3,0.951,-0.1,0.22,-0.32,7.5e-01,1.0e+00,0.9999,3007,4149.8,5753.5,4831,3965.7,4765.9,5285.2
GENE-8478,NO,515.4,526.2,504.6,0.959,-0.1,0.35,-0.17,8.6e-01,1.0e+00,0.9999,3008,546.5,400.4,631.8,469.5,730.6,313.6
GENE-8489,NO,88.1,77.9,98.3,1.261,0.3,0.26,1.26,2.1e-01,1.0e+00,0.9999,3009,69.4,83,81.3,112.9,90.3,91.6
GENE-8498,NO,10.7,10.6,10.9,1.033,0,0.71,0.07,9.5e-01,1.0e+00,0.9999,3010,12.9,3,15.9,14.9,6.9,11
GENE-8501,NO,152.8,147.6,157.9,1.069,0.1,0.22,0.44,6.6e-01,1.0e+00,0.9999,3011,140.8,138.4,163.6,152.5,155.9,165.3
GENE-8502,NO,319.2,311.4,327,1.05,0.1,0.2,0.36,7.2e-01,1.0e+00,0.9999,3012,290.6,341.1,302.5,316,315.7,349.4
GENE-8503,NO,442.4,436,448.8,1.03,0,0.24,0.17,8.6e-01,1.0e+00,0.9999,3013,447.3,374.7,486,456.6,361.3,528.6
GENE-8507,NO,148.1,172,124.1,0.721,-0.5,0.26,-1.79,7.4e-02,1.0e+00,0.9999,3014,190.4,184.9,140.8,127.8,102.2,142.4
GENE-8512,NO,39.7,38,41.3,1.089,0.1,0.55,0.22,8.2e-01,1.0e+00,0.9999,3015,54.6,35.6,23.8,39.6,68.5,15.9
GENE-8515,NO,1143.6,1173.4,1113.7,0.949,-0.1,0.16,-0.46,6.4e-01,1.0e+00,0.9999,3016,1219,1111.1,1190.2,1108.3,1091,1141.9
GENE-8517,NO,118.9,115.6,122.2,1.057,0.1,0.39,0.21,8.4e-01,1.0e+00,0.9999,3017,119,123.6,104.1,91.1,78.4,197.1
GENE-8523,NO,532.6,638.6,426.6,0.668,-0.6,0.48,-1.22,2.2e-01,1.0e+00,0.9999,3018,1048.4,403.3,464.2,529.9,554.9,195.1
GENE-8526,NO,384,357.9,410.1,1.146,0.2,0.21,0.92,3.6e-01,1.0e+00,0.9999,3019,373.9,401.4,298.5,386.3,420.9,423.1
GENE-8527,NO,1858.3,1637.7,2078.9,1.269,0.3,0.28,1.22,2.2e-01,1.0e+00,0.9999,3020,1396.5,1290.1,2226.6,2310.7,2212.7,1713.3
GENE-8528,NO,242.8,243.1,242.6,0.998,0,0.21,-0.01,9.9e-01,1.0e+00,0.9999,3021,275.7,226.4,227.1,255.5,235.3,236.9
GENE-8532,NO,3719.8,3866.7,3572.8,0.924,-0.1,0.24,-0.48,6.3e-01,1.0e+00,0.9999,3022,4403.7,3059.6,4136.8,2952.5,3872.5,3893.5
GENE-8533,NO,23.1,25.4,20.9,0.82,-0.3,0.42,-0.68,4.9e-01,1.0e+00,0.9999,3023,22.8,28.7,24.8,24.8,15.9,21.9
GENE-8534,NO,0.7,0.3,1,2.792,1.5,2.86,0.52,6.0e-01,1.0e+00,0.9999,3024,1,0,0,3,0,0
GENE-8537,NO,4.5,4,5,1.253,0.3,0.86,0.38,7.1e-01,1.0e+00,0.9999,3025,2,4.9,5,5,6,4
GENE-8538,NO,1.5,2,1,0.501,-1,1.5,-0.66,5.1e-01,1.0e+00,0.9999,3026,1,1,4,1,1,1
GENE-8550,NO,7.1,5.9,8.3,1.392,0.5,0.7,0.68,5.0e-01,1.0e+00,0.9999,3027,6.9,5.9,5,5,9.9,10
GENE-8559,NO,1896,1829.6,1962.4,1.073,0.1,0.2,0.49,6.2e-01,1.0e+00,0.9999,3028,1916.2,2065.1,1507.5,2088.8,1905,1893.5
GENE-8566,NO,1.8,1.7,2,1.202,0.3,1.33,0.2,8.4e-01,1.0e+00,0.9999,3029,3,1,1,2,3,1
GENE-8567,NO,273.7,389.4,158,0.406,-1.3,1.12,-1.16,2.5e-01,1.0e+00,0.9999,3030,214.2,47.5,906.5,75.3,152.9,245.9
GENE-8568,NO,10.2,9.2,11.2,1.217,0.3,0.58,0.48,6.3e-01,1.0e+00,0.9999,3031,9.9,8.9,8.9,13.9,7.9,11.9
GENE-8569,NO,38.9,36,41.7,1.158,0.2,0.42,0.5,6.2e-01,1.0e+00,0.9999,3032,43.6,22.7,41.7,40.6,55.6,28.9
GENE-8574,NO,1.2,0.7,1.7,2.501,1.3,2.14,0.62,5.4e-01,1.0e+00,0.9999,3033,0,0,2,4,0,1
GENE-8575,NO,2889.7,2801.4,2978,1.063,0.1,0.32,0.28,7.8e-01,1.0e+00,0.9999,3034,2057.1,3786.2,2560.8,2148.3,3806,2979.6
GENE-8578,NO,493.5,415.9,571.1,1.373,0.5,0.4,1.16,2.5e-01,1.0e+00,0.9999,3035,678.4,329.2,240,583.4,679,451
GENE-8584,NO,70.6,69,72.2,1.045,0.1,0.31,0.2,8.4e-01,1.0e+00,0.9999,3036,76.4,49.4,81.3,66.4,68.5,81.6
GENE-8589,NO,5.6,5.9,5.3,0.891,-0.2,0.82,-0.2,8.4e-01,1.0e+00,0.9999,3037,3,7.9,6.9,5,3,8
GENE-8591,NO,15.9,15.8,15.9,1.003,0,0.57,0.01,9.9e-01,1.0e+00,0.9999,3038,20.8,16.8,9.9,12.9,9.9,24.9
GENE-8595,NO,119.9,101.1,138.6,1.372,0.5,0.26,1.77,7.7e-02,1.0e+00,0.9999,3039,122,94.9,86.3,143.6,145.9,126.4
GENE-8596,NO,38.5,38.3,38.7,1.011,0,0.35,0.04,9.6e-01,1.0e+00,0.9999,3040,39.7,44.5,30.7,43.6,35.7,36.8
GENE-8597,NO,8.6,6.9,10.2,1.48,0.6,0.63,0.9,3.7e-01,1.0e+00,0.9999,3041,7.9,6.9,6,8.9,8.9,12.9
GENE-8602,NO,9850.3,10263.6,9437,0.919,-0.1,0.35,-0.34,7.3e-01,1.0e+00,0.9999,3042,13755.7,7606,9429,11112.8,11610.4,5587.8
GENE-8604,NO,4946.3,5218.2,4674.5,0.896,-0.2,0.27,-0.59,5.5e-01,1.0e+00,0.9999,3043,5196.2,5187,5271.4,3399.2,6268.8,4355.4
GENE-8605,NO,1021.8,1054.7,988.8,0.938,-0.1,0.23,-0.4,6.9e-01,1.0e+00,0.9999,3044,1003.7,1179.4,980.9,915.2,835.8,1215.5
GENE-8606,NO,56.5,66.3,46.7,0.704,-0.5,0.76,-0.66,5.1e-01,1.0e+00,0.9999,3045,14.9,110.7,73.4,41.6,9.9,88.6
GENE-8607,NO,8.3,7.6,8.9,1.177,0.2,0.74,0.32,7.5e-01,1.0e+00,0.9999,3046,6.9,11.9,4,5.9,14.9,6
GENE-8610,NO,82.5,94.4,70.5,0.746,-0.4,0.32,-1.32,1.9e-01,1.0e+00,0.9999,3047,128.9,74.1,80.3,75.3,64.5,71.7
GENE-8620,NO,294.8,305.7,283.8,0.928,-0.1,0.28,-0.39,7.0e-01,1.0e+00,0.9999,3048,290.6,363.8,262.8,369.4,244.2,237.9
GENE-8623,NO,2,2.3,1.7,0.715,-0.5,1.44,-0.34,7.4e-01,1.0e+00,0.9999,3049,4,2,1,1,4,0
GENE-8624,NO,10.9,9.2,12.6,1.36,0.4,0.6,0.74,4.6e-01,1.0e+00,0.9999,3050,11.9,7.9,7.9,10.9,8.9,17.9
GENE-8631,NO,15.7,15.5,15.9,1.023,0,0.49,0.07,9.5e-01,1.0e+00,0.9999,3051,13.9,13.8,18.8,15.8,18.9,12.9
GENE-8639,NO,378.9,382.1,375.7,0.983,0,0.25,-0.1,9.2e-01,1.0e+00,0.9999,3052,445.3,391.5,309.4,407.1,301.8,418.1
GENE-8640,NO,1,1,1,1.003,0,1.78,0,1.0e+00,1.0e+00,0.9999,3053,1,1,1,0,2,1
GENE-8649,NO,2.6,1.3,4,3.006,1.6,1.25,1.27,2.0e-01,1.0e+00,0.9999,3054,2,2,0,5.9,2,4
GENE-8651,NO,774.7,746.7,802.8,1.075,0.1,0.22,0.48,6.3e-01,1.0e+00,0.9999,3055,819.3,731.5,689.3,722,726.6,959.7
GENE-8658,NO,20,18.2,21.9,1.203,0.3,0.44,0.61,5.4e-01,1.0e+00,0.9999,3056,21.8,17.8,14.9,23.8,19.9,21.9
GENE-8659,NO,27.4,25.7,29.2,1.131,0.2,0.39,0.46,6.5e-01,1.0e+00,0.9999,3057,21.8,31.6,23.8,25.8,29.8,31.9
GENE-8662,NO,31.4,34,28.8,0.846,-0.2,0.36,-0.66,5.1e-01,1.0e+00,0.9999,3058,30.7,30.6,40.7,27.7,30.8,27.9
GENE-8670,NO,0.7,1,0.3,0.359,-1.5,2.44,-0.6,5.5e-01,1.0e+00,0.9999,3059,0,2,1,1,0,0
GENE-8672,NO,1,1.3,0.7,0.502,-1,1.81,-0.55,5.8e-01,1.0e+00,0.9999,3060,1,2,1,0,1,1
GENE-8673,NO,1148.6,1184.7,1112.4,0.939,-0.1,0.19,-0.47,6.4e-01,1.0e+00,0.9999,3061,1116.8,1367.2,1070.1,1048.9,1133.6,1154.8
GENE-8677,NO,12.7,15.9,9.6,0.605,-0.7,0.56,-1.29,2.0e-01,1.0e+00,0.9999,3062,14.9,15.8,16.9,11.9,5,11.9
GENE-8683,NO,567.3,598.2,536.3,0.897,-0.2,0.29,-0.54,5.9e-01,1.0e+00,0.9999,3063,431.4,762.2,601,666.6,473.5,468.9
GENE-8684,NO,12.4,12.6,12.2,0.976,0,0.55,-0.06,9.5e-01,1.0e+00,0.9999,3064,14.9,9.9,12.9,13.9,7.9,14.9
GENE-8697,NO,69.3,60.8,77.8,1.28,0.4,0.27,1.31,1.9e-01,1.0e+00,0.9999,3065,65.5,55.4,61.5,78.2,82.4,72.7
GENE-8701,NO,62.8,65.7,59.9,0.912,-0.1,0.28,-0.48,6.3e-01,1.0e+00,0.9999,3066,60.5,70.2,66.5,58.4,61.5,59.7
GENE-8711,NO,13.2,16.2,10.3,0.634,-0.7,0.63,-1.05,3.0e-01,1.0e+00,0.9999,3067,8.9,23.7,15.9,14.9,5,11
GENE-8714,NO,13.2,13.9,12.6,0.907,-0.1,0.52,-0.27,7.9e-01,1.0e+00,0.9999,3068,10.9,15.8,14.9,12.9,10.9,13.9
GENE-8721,NO,13.1,15.2,10.9,0.719,-0.5,0.56,-0.85,4.0e-01,1.0e+00,0.9999,3069,19.8,11.9,13.9,15.8,8.9,8
GENE-8722,NO,292.1,297.2,286.9,0.965,-0.1,0.23,-0.23,8.2e-01,1.0e+00,0.9999,3070,256.9,282.7,352.1,309,289.9,261.8
GENE-8723,NO,304.7,336.1,273.4,0.813,-0.3,0.31,-0.95,3.4e-01,1.0e+00,0.9999,3071,337.2,437.9,233.1,303.1,206.5,310.6
GENE-8733,NO,146.8,157.8,135.7,0.86,-0.2,0.28,-0.77,4.4e-01,1.0e+00,0.9999,3072,140.8,164.1,168.6,110.9,178.7,117.5
GENE-8736,NO,8.1,4,12.2,3.085,1.6,1.08,1.5,1.3e-01,1.0e+00,0.9999,3073,3,4,5,24.8,11.9,0
GENE-8738,NO,2154.1,2254.9,2053.2,0.911,-0.1,0.23,-0.58,5.6e-01,1.0e+00,0.9999,3074,2635.3,1947.5,2182,1766,1928.8,2464.9
GENE-8739,NO,569.5,569.3,569.8,1.001,0,0.35,0,1.0e+00,1.0e+00,0.9999,3075,641.7,307.4,758.7,663.6,527.1,518.7
GENE-8743,NO,686.9,680.5,693.4,1.019,0,0.29,0.09,9.2e-01,1.0e+00,0.9999,3076,696.3,520,825.2,808.2,772.3,499.8
GENE-8747,NO,55.4,63.1,47.7,0.755,-0.4,0.4,-1.01,3.1e-01,1.0e+00,0.9999,3077,39.7,52.4,97.2,45.6,47.6,49.8
GENE-8748,NO,152.7,159.8,145.6,0.911,-0.1,0.24,-0.55,5.8e-01,1.0e+00,0.9999,3078,144.8,153.2,181.5,169.4,138,129.4
GENE-8749,NO,0.7,0.3,1,2.794,1.5,2.44,0.61,5.4e-01,1.0e+00,0.9999,3079,0,0,1,2,1,0
GENE-8752,NO,3217.6,3302.3,3132.9,0.949,-0.1,0.16,-0.47,6.4e-01,1.0e+00,0.9999,3080,3257.2,3102.1,3547.7,3073.3,3196.4,3128.9
GENE-8758,NO,364.9,312.6,417.1,1.335,0.4,1.17,0.36,7.2e-01,1.0e+00,0.9999,3081,32.7,454.7,450.3,504.1,89.3,658
GENE-8765,NO,0.8,0.7,1,1.503,0.6,2.07,0.28,7.8e-01,1.0e+00,0.9999,3082,0,1,1,1,2,0
GENE-8766,NO,541.1,541.4,540.8,0.999,0,0.33,0,1.0e+00,1.0e+00,0.9999,3083,707.2,402.3,514.7,720.1,528.1,374.3
GENE-8770,NO,13529.1,13458.7,13599.5,1.01,0,0.19,0.08,9.4e-01,1.0e+00,0.9999,3084,14498.6,12011.1,13866.3,12943.1,15439.2,12416.1
GENE-8771,NO,16.9,17.8,15.9,0.891,-0.2,0.57,-0.29,7.7e-01,1.0e+00,0.9999,3085,8.9,17.8,26.8,10.9,14.9,21.9
GENE-8773,NO,301,269.4,332.7,1.235,0.3,0.38,0.81,4.2e-01,1.0e+00,0.9999,3086,205.3,353.9,248.9,458.6,353.4,186.2
GENE-8774,NO,116.2,120.6,111.9,0.928,-0.1,0.3,-0.36,7.2e-01,1.0e+00,0.9999,3087,146.8,98.9,116,134.7,83.4,117.5
GENE-8779,NO,255.5,278.7,232.3,0.834,-0.3,0.24,-1.11,2.7e-01,1.0e+00,0.9999,3088,318.4,273.8,244,205,272,220
GENE-8782,NO,24.8,24.8,24.8,1.002,0,0.45,0.01,9.9e-01,1.0e+00,0.9999,3089,18.8,28.7,26.8,32.7,15.9,25.9
GENE-8784,NO,28.9,26.1,31.8,1.217,0.3,0.4,0.71,4.8e-01,1.0e+00,0.9999,3090,28.8,20.8,28.8,31.7,39.7,23.9
GENE-8802,NO,47.3,42.2,52.3,1.238,0.3,0.37,0.84,4.0e-01,1.0e+00,0.9999,3091,34.7,57.3,34.7,51.5,41.7,63.7
GENE-8808,NO,1415.9,1519.1,1312.7,0.864,-0.2,0.26,-0.81,4.2e-01,1.0e+00,0.9999,3092,1835.9,1543.2,1178.3,1119.2,1217,1601.8
GENE-8810,NO,115.2,117.2,113.2,0.966,-0.1,0.32,-0.16,8.8e-01,1.0e+00,0.9999,3093,93.2,124.6,133.9,110.9,79.4,149.3
GENE-8817,NO,283.9,312.1,255.7,0.819,-0.3,0.29,-0.99,3.2e-01,1.0e+00,0.9999,3094,413.6,274.8,247.9,311,238.2,218
GENE-8823,NO,186.6,150,223.3,1.489,0.6,0.33,1.76,7.8e-02,1.0e+00,0.9999,3095,119,123.6,207.3,281.3,213.4,175.2
GENE-8833,NO,9.8,9.6,9.9,1.037,0.1,0.61,0.09,9.3e-01,1.0e+00,0.9999,3096,11.9,10.9,6,7.9,10.9,11
GENE-8834,NO,9048.2,9132.9,8963.5,0.981,0,0.18,-0.15,8.8e-01,1.0e+00,0.9999,3097,9880.7,8237.7,9280.2,8905.1,8226.4,9759.1
GENE-8840,NO,6.3,5.9,6.7,1.114,0.2,0.73,0.21,8.3e-01,1.0e+00,0.9999,3098,5,5.9,6.9,5,6,9
GENE-8841,NO,60.7,60.1,61.2,1.019,0,0.3,0.09,9.3e-01,1.0e+00,0.9999,3099,63.5,70.2,46.6,59.4,58.6,65.7
GENE-8849,NO,13.2,13.2,13.2,1.002,0,0.51,0.01,1.0e+00,1.0e+00,0.9999,3100,13.9,11.9,13.9,13.9,10.9,14.9
GENE-8851,NO,26.1,25.8,26.5,1.028,0,0.46,0.09,9.3e-01,1.0e+00,0.9999,3101,14.9,25.7,36.7,27.7,30.8,20.9
GENE-8859,NO,548.9,591.9,505.9,0.855,-0.2,0.21,-1.09,2.8e-01,1.0e+00,0.9999,3102,660.6,517,598.1,560.6,498.3,458.9
GENE-8863,NO,1197.4,1234,1160.8,0.941,-0.1,0.23,-0.39,7.0e-01,1.0e+00,0.9999,3103,1498.7,1007.3,1196.1,1060.8,1265.7,1155.8
GENE-8868,NO,23.1,22.8,23.5,1.031,0,0.46,0.1,9.2e-01,1.0e+00,0.9999,3104,16.9,30.6,20.8,28.7,15.9,25.9
GENE-8870,NO,2381.5,2263.7,2499.4,1.104,0.1,0.21,0.69,4.9e-01,1.0e+00,0.9999,3105,1961.8,2688.9,2140.3,2698,2480.7,2319.6
GENE-8875,NO,148.3,131.8,164.8,1.25,0.3,0.39,0.82,4.1e-01,1.0e+00,0.9999,3106,99.2,126.5,169.6,166.4,236.3,91.6
GENE-8880,NO,1.3,1,1.7,1.67,0.7,1.68,0.44,6.6e-01,1.0e+00,0.9999,3107,1,1,1,1,4,0
GENE-8882,NO,181.2,161.8,200.6,1.239,0.3,0.23,1.32,1.9e-01,1.0e+00,0.9999,3108,138.9,158.2,188.4,185.2,216.4,200.1
GENE-8884,NO,537.9,550.5,525.4,0.954,-0.1,0.2,-0.34,7.3e-01,1.0e+00,0.9999,3109,562.4,544.7,544.5,459.6,521.2,595.3
GENE-8885,NO,10.7,10.9,10.6,0.972,0,0.62,-0.07,9.5e-01,1.0e+00,0.9999,3110,11.9,8.9,11.9,5,13.9,12.9
GENE-8887,NO,396.1,341.3,451,1.321,0.4,0.33,1.23,2.2e-01,1.0e+00,0.9999,3111,422.5,210.6,390.8,387.3,399.1,566.5
GENE-8890,NO,1.8,2.3,1.3,0.573,-0.8,1.44,-0.56,5.8e-01,1.0e+00,0.9999,3112,3,3,1,1,0,3
GENE-8894,NO,8.8,12.2,5.3,0.433,-1.2,0.98,-1.24,2.2e-01,1.0e+00,0.9999,3113,6.9,10.9,18.8,12.9,0,3
GENE-8895,NO,4.1,2.7,5.6,2.13,1.1,0.96,1.13,2.6e-01,1.0e+00,0.9999,3114,3,3,2,6.9,2,8
GENE-8899,NO,1,1.7,0.3,0.215,-2.2,1.98,-1.12,2.6e-01,1.0e+00,0.9999,3115,1,1,3,1,0,0
GENE-8900,NO,3.1,2.7,3.6,1.378,0.5,1.03,0.45,6.5e-01,1.0e+00,0.9999,3116,3,3,2,5.9,2,3
GENE-8905,NO,2.1,2,2.3,1.169,0.2,1.26,0.18,8.6e-01,1.0e+00,0.9999,3117,2,2,2,1,5,1
GENE-8909,NO,24.6,22.5,26.8,1.194,0.3,0.45,0.57,5.7e-01,1.0e+00,0.9999,3118,23.8,15.8,27.8,19.8,35.7,24.9
GENE-8910,NO,608.8,599.6,618,1.031,0,0.28,0.16,8.7e-01,1.0e+00,0.9999,3119,490,732.5,576.2,772.5,606.5,474.9
GENE-8912,NO,83.1,78.9,87.4,1.107,0.1,0.28,0.52,6.0e-01,1.0e+00,0.9999,3120,78.4,88,70.4,103,86.4,72.7
GENE-8913,NO,3.6,3,4.3,1.448,0.5,1.03,0.52,6.0e-01,1.0e+00,0.9999,3121,4,2,3,1,6.9,5
GENE-8915,NO,234.8,206.8,262.7,1.27,0.3,0.49,0.71,4.8e-01,1.0e+00,0.9999,3122,378.9,133.5,108.1,257.5,353.4,177.2
GENE-8916,NO,452.9,450,455.7,1.012,0,0.21,0.09,9.3e-01,1.0e+00,0.9999,3123,433.4,497.2,419.5,510.1,405,452
GENE-8918,NO,11.7,10.9,12.6,1.155,0.2,0.65,0.32,7.5e-01,1.0e+00,0.9999,3124,11.9,11.9,8.9,6.9,7.9,22.9
GENE-8925,NO,197.6,207.4,187.8,0.906,-0.1,0.51,-0.28,7.8e-01,1.0e+00,0.9999,3125,136.9,220.5,264.8,58.4,261.1,243.9
GENE-8926,NO,2.5,2,3,1.504,0.6,1.14,0.52,6.1e-01,1.0e+00,0.9999,3126,1,3,2,2,3,4
GENE-8929,NO,13.2,16.5,9.9,0.601,-0.7,0.56,-1.31,1.9e-01,1.0e+00,0.9999,3127,20.8,11.9,16.9,8.9,13.9,7
GENE-8930,NO,582.9,584,581.7,0.996,0,0.26,-0.02,9.8e-01,1.0e+00,0.9999,3128,499.9,732.5,519.7,694.3,505.3,545.5
GENE-8936,NO,1.5,1.7,1.3,0.801,-0.3,1.54,-0.21,8.3e-01,1.0e+00,0.9999,3129,2,0,3,2,1,1
GENE-8937,NO,3.1,3,3.3,1.113,0.2,1,0.15,8.8e-01,1.0e+00,0.9999,3130,3,3,3,5,2,3
GENE-8938,NO,71.6,67.4,75.8,1.124,0.2,0.46,0.37,7.1e-01,1.0e+00,0.9999,3131,104.1,43.5,54.5,105,42.7,79.6
GENE-8939,NO,12.7,12.9,12.6,0.976,0,0.64,-0.05,9.6e-01,1.0e+00,0.9999,3132,6.9,16.8,14.9,19.8,11.9,6
GENE-8947,NO,0.8,1,0.7,0.668,-0.6,2.07,-0.28,7.8e-01,1.0e+00,0.9999,3133,2,1,0,1,1,0
GENE-8953,NO,3,3.3,2.7,0.802,-0.3,1.06,-0.3,7.6e-01,1.0e+00,0.9999,3134,2,4,4,1,3,4
GENE-8954,NO,582.5,593.2,571.9,0.964,-0.1,0.22,-0.24,8.1e-01,1.0e+00,0.9999,3135,571.3,496.3,712.1,603.2,543,569.4
GENE-8955,NO,37.2,31.4,43,1.371,0.5,0.35,1.29,2.0e-01,1.0e+00,0.9999,3136,36.7,29.7,27.8,45.6,34.7,48.8
GENE-8957,NO,6.1,7.6,4.6,0.61,-0.7,0.8,-0.89,3.7e-01,1.0e+00,0.9999,3137,6,10.9,6,3,7.9,3
GENE-8961,NO,67.3,59.8,74.8,1.252,0.3,0.29,1.1,2.7e-01,1.0e+00,0.9999,3138,55.5,63.3,60.5,64.4,68.5,91.6
GENE-8964,NO,6.6,5,8.3,1.671,0.7,0.77,0.97,3.3e-01,1.0e+00,0.9999,3139,2,6.9,6,5.9,7.9,11
GENE-8966,NO,1.7,2,1.3,0.668,-0.6,1.35,-0.43,6.7e-01,1.0e+00,0.9999,3140,2,2,2,2,1,1
GENE-8968,NO,5.8,5.6,6,1.061,0.1,0.74,0.12,9.1e-01,1.0e+00,0.9999,3141,5,5.9,6,6.9,5,6
GENE-8971,NO,64.8,64.7,64.9,1.002,0,0.36,0.01,9.9e-01,1.0e+00,0.9999,3142,60.5,57.3,76.4,48.5,93.3,52.8
GENE-8973,NO,2.5,2.7,2.3,0.877,-0.2,1.12,-0.17,8.7e-01,1.0e+00,0.9999,3143,2,4,2,2,3,2
GENE-8974,NO,564.7,569,560.3,0.985,0,0.2,-0.11,9.1e-01,1.0e+00,0.9999,3144,616.9,583.3,506.8,518,608.5,554.5
GENE-8982,NO,203.7,193.2,214.3,1.109,0.1,0.48,0.31,7.6e-01,1.0e+00,0.9999,3145,135.9,224.4,219.2,342.7,223.4,76.7
GENE-8988,NO,20.2,22.8,17.5,0.77,-0.4,0.43,-0.88,3.8e-01,1.0e+00,0.9999,3146,20.8,21.7,25.8,16.8,18.9,16.9
GENE-8992,NO,3.8,3.7,4,1.093,0.1,0.96,0.13,8.9e-01,1.0e+00,0.9999,3147,3,3,5,6.9,2,3
GENE-8994,NO,27.3,25.1,29.5,1.174,0.2,0.41,0.57,5.7e-01,1.0e+00,0.9999,3148,18.8,30.6,25.8,35.7,23.8,28.9
GENE-8998,NO,3.6,3.7,3.7,1.002,0,0.94,0,1.0e+00,1.0e+00,0.9999,3149,5,3,3,5,3,3
GENE-8999,NO,220.4,227.9,212.9,0.934,-0.1,0.26,-0.38,7.1e-01,1.0e+00,0.9999,3150,259.9,189.8,234.1,190.2,184.6,263.8
GENE-9002,NO,3.8,2.6,5,1.879,0.9,0.99,0.92,3.6e-01,1.0e+00,0.9999,3151,2,4.9,1,6.9,4,4
GENE-9004,NO,0.8,1,0.7,0.667,-0.6,2.3,-0.25,8.0e-01,1.0e+00,0.9999,3152,1,0,2,2,0,0
GENE-9005,NO,3.8,3.3,4.3,1.303,0.4,0.93,0.41,6.8e-01,1.0e+00,0.9999,3153,2,4.9,3,5,3,5
GENE-9011,NO,149.1,157.9,140.3,0.889,-0.2,0.23,-0.75,4.5e-01,1.0e+00,0.9999,3154,157.7,153.2,162.7,150.5,122.1,148.3
GENE-9013,NO,646.4,679.4,613.5,0.903,-0.1,0.2,-0.74,4.6e-01,1.0e+00,0.9999,3155,744.9,618.8,674.4,684.4,605.5,550.5
GENE-9014,NO,103.9,123.2,84.6,0.687,-0.5,0.6,-0.91,3.6e-01,1.0e+00,0.9999,3156,163.7,144.3,61.5,133.7,99.3,20.9
GENE-9017,NO,1002,1051.1,952.9,0.907,-0.1,0.18,-0.8,4.2e-01,1.0e+00,0.9999,3157,1006.7,1061.7,1085,935,882.5,1041.3
GENE-9018,NO,1353.6,1387.5,1319.6,0.951,-0.1,0.2,-0.36,7.2e-01,1.0e+00,0.9999,3158,1337,1540.2,1285.4,1440.1,1382.8,1135.9
GENE-9023,NO,216.7,211.1,222.4,1.054,0.1,0.27,0.28,7.8e-01,1.0e+00,0.9999,3159,176.5,184.9,271.8,252.6,199.5,215
GENE-9024,NO,41.7,35.7,47.7,1.336,0.4,0.35,1.19,2.3e-01,1.0e+00,0.9999,3160,37.7,28.7,40.7,40.6,58.6,43.8
GENE-9026,NO,1.2,1.3,1,0.751,-0.4,1.72,-0.24,8.1e-01,1.0e+00,0.9999,3161,3,0,1,1,1,1
GENE-9027,NO,319,321.9,316,0.982,0,0.25,-0.11,9.1e-01,1.0e+00,0.9999,3162,299.5,353.9,312.4,378.3,244.2,325.5
GENE-9029,NO,5.6,4.3,7,1.619,0.7,0.81,0.86,3.9e-01,1.0e+00,0.9999,3163,6.9,2,4,5,7.9,8
GENE-9031,NO,538.2,579.4,497,0.858,-0.2,0.22,-1,3.2e-01,1.0e+00,0.9999,3164,669.5,485.4,583.2,558.6,454.6,477.8
GENE-9035,NO,11.4,10.2,12.6,1.228,0.3,0.8,0.37,7.1e-01,1.0e+00,0.9999,3165,6.9,9.9,13.9,10.9,24.8,2
GENE-9036,NO,44.1,44.2,44,0.994,0,0.36,-0.02,9.8e-01,1.0e+00,0.9999,3166,44.6,43.5,44.6,55.5,46.7,29.9
GENE-9038,NO,17.7,15.9,19.6,1.232,0.3,0.49,0.61,5.4e-01,1.0e+00,0.9999,3167,15.9,13.8,17.9,13.9,16.9,27.9
GENE-9040,NO,2.8,4,1.7,0.418,-1.3,1.15,-1.1,2.7e-01,1.0e+00,0.9999,3168,5,2,5,1,1,3
GENE-9042,NO,5.3,5.6,5,0.884,-0.2,0.78,-0.23,8.2e-01,1.0e+00,0.9999,3169,5,4.9,6.9,5.9,4,5
GENE-9049,NO,47.9,16.8,79.1,4.697,2.2,1.32,1.69,9.0e-02,1.0e+00,0.9999,3170,6.9,24.7,18.8,32.7,199.5,5
GENE-9057,NO,71.1,69,73.1,1.06,0.1,0.3,0.27,7.8e-01,1.0e+00,0.9999,3171,73.4,59.3,74.4,78.2,55.6,85.6
GENE-9060,NO,425.5,455.7,395.2,0.867,-0.2,0.21,-0.97,3.3e-01,1.0e+00,0.9999,3172,504.8,461.7,400.7,348.6,436.8,400.2
GENE-9061,NO,2221.7,2301.4,2142,0.931,-0.1,0.22,-0.48,6.3e-01,1.0e+00,0.9999,3173,2123.5,2348.8,2431.9,2569.2,2075.7,1781
GENE-9062,NO,2.5,2.3,2.7,1.145,0.2,1.28,0.15,8.8e-01,1.0e+00,0.9999,3174,1,3,3,4,4,0
GENE-9064,NO,84,93.1,74.8,0.803,-0.3,0.37,-0.86,3.9e-01,1.0e+00,0.9999,3175,107.1,67.2,105.1,85.2,93.3,45.8
GENE-9065,NO,25.3,27.7,22.8,0.824,-0.3,0.43,-0.65,5.2e-01,1.0e+00,0.9999,3176,21.8,28.7,32.7,15.8,22.8,29.9
GENE-9070,NO,26.5,24.8,28.1,1.136,0.2,0.39,0.47,6.4e-01,1.0e+00,0.9999,3177,22.8,23.7,27.8,22.8,27.8,33.8
GENE-9071,NO,16.7,17.2,16.2,0.944,-0.1,0.66,-0.13,9.0e-01,1.0e+00,0.9999,3178,27.8,16.8,6.9,17.8,23.8,7
GENE-9075,NO,15.5,15.8,15.2,0.96,-0.1,0.52,-0.11,9.1e-01,1.0e+00,0.9999,3179,20.8,15.8,10.9,20.8,11.9,12.9
GENE-9077,NO,150.4,161.5,139.3,0.863,-0.2,0.22,-0.99,3.2e-01,1.0e+00,0.9999,3180,158.7,169,156.7,146.6,136,135.4
GENE-9080,NO,26.9,23.8,30.1,1.266,0.3,0.41,0.82,4.1e-01,1.0e+00,0.9999,3181,22.8,28.7,19.8,39.6,24.8,25.9
GENE-9081,NO,3,4,2,0.501,-1,1.1,-0.91,3.6e-01,1.0e+00,0.9999,3182,4,3,5,4,1,1
GENE-9085,NO,118.5,114.3,122.8,1.074,0.1,0.25,0.42,6.7e-01,1.0e+00,0.9999,3183,132.9,102.8,107.1,120.8,131,116.5
GENE-9102,NO,33.2,35,31.4,0.898,-0.2,0.36,-0.43,6.7e-01,1.0e+00,0.9999,3184,37.7,32.6,34.7,37.6,24.8,31.9
GENE-9108,NO,5.6,6,5.3,0.891,-0.2,0.88,-0.19,8.5e-01,1.0e+00,0.9999,3185,10.9,3,4,3,4,9
GENE-9122,NO,27.6,29.1,26.1,0.899,-0.2,0.4,-0.38,7.0e-01,1.0e+00,0.9999,3186,25.8,25.7,35.7,32.7,22.8,22.9
GENE-9123,NO,14.7,15.2,14.2,0.936,-0.1,0.53,-0.18,8.6e-01,1.0e+00,0.9999,3187,18.8,11.9,14.9,20.8,10.9,11
GENE-9124,NO,0.7,0.3,1,2.792,1.5,2.86,0.52,6.0e-01,1.0e+00,0.9999,3188,1,0,0,3,0,0
GENE-9125,NO,230.3,215,245.6,1.142,0.2,0.22,0.89,3.8e-01,1.0e+00,0.9999,3189,197.4,206.6,241,230.8,234.3,271.8
GENE-9126,NO,0.7,1,0.3,0.359,-1.5,2.44,-0.6,5.5e-01,1.0e+00,0.9999,3190,1,2,0,0,1,0
GENE-9130,NO,27.4,25.4,29.4,1.158,0.2,0.42,0.51,6.1e-01,1.0e+00,0.9999,3191,31.7,26.7,17.9,27.7,36.7,23.9
GENE-9132,NO,1.2,0.7,1.7,2.508,1.3,2.08,0.64,5.2e-01,1.0e+00,0.9999,3192,0,2,0,3,0,2
GENE-9133,NO,225.6,212.6,238.6,1.122,0.2,0.27,0.62,5.4e-01,1.0e+00,0.9999,3193,229.1,253.1,155.7,268.4,212.4,234.9
GENE-9134,NO,420.7,466.8,374.7,0.803,-0.3,0.29,-1.08,2.8e-01,1.0e+00,0.9999,3194,349.1,635.6,415.6,372.4,318.7,433.1
GENE-9135,NO,28.7,27.4,30.1,1.099,0.1,0.45,0.3,7.6e-01,1.0e+00,0.9999,3195,19.8,38.6,23.8,40.6,28.8,20.9
GENE-9140,NO,30.3,26.1,34.4,1.319,0.4,0.41,0.98,3.2e-01,1.0e+00,0.9999,3196,35.7,20.8,21.8,38.6,36.7,27.9
GENE-9141,NO,74.4,77.6,71.2,0.917,-0.1,0.31,-0.4,6.9e-01,1.0e+00,0.9999,3197,98.2,64.3,70.4,59.4,84.4,69.7
GENE-9153,NO,497.2,498,496.4,0.997,0,0.18,-0.02,9.8e-01,1.0e+00,0.9999,3198,465.2,529.9,498.9,476.4,527.1,485.8
GENE-9156,NO,962.3,1040.4,884.3,0.85,-0.2,0.25,-0.94,3.5e-01,1.0e+00,0.9999,3199,948.2,958.9,1214,1029.1,673,950.7
GENE-9160,NO,7.9,9.9,6,0.601,-0.7,0.75,-0.98,3.2e-01,1.0e+00,0.9999,3200,5,10.9,13.9,4,9.9,4
GENE-9161,NO,8.1,5.6,10.6,1.886,0.9,0.7,1.31,1.9e-01,1.0e+00,0.9999,3201,6,6.9,4,8.9,15.9,7
GENE-9163,NO,20,20.2,19.9,0.986,0,0.5,-0.04,9.7e-01,1.0e+00,0.9999,3202,28.8,19.8,11.9,22.8,13.9,22.9
GENE-9164,NO,5.1,5,5.3,1.069,0.1,0.88,0.11,9.1e-01,1.0e+00,0.9999,3203,6.9,2,6,3,8.9,4
GENE-9165,NO,14.9,14.2,15.6,1.096,0.1,0.49,0.27,7.9e-01,1.0e+00,0.9999,3204,11.9,13.8,16.9,12.9,16.9,16.9
GENE-9170,NO,1.3,1.7,1,0.601,-0.7,1.59,-0.46,6.4e-01,1.0e+00,0.9999,3205,2,1,2,1,2,0
GENE-9173,NO,1.7,2,1.3,0.668,-0.6,1.49,-0.39,7.0e-01,1.0e+00,0.9999,3206,3,0,3,1,1,2
GENE-9174,NO,1.3,1.3,1.3,1.002,0,1.49,0,1.0e+00,1.0e+00,0.9999,3207,1,1,2,1,2,1
GENE-9183,NO,154.4,155.6,153.2,0.985,0,0.24,-0.09,9.3e-01,1.0e+00,0.9999,3208,148.8,139.4,178.5,148.6,169.7,141.4
GENE-9184,NO,607,661,553.1,0.837,-0.3,0.24,-1.07,2.9e-01,1.0e+00,0.9999,3209,575.3,827.4,580.2,487.3,571.8,600.3
GENE-9191,NO,7.9,8.6,7.3,0.848,-0.2,0.66,-0.36,7.2e-01,1.0e+00,0.9999,3210,6.9,10.9,7.9,7.9,5,9
GENE-9193,NO,322.3,311.4,333.3,1.07,0.1,0.2,0.5,6.2e-01,1.0e+00,0.9999,3211,322.3,312.4,299.5,362.5,298.8,338.5
GENE-9196,NO,1.3,0.3,2.3,6.523,2.7,1.82,1.49,1.4e-01,1.0e+00,0.9999,3212,0,0,1,3,3,1
GENE-9197,NO,67.3,72.3,62.2,0.86,-0.2,0.32,-0.67,5.0e-01,1.0e+00,0.9999,3213,58.5,85,73.4,59.4,78.4,48.8
GENE-9201,NO,6.4,6.6,6.3,0.952,-0.1,0.74,-0.09,9.2e-01,1.0e+00,0.9999,3214,6.9,6.9,6,5,4,10
GENE-9208,NO,24.5,26.4,22.5,0.852,-0.2,0.41,-0.57,5.7e-01,1.0e+00,0.9999,3215,24.8,32.6,21.8,19.8,22.8,24.9
GENE-9209,NO,101.6,96.1,107.2,1.116,0.2,0.31,0.51,6.1e-01,1.0e+00,0.9999,3216,71.4,119.6,97.2,120.8,115.2,85.6
GENE-9210,NO,36.9,36.6,37,1.011,0,0.42,0.04,9.7e-01,1.0e+00,0.9999,3217,22.8,40.5,46.6,47.5,35.7,27.9
GENE-9213,NO,436.5,432,440.9,1.02,0,0.24,0.12,9.0e-01,1.0e+00,0.9999,3218,456.2,347,492.9,449.7,380.2,492.8
GENE-9219,NO,70.6,73.6,67.5,0.917,-0.1,0.39,-0.33,7.5e-01,1.0e+00,0.9999,3219,92.2,81.1,47.6,94.1,50.6,57.7
GENE-9224,NO,63.5,59.7,67.2,1.124,0.2,0.3,0.57,5.7e-01,1.0e+00,0.9999,3220,56.5,67.2,55.5,72.3,54.6,74.7
GENE-9225,NO,1767.5,1949.1,1586,0.814,-0.3,0.23,-1.27,2.0e-01,1.0e+00,0.9999,3221,2274.3,1628.2,1944.9,1753.1,1295.5,1709.3
GENE-9229,NO,157.4,157.5,157.2,0.998,0,0.28,-0.01,9.9e-01,1.0e+00,0.9999,3222,129.9,173,169.6,124.8,195.6,151.3
GENE-9230,NO,98.2,101.4,95,0.937,-0.1,0.27,-0.34,7.3e-01,1.0e+00,0.9999,3223,89.3,90.9,124,91.1,88.3,105.5
GENE-9235,NO,201.3,200.8,201.9,1.005,0,0.21,0.04,9.7e-01,1.0e+00,0.9999,3224,198.4,190.8,213.2,213.9,188.6,203.1
GENE-9236,NO,705.6,709.4,701.7,0.989,0,0.25,-0.06,9.5e-01,1.0e+00,0.9999,3225,575.3,658.4,894.6,597.2,793.2,714.8
GENE-9237,NO,16.9,13.2,20.5,1.553,0.6,0.48,1.31,1.9e-01,1.0e+00,0.9999,3226,16.9,9.9,12.9,16.8,23.8,20.9
GENE-9240,NO,19.5,24.1,14.9,0.618,-0.7,0.47,-1.47,1.4e-01,1.0e+00,0.9999,3227,33.7,20.8,17.9,15.8,14.9,13.9
GENE-9242,NO,2590,2438.1,2741.8,1.125,0.2,0.22,0.76,4.5e-01,1.0e+00,0.9999,3228,2373.5,2208.5,2732.4,2214.6,3205.4,2805.4
GENE-9252,NO,333,310.7,355.3,1.144,0.2,0.31,0.63,5.3e-01,1.0e+00,0.9999,3229,290.6,352.9,288.6,262.5,296.8,506.7
GENE-9254,NO,338.5,362.2,314.7,0.869,-0.2,0.23,-0.86,3.9e-01,1.0e+00,0.9999,3230,289.6,427.1,369.9,340.7,311.7,291.7
GENE-9256,NO,17.9,19.8,15.9,0.802,-0.3,0.48,-0.67,5.0e-01,1.0e+00,0.9999,3231,19.8,13.8,25.8,13.9,16.9,16.9
GENE-9258,NO,71.3,56.1,86.4,1.539,0.6,0.39,1.6,1.1e-01,1.0e+00,0.9999,3232,27.8,73.2,67.4,87.2,87.4,84.6
GENE-9262,NO,5,3,7,2.339,1.2,0.96,1.28,2.0e-01,1.0e+00,0.9999,3233,5,4,0,7.9,5,8
GENE-9266,NO,18,18.8,17.2,0.915,-0.1,0.49,-0.26,7.9e-01,1.0e+00,0.9999,3234,21.8,15.8,18.8,10.9,16.9,23.9
GENE-9269,NO,93.6,86.2,100.9,1.171,0.2,0.29,0.78,4.4e-01,1.0e+00,0.9999,3235,102.2,84,72.4,122.8,82.4,97.6
GENE-9270,NO,170.7,190.2,151.2,0.795,-0.3,0.26,-1.28,2.0e-01,1.0e+00,0.9999,3236,167.6,203.6,199.4,189.2,132,132.4
GENE-9273,NO,3.8,4.3,3.3,0.771,-0.4,1.07,-0.35,7.3e-01,1.0e+00,0.9999,3237,7.9,4,1,1,5,4
GENE-9274,NO,605.2,614.4,596.1,0.97,0,0.32,-0.13,8.9e-01,1.0e+00,0.9999,3238,741.9,529.9,571.3,666.6,759.4,362.4
GENE-9279,NO,1532.4,1575.1,1489.7,0.946,-0.1,0.3,-0.26,7.9e-01,1.0e+00,0.9999,3239,1458,1717.1,1550.2,2007.6,1525.8,935.8
GENE-9282,NO,105.6,108.3,103,0.95,-0.1,0.3,-0.25,8.1e-01,1.0e+00,0.9999,3240,133.9,94.9,96.2,83.2,128.1,97.6
GENE-9283,NO,106.9,114.6,99.3,0.867,-0.2,0.27,-0.77,4.4e-01,1.0e+00,0.9999,3241,109.1,135.4,99.2,89.1,95.3,113.5
GENE-9285,NO,7.1,9.9,4.3,0.434,-1.2,0.76,-1.57,1.2e-01,1.0e+00,0.9999,3242,6,13.8,9.9,5,6,2
GENE-9286,NO,6.3,5.3,7.3,1.378,0.5,0.73,0.63,5.3e-01,1.0e+00,0.9999,3243,6,4.9,5,6.9,9.9,5
GENE-9292,NO,5.8,5.3,6.3,1.19,0.3,0.79,0.32,7.5e-01,1.0e+00,0.9999,3244,6.9,4,5,5,9.9,4
GENE-9294,NO,30.3,31.7,28.8,0.908,-0.1,0.44,-0.31,7.5e-01,1.0e+00,0.9999,3245,34.7,23.7,36.7,20.8,22.8,42.8
GENE-9296,NO,2.6,3,2.3,0.78,-0.4,1.13,-0.32,7.5e-01,1.0e+00,0.9999,3246,1,4.9,3,2,3,2
GENE-9297,NO,642.5,644.3,640.6,0.994,0,0.24,-0.03,9.7e-01,1.0e+00,0.9999,3247,656.6,637.6,638.7,801.3,488.4,632.2
GENE-9298,NO,4.1,4,4.3,1.085,0.1,0.88,0.13,8.9e-01,1.0e+00,0.9999,3248,3,4,5,5.9,3,4
GENE-9318,NO,120.3,126.1,114.4,0.907,-0.1,0.35,-0.41,6.9e-01,1.0e+00,0.9999,3249,142.8,120.6,115,152.5,124.1,66.7
GENE-9320,NO,147.1,145.3,148.9,1.025,0,0.24,0.15,8.8e-01,1.0e+00,0.9999,3250,150.8,126.5,158.7,161.4,133,152.3
GENE-9321,NO,165.6,161.5,169.7,1.051,0.1,0.29,0.25,8.0e-01,1.0e+00,0.9999,3251,160.7,199.7,124,183.2,193.6,132.4
GENE-9324,NO,559.3,573.2,545.5,0.952,-0.1,0.3,-0.24,8.1e-01,1.0e+00,0.9999,3252,747.8,359.8,611.9,498.2,555.9,582.4
GENE-9328,NO,71.7,74,69.5,0.939,-0.1,0.36,-0.25,8.0e-01,1.0e+00,0.9999,3253,62.5,70.2,89.3,59.4,99.3,49.8
GENE-9332,NO,68.4,67,69.8,1.042,0.1,0.27,0.22,8.3e-01,1.0e+00,0.9999,3254,73.4,60.3,67.4,70.3,67.5,71.7
GENE-9339,NO,229.1,238.5,219.7,0.921,-0.1,0.23,-0.52,6.0e-01,1.0e+00,0.9999,3255,245,212.5,257.9,249.6,191.6,218
GENE-9342,NO,45.9,44.3,47.6,1.077,0.1,0.34,0.32,7.5e-01,1.0e+00,0.9999,3256,39.7,44.5,48.6,60.4,38.7,43.8
GENE-9344,NO,15.2,15.5,14.9,0.959,-0.1,0.57,-0.1,9.2e-01,1.0e+00,0.9999,3257,18.8,19.8,7.9,21.8,11.9,11
GENE-9345,NO,25.5,25.7,25.2,0.976,0,0.43,-0.08,9.4e-01,1.0e+00,0.9999,3258,22.8,23.7,30.7,34.7,18.9,21.9
GENE-9346,NO,46.4,44.6,48.3,1.084,0.1,0.34,0.34,7.3e-01,1.0e+00,0.9999,3259,45.6,55.4,32.7,48.5,42.7,53.8
GENE-9350,NO,57.4,59.1,55.6,0.94,-0.1,0.37,-0.24,8.1e-01,1.0e+00,0.9999,3260,50.6,42.5,84.3,59.4,63.5,43.8
GENE-9354,NO,7.4,8.9,5.9,0.668,-0.6,0.66,-0.88,3.8e-01,1.0e+00,0.9999,3261,8.9,8.9,8.9,5.9,6.9,5
GENE-9357,NO,72.7,62.8,82.8,1.319,0.4,0.28,1.42,1.5e-01,1.0e+00,0.9999,3262,62.5,72.2,53.6,74.3,87.4,86.6
GENE-9359,NO,213.5,217.9,209.1,0.959,-0.1,0.24,-0.25,8.0e-01,1.0e+00,0.9999,3263,226.1,224.4,203.3,242.7,217.4,167.2
GENE-9361,NO,21.5,21.5,21.5,1.001,0,0.55,0,1.0e+00,1.0e+00,0.9999,3264,26.8,19.8,17.9,36.6,17.9,10
GENE-9365,NO,6.1,7.6,4.7,0.611,-0.7,0.83,-0.86,3.9e-01,1.0e+00,0.9999,3265,6,9.9,6.9,1,6,7
GENE-9368,NO,148.1,156.2,139.9,0.896,-0.2,0.3,-0.53,5.9e-01,1.0e+00,0.9999,3266,155.7,170,142.8,151.5,173.7,94.6
GENE-9374,NO,671.6,675.3,667.9,0.989,0,0.18,-0.09,9.3e-01,1.0e+00,0.9999,3267,664.5,721.7,639.7,645.8,699.8,658
GENE-9377,NO,35.5,44,27.2,0.618,-0.7,0.39,-1.8,7.3e-02,1.0e+00,0.9999,3268,40.7,37.6,53.6,33.7,18.9,28.9
GENE-9378,NO,9.1,8.6,9.6,1.118,0.2,0.65,0.25,8.0e-01,1.0e+00,0.9999,3269,8.9,6.9,9.9,12.9,5,11
GENE-9381,NO,6,5.3,6.7,1.253,0.3,0.81,0.4,6.9e-01,1.0e+00,0.9999,3270,6,3,6.9,5,4,11
GENE-9385,NO,405.3,417.1,393.6,0.944,-0.1,0.2,-0.41,6.8e-01,1.0e+00,0.9999,3271,385.8,429,436.4,346.7,390.1,444
GENE-9390,NO,778.3,735.2,821.3,1.117,0.2,0.25,0.65,5.2e-01,1.0e+00,0.9999,3272,607,922.3,676.4,936,800.1,727.7
GENE-9393,NO,13.1,12.9,13.2,1.028,0,0.56,0.07,9.4e-01,1.0e+00,0.9999,3273,7.9,15.8,14.9,8.9,13.9,16.9
GENE-9396,NO,33.1,32.7,33.4,1.023,0,0.4,0.08,9.3e-01,1.0e+00,0.9999,3274,31.7,29.7,36.7,26.7,26.8,46.8
GENE-9398,NO,101,101.8,100.3,0.986,0,0.34,-0.06,9.5e-01,1.0e+00,0.9999,3275,84.3,73.2,147.8,95.1,105.2,100.5
GENE-9399,NO,14.4,14.6,14.2,0.978,0,2.03,-0.02,9.9e-01,1.0e+00,0.9999,3276,2,0,41.7,3,35.7,4
GENE-9406,NO,40.7,33.4,48,1.439,0.5,0.6,0.88,3.8e-01,1.0e+00,0.9999,3277,28.8,13.8,57.5,31.7,28.8,83.6
GENE-9407,NO,55.1,44.6,65.6,1.471,0.6,0.4,1.38,1.7e-01,1.0e+00,0.9999,3278,43.6,45.5,44.6,41.6,53.6,101.5
GENE-9409,NO,1950.9,1908.4,1993.4,1.045,0.1,0.42,0.15,8.8e-01,1.0e+00,0.9999,3279,1599.8,2564.3,1561.1,904.3,2852,2224
GENE-9410,NO,29.1,36,22.2,0.616,-0.7,0.39,-1.8,7.2e-02,1.0e+00,0.9999,3280,37.7,40.5,29.8,20.8,26.8,18.9
GENE-9413,NO,1008.2,979.3,1037,1.059,0.1,0.57,0.15,8.8e-01,1.0e+00,0.9999,3281,1234.8,1114.1,589.1,236.7,1332.2,1542.1
GENE-9414,NO,30.9,37.3,24.5,0.656,-0.6,0.41,-1.47,1.4e-01,1.0e+00,0.9999,3282,36.7,41.5,33.7,19.8,35.7,17.9
GENE-9416,NO,219.7,226.6,212.8,0.939,-0.1,0.23,-0.4,6.9e-01,1.0e+00,0.9999,3283,212.3,196.7,270.8,212,212.4,214
GENE-9421,NO,1000.6,1003,998.1,0.995,0,0.16,-0.04,9.7e-01,1.0e+00,0.9999,3284,1063.2,972.7,973,1014.2,1001.6,978.6
GENE-9426,NO,24.1,22.5,25.8,1.15,0.2,0.39,0.51,6.1e-01,1.0e+00,0.9999,3285,23.8,20.8,22.8,25.8,23.8,27.9
GENE-9427,NO,173.7,170.4,177.1,1.039,0.1,0.26,0.21,8.3e-01,1.0e+00,0.9999,3286,211.3,159.2,140.8,198.1,167.8,165.3
GENE-9431,NO,10.6,12.2,8.9,0.732,-0.5,0.66,-0.68,4.9e-01,1.0e+00,0.9999,3287,8.9,13.8,13.9,5.9,5,15.9
GENE-9435,NO,3,2.3,3.7,1.576,0.7,1.21,0.54,5.9e-01,1.0e+00,0.9999,3288,3,2,2,0,5,6
GENE-9439,NO,989.8,1027.3,952.3,0.927,-0.1,0.24,-0.45,6.5e-01,1.0e+00,0.9999,3289,1215,770.1,1096.9,852.8,998.6,1005.5
GENE-9440,NO,101,98.4,103.6,1.053,0.1,0.26,0.29,7.8e-01,1.0e+00,0.9999,3290,102.2,105.8,87.3,106,116.1,88.6
GENE-9443,NO,43.8,43.6,44,1.01,0,0.37,0.04,9.7e-01,1.0e+00,0.9999,3291,47.6,45.5,37.7,55.5,28.8,47.8
GENE-9444,NO,5.1,5.3,5,0.94,-0.1,0.94,-0.1,9.2e-01,1.0e+00,0.9999,3292,8.9,4,3,1,6.9,7
GENE-9448,NO,1233.7,1238.8,1228.6,0.992,0,0.24,-0.05,9.6e-01,1.0e+00,0.9999,3293,1411.4,914.4,1390.5,1156.8,1265.7,1263.3
GENE-9450,NO,17.5,20.2,14.9,0.739,-0.4,0.55,-0.79,4.3e-01,1.0e+00,0.9999,3294,26.8,8.9,24.8,11.9,14.9,17.9
GENE-9452,NO,1.5,1.3,1.7,1.253,0.3,1.76,0.18,8.5e-01,1.0e+00,0.9999,3295,0,1,3,0,4,1
GENE-9455,NO,3,3.7,2.3,0.637,-0.6,1.12,-0.58,5.6e-01,1.0e+00,0.9999,3296,4,1,6,3,1,3
GENE-9458,NO,342.3,316.1,368.4,1.165,0.2,0.31,0.71,4.8e-01,1.0e+00,0.9999,3297,413.6,231.3,303.5,286.2,471.5,347.4
GENE-9459,NO,12.4,15.9,8.9,0.564,-0.8,0.57,-1.44,1.5e-01,1.0e+00,0.9999,3298,21.8,11.9,13.9,7.9,11.9,7
GENE-9461,NO,47.8,51.2,44.4,0.867,-0.2,0.46,-0.44,6.6e-01,1.0e+00,0.9999,3299,36.7,77.1,39.7,29.7,35.7,67.7
GENE-9462,NO,1.3,0.7,2,3.007,1.6,1.64,0.97,3.3e-01,1.0e+00,0.9999,3300,0,1,1,2,2,2
GENE-9466,NO,61.5,61.1,61.9,1.013,0,0.3,0.06,9.5e-01,1.0e+00,0.9999,3301,48.6,70.2,64.5,58.4,66.5,60.7
GENE-9468,NO,63.6,65.4,61.9,0.946,-0.1,0.41,-0.2,8.4e-01,1.0e+00,0.9999,3302,80.3,75.1,40.7,88.1,44.7,52.8
GENE-9469,NO,518.5,527.7,509.4,0.965,-0.1,0.18,-0.28,7.8e-01,1.0e+00,0.9999,3303,494.9,568.4,519.7,510.1,490.4,527.6
GENE-9470,NO,235.8,215.1,256.5,1.193,0.3,0.5,0.51,6.1e-01,1.0e+00,0.9999,3304,182.5,132.5,330.3,130.7,446.7,192.1
GENE-9472,NO,41.5,42.9,40.1,0.933,-0.1,0.48,-0.21,8.4e-01,1.0e+00,0.9999,3305,61.5,42.5,24.8,31.7,26.8,61.7
GENE-9479,NO,4.6,5.3,4,0.752,-0.4,0.83,-0.5,6.2e-01,1.0e+00,0.9999,3306,4,6.9,5,4,4,4
GENE-9480,NO,1020.5,1001.3,1039.7,1.038,0.1,0.19,0.29,7.7e-01,1.0e+00,0.9999,3307,942.2,978.7,1083,1162.8,989.7,966.6
GENE-9483,NO,12.1,13.2,10.9,0.827,-0.3,0.59,-0.46,6.4e-01,1.0e+00,0.9999,3308,8.9,12.9,17.9,15.8,6.9,10
GENE-9485,NO,27.6,20.8,34.4,1.653,0.7,0.47,1.56,1.2e-01,1.0e+00,0.9999,3309,18.8,19.8,23.8,49.5,34.7,18.9
GENE-9489,NO,5,4,6,1.502,0.6,0.93,0.63,5.3e-01,1.0e+00,0.9999,3310,6,3,3,11.9,3,3
GENE-9491,NO,58.8,63.4,54.3,0.856,-0.2,0.32,-0.7,4.8e-01,1.0e+00,0.9999,3311,68.4,70.2,51.6,51.5,66.5,44.8
GENE-9492,NO,0.8,1,0.7,0.669,-0.6,2.07,-0.28,7.8e-01,1.0e+00,0.9999,3312,1,2,0,1,0,1
GENE-9499,NO,38.8,40.6,37.1,0.912,-0.1,0.35,-0.38,7.1e-01,1.0e+00,0.9999,3313,41.7,33.6,46.6,39.6,41.7,29.9
GENE-9500,NO,51.2,48.2,54.2,1.126,0.2,0.37,0.47,6.4e-01,1.0e+00,0.9999,3314,41.7,58.3,44.6,68.3,35.7,58.7
GENE-9502,NO,70.1,70,70.2,1.002,0,0.41,0.01,9.9e-01,1.0e+00,0.9999,3315,53.6,104.8,51.6,66.4,94.3,49.8
GENE-9506,NO,36,40.6,31.4,0.774,-0.4,0.41,-0.9,3.7e-01,1.0e+00,0.9999,3316,36.7,27.7,57.5,35.7,24.8,33.8
GENE-9510,NO,231.1,237.5,224.7,0.946,-0.1,0.25,-0.32,7.5e-01,1.0e+00,0.9999,3317,295.6,208.6,208.3,250.6,213.4,210.1
GENE-9511,NO,1.2,1,1.3,1.335,0.4,1.86,0.22,8.2e-01,1.0e+00,0.9999,3318,2,1,0,3,0,1
GENE-9518,NO,2102.4,2211.6,1993.2,0.901,-0.1,0.17,-0.88,3.8e-01,1.0e+00,0.9999,3319,2300.1,2297.4,2037.2,2106.7,1988.3,1884.5
GENE-9519,NO,124.5,121.8,127.1,1.043,0.1,0.24,0.25,8.0e-01,1.0e+00,0.9999,3320,110.1,136.4,119,132.7,136,112.5
GENE-9520,NO,353.5,364,343.1,0.943,-0.1,0.23,-0.37,7.1e-01,1.0e+00,0.9999,3321,367,337.1,387.8,363.5,390.1,275.8
GENE-9521,NO,94.6,83.9,105.2,1.253,0.3,0.64,0.51,6.1e-01,1.0e+00,0.9999,3322,179.5,42.5,29.8,119.8,142,53.8
GENE-9531,NO,40.3,42.6,38,0.893,-0.2,0.33,-0.5,6.2e-01,1.0e+00,0.9999,3323,48.6,40.5,38.7,40.6,36.7,36.8
GENE-9532,NO,108.3,111.6,105,0.94,-0.1,0.33,-0.27,7.9e-01,1.0e+00,0.9999,3324,139.8,120.6,74.4,98.1,87.4,129.4
GENE-9534,NO,12.6,12.6,12.6,1.002,0,0.56,0,1.0e+00,1.0e+00,0.9999,3325,15.9,9.9,11.9,10.9,17.9,9
GENE-9542,NO,144.2,137,151.3,1.104,0.1,0.34,0.43,6.7e-01,1.0e+00,0.9999,3326,161.7,157.2,92.2,138.7,117.1,198.1
GENE-9543,NO,2,2,2,1,0,1.61,0,1.0e+00,1.0e+00,0.9999,3327,1,0,5,3,3,0
GENE-9546,NO,31.4,42.6,20.2,0.474,-1.1,2.64,-0.41,6.8e-01,1.0e+00,0.9999,3328,112.1,15.8,0,0,47.6,12.9
GENE-9549,NO,237,253.3,220.7,0.871,-0.2,0.21,-0.96,3.4e-01,1.0e+00,0.9999,3329,277.7,242.2,240,207,238.2,217
GENE-9550,NO,38.2,40.3,36.1,0.895,-0.2,0.36,-0.45,6.5e-01,1.0e+00,0.9999,3330,48.6,31.6,40.7,42.6,32.8,32.9
GENE-9551,NO,1.5,1.7,1.3,0.801,-0.3,1.54,-0.21,8.3e-01,1.0e+00,0.9999,3331,1,1,3,2,2,0
GENE-9552,NO,810.1,834.9,785.4,0.941,-0.1,0.19,-0.48,6.3e-01,1.0e+00,0.9999,3332,892.7,822.5,789.5,730.9,871.6,753.6
GENE-9557,NO,26705.1,27408.3,26001.9,0.949,-0.1,0.99,-0.08,9.4e-01,1.0e+00,0.9999,3333,54556.8,16742.4,10925.6,32555.8,5391.3,40058.7
GENE-9564,NO,11.9,13.9,9.9,0.715,-0.5,0.65,-0.75,4.5e-01,1.0e+00,0.9999,3334,14.9,14.8,11.9,17.8,4,8
GENE-9568,NO,11.9,11.5,12.2,1.06,0.1,0.55,0.15,8.8e-01,1.0e+00,0.9999,3335,7.9,14.8,11.9,11.9,11.9,12.9
GENE-9570,NO,30.4,32.7,28.1,0.86,-0.2,0.36,-0.6,5.5e-01,1.0e+00,0.9999,3336,31.7,35.6,30.7,30.7,24.8,28.9
GENE-9571,NO,100.5,83.9,117.2,1.398,0.5,0.49,0.99,3.2e-01,1.0e+00,0.9999,3337,89.3,132.5,29.8,95.1,106.2,150.3
GENE-9573,NO,53.7,56.8,50.6,0.891,-0.2,0.33,-0.5,6.2e-01,1.0e+00,0.9999,3338,63.5,47.5,59.5,55.5,59.6,36.8
GENE-9576,NO,25.5,22.8,28.2,1.235,0.3,0.39,0.78,4.3e-01,1.0e+00,0.9999,3339,24.8,19.8,23.8,25.8,28.8,29.9
GENE-9590,NO,149.6,149.3,149.9,1.004,0,0.26,0.02,9.8e-01,1.0e+00,0.9999,3340,180.5,146.3,121,133.7,165.8,150.3
GENE-9595,NO,2393.3,2453.5,2333,0.951,-0.1,0.31,-0.24,8.1e-01,1.0e+00,0.9999,3341,1637.5,2335,3388,1936.3,2574,2488.8
GENE-9596,NO,30.6,30.4,30.8,1.013,0,0.38,0.05,9.6e-01,1.0e+00,0.9999,3342,34.7,32.6,23.8,31.7,33.8,26.9
GENE-9599,NO,0.7,1,0.3,0.359,-1.5,2.2,-0.67,5.0e-01,1.0e+00,0.9999,3343,1,1,1,1,0,0
GENE-9608,NO,8.6,9.9,7.3,0.735,-0.4,0.65,-0.68,5.0e-01,1.0e+00,0.9999,3344,6,12.9,10.9,5.9,8.9,7
GENE-9612,NO,299.6,348.7,250.6,0.719,-0.5,0.33,-1.43,1.5e-01,1.0e+00,0.9999,3345,301.5,368.7,375.9,166.4,371.3,214
GENE-9614,NO,46.3,42.6,50,1.173,0.2,0.33,0.7,4.8e-01,1.0e+00,0.9999,3346,50.6,34.6,42.6,50.5,43.7,55.7
GENE-9618,NO,10.9,11.5,10.3,0.889,-0.2,0.7,-0.24,8.1e-01,1.0e+00,0.9999,3347,8.9,17.8,7.9,8.9,4,17.9
GENE-9620,NO,1892.2,2149.9,1634.6,0.76,-0.4,0.23,-1.68,9.2e-02,1.0e+00,0.9999,3348,2397.3,2109.6,1942.9,1681.8,1946.7,1275.3
GENE-9624,NO,185.5,187.9,183,0.974,0,0.27,-0.14,8.9e-01,1.0e+00,0.9999,3349,177.5,150.3,236,210,180.7,158.3
GENE-9627,NO,5.9,7.9,4,0.501,-1,0.8,-1.25,2.1e-01,1.0e+00,0.9999,3350,8.9,9.9,5,5,5,2
GENE-9632,NO,11.6,9.9,13.2,1.337,0.4,0.6,0.69,4.9e-01,1.0e+00,0.9999,3351,12.9,6.9,9.9,10.9,8.9,19.9
GENE-9633,NO,271.1,265.5,276.7,1.042,0.1,0.21,0.28,7.8e-01,1.0e+00,0.9999,3352,276.7,255.1,264.8,238.7,307.7,283.7
GENE-9636,NO,2,1.7,2.3,1.404,0.5,1.31,0.37,7.1e-01,1.0e+00,0.9999,3353,1,1,3,1,2,4
GENE-9640,NO,226.9,256.2,197.6,0.771,-0.4,0.34,-1.1,2.7e-01,1.0e+00,0.9999,3354,326.3,297.6,144.8,182.2,226.3,184.2
GENE-9643,NO,4.1,3.3,5,1.503,0.6,0.96,0.62,5.4e-01,1.0e+00,0.9999,3355,6,3,1,4,6.9,4
GENE-9644,NO,10666.2,10155.2,11177.2,1.101,0.1,0.17,0.8,4.2e-01,1.0e+00,0.9999,3356,10226.8,10864.4,9374.5,10907.7,10513.5,12110.5
GENE-9649,NO,170.3,182,158.5,0.871,-0.2,0.24,-0.84,4.0e-01,1.0e+00,0.9999,3357,160.7,168.1,217.2,150.5,165.8,159.3
GENE-9651,NO,207.9,231.5,184.4,0.796,-0.3,0.21,-1.6,1.1e-01,1.0e+00,0.9999,3358,233.1,217.5,244,171.3,193.6,188.2
GENE-9653,NO,33.2,36,30.4,0.846,-0.2,0.48,-0.5,6.2e-01,1.0e+00,0.9999,3359,31.7,44.5,31.7,36.6,12.9,41.8
GENE-9657,NO,133.3,121.9,144.6,1.187,0.2,0.33,0.75,4.5e-01,1.0e+00,0.9999,3360,169.6,110.7,85.3,120.8,170.7,142.4
GENE-9661,NO,584.8,572.3,597.3,1.044,0.1,0.46,0.13,8.9e-01,1.0e+00,0.9999,3361,564.4,914.4,238,486.3,846.8,458.9
GENE-9666,NO,184.8,191.5,178,0.929,-0.1,0.23,-0.46,6.4e-01,1.0e+00,0.9999,3362,205.3,186.8,182.5,181.3,201.5,151.3
GENE-9671,NO,31.2,35,27.5,0.785,-0.3,0.41,-0.86,3.9e-01,1.0e+00,0.9999,3363,28.8,43.5,32.7,20.8,36.7,24.9
GENE-9672,NO,2317.9,2283.9,2351.9,1.03,0,0.17,0.25,8.1e-01,1.0e+00,0.9999,3364,2067,2358.7,2425.9,2352.3,2242.5,2460.9
GENE-9675,NO,18937.9,19260.2,18615.7,0.967,0,0.22,-0.22,8.2e-01,1.0e+00,0.9999,3365,15605.5,20703.6,21471.4,21198.4,17253.9,17394.7
GENE-9681,NO,392.7,441.4,343.9,0.779,-0.4,0.26,-1.39,1.6e-01,1.0e+00,0.9999,3366,388.8,551.6,383.8,281.3,360.3,390.2
GENE-9688,NO,382.6,361,404.2,1.12,0.2,0.22,0.75,4.5e-01,1.0e+00,0.9999,3367,381.9,356.9,344.2,336.8,408,467.9
GENE-9691,NO,11.7,11.9,11.6,0.974,0,0.55,-0.07,9.5e-01,1.0e+00,0.9999,3368,11.9,8.9,14.9,10.9,11.9,11.9
GENE-9692,NO,358.9,346,371.8,1.074,0.1,0.35,0.29,7.7e-01,1.0e+00,0.9999,3369,425.5,394.4,218.2,512.1,327.6,275.8
GENE-9695,NO,97.4,99.7,95,0.952,-0.1,0.24,-0.29,7.7e-01,1.0e+00,0.9999,3370,99.2,96.9,103.1,98.1,96.3,90.6
GENE-9705,NO,879.8,853.7,905.9,1.061,0.1,0.19,0.46,6.4e-01,1.0e+00,0.9999,3371,960.1,816.6,784.5,873.6,898.4,945.7
GENE-9707,NO,963.9,946.1,981.6,1.038,0.1,0.18,0.29,7.7e-01,1.0e+00,0.9999,3372,973,990.5,874.8,935,1077.1,932.8
GENE-9708,NO,270.1,261.6,278.7,1.065,0.1,0.23,0.4,6.9e-01,1.0e+00,0.9999,3373,283.7,235.3,265.8,230.8,317.7,287.7
GENE-9714,NO,29.9,29.7,30.1,1.013,0,0.38,0.05,9.6e-01,1.0e+00,0.9999,3374,34.7,30.6,23.8,35.7,27.8,26.9
GENE-9715,NO,7.9,9.9,5.9,0.601,-0.7,0.92,-0.8,4.2e-01,1.0e+00,0.9999,3375,6,4,19.8,6.9,9.9,1
GENE-9717,NO,27.1,29.4,24.8,0.844,-0.2,0.45,-0.54,5.9e-01,1.0e+00,0.9999,3376,27.8,29.7,30.7,21.8,37.7,14.9
GENE-9720,NO,4.8,5.6,4,0.708,-0.5,0.95,-0.52,6.0e-01,1.0e+00,0.9999,3377,3,9.9,4,5.9,1,5
GENE-9722,NO,5.6,7.3,4,0.547,-0.9,0.82,-1.06,2.9e-01,1.0e+00,0.9999,3378,5,10.9,6,5,5,2
GENE-9723,NO,124.8,129.1,120.5,0.933,-0.1,0.25,-0.41,6.9e-01,1.0e+00,0.9999,3379,122,149.3,116,132.7,110.2,118.5
GENE-9727,NO,1754.9,1863.1,1646.7,0.884,-0.2,0.37,-0.48,6.3e-01,1.0e+00,0.9999,3380,1057.3,2297.4,2234.5,1648.1,2169,1122.9
GENE-9732,NO,4,2.7,5.3,2.006,1,0.97,1.04,3.0e-01,1.0e+00,0.9999,3381,1,4,3,3,6.9,6
GENE-9734,NO,1.5,1.3,1.7,1.254,0.3,1.54,0.21,8.3e-01,1.0e+00,0.9999,3382,0,3,1,1,2,2
GENE-9737,NO,47.6,52.2,43,0.824,-0.3,0.31,-0.91,3.6e-01,1.0e+00,0.9999,3383,52.6,46.5,57.5,42.6,43.7,42.8
GENE-9746,NO,0.7,0,1.3,7.276,2.9,2.76,1.04,3.0e-01,1.0e+00,0.9999,3384,0,0,0,0,1,3
GENE-9752,NO,2845.1,2679.8,3010.4,1.123,0.2,0.22,0.75,4.5e-01,1.0e+00,0.9999,3385,2883.3,2225.3,2930.8,2963.4,3493.3,2574.4
GENE-9753,NO,56.9,53.5,60.2,1.126,0.2,0.31,0.54,5.9e-01,1.0e+00,0.9999,3386,66.5,46.5,47.6,61.4,52.6,66.7
GENE-9755,NO,2,1.7,2.3,1.402,0.5,1.28,0.38,7.0e-01,1.0e+00,0.9999,3387,2,2,1,4,2,1
GENE-9757,NO,27.3,30.7,23.8,0.776,-0.4,0.39,-0.94,3.4e-01,1.0e+00,0.9999,3388,35.7,25.7,30.7,20.8,24.8,25.9
GENE-9759,NO,6.9,6.3,7.6,1.215,0.3,0.82,0.34,7.3e-01,1.0e+00,0.9999,3389,5,8.9,5,2,7.9,12.9
GENE-9764,NO,265.6,287.3,243.9,0.849,-0.2,0.22,-1.09,2.8e-01,1.0e+00,0.9999,3390,254.9,289.7,317.4,272.4,239.2,220
GENE-9765,NO,161.8,164.5,159.2,0.968,0,0.28,-0.17,8.7e-01,1.0e+00,0.9999,3391,220.2,141.4,131.9,168.4,151.9,157.3
GENE-9768,NO,5.8,7,4.6,0.668,-0.6,0.87,-0.67,5.0e-01,1.0e+00,0.9999,3392,6,11.9,3,7.9,3,3
GENE-9769,NO,11.6,10.6,12.6,1.19,0.3,0.54,0.46,6.4e-01,1.0e+00,0.9999,3393,11.9,9.9,9.9,11.9,13.9,11.9
GENE-9770,NO,1547.2,1778.1,1316.3,0.74,-0.4,0.29,-1.5,1.3e-01,1.0e+00,0.9999,3394,2029.3,1384,1921.1,1490.6,909.3,1549
GENE-9771,NO,100.2,93.8,106.5,1.136,0.2,0.3,0.61,5.4e-01,1.0e+00,0.9999,3395,83.3,98.9,99.2,109.9,133,76.7
GENE-9775,NO,15,15.8,14.2,0.898,-0.2,0.51,-0.3,7.6e-01,1.0e+00,0.9999,3396,11.9,14.8,20.8,12.9,11.9,17.9
GENE-9784,NO,10011.9,9357.3,10666.6,1.14,0.2,0.24,0.8,4.3e-01,1.0e+00,0.9999,3397,11491.4,7414.3,9166.2,10111.4,9792.8,12095.6
GENE-9785,NO,78.7,78.9,78.4,0.994,0,0.26,-0.03,9.7e-01,1.0e+00,0.9999,3398,85.3,75.1,76.4,83.2,71.5,80.6
GENE-9788,NO,25.1,28.4,21.8,0.769,-0.4,0.46,-0.83,4.1e-01,1.0e+00,0.9999,3399,24.8,30.6,29.8,33.7,14.9,16.9
GENE-9789,NO,190.9,208.3,173.6,0.834,-0.3,0.51,-0.52,6.1e-01,1.0e+00,0.9999,3400,76.4,319.3,229.1,239.7,183.6,97.6
GENE-9793,NO,59.2,54.5,63.9,1.173,0.2,0.45,0.51,6.1e-01,1.0e+00,0.9999,3401,55.5,44.5,63.5,53.5,32.8,105.5
GENE-9803,NO,608.9,645,572.8,0.888,-0.2,0.22,-0.76,4.5e-01,1.0e+00,0.9999,3402,626.8,586.2,722,669.5,473.5,575.4
GENE-9807,NO,3.8,3.3,4.3,1.302,0.4,1.09,0.35,7.3e-01,1.0e+00,0.9999,3403,6.9,0,3,4,4,5
GENE-9808,NO,160,152.6,167.4,1.098,0.1,0.22,0.6,5.5e-01,1.0e+00,0.9999,3404,149.8,168.1,139.8,174.3,173.7,154.3
GENE-9815,NO,7.3,6.6,7.9,1.202,0.3,0.7,0.38,7.0e-01,1.0e+00,0.9999,3405,6,4.9,8.9,8.9,9.9,5
GENE-9822,NO,26.3,26.1,26.5,1.015,0,0.54,0.04,9.7e-01,1.0e+00,0.9999,3406,29.8,34.6,13.9,34.7,11.9,32.9
GENE-9823,NO,74.2,66.8,81.7,1.225,0.3,0.34,0.86,3.9e-01,1.0e+00,0.9999,3407,90.3,47.5,62.5,68.3,98.3,78.6
GENE-9825,NO,16.2,15.5,16.9,1.087,0.1,0.54,0.22,8.2e-01,1.0e+00,0.9999,3408,15.9,9.9,20.8,15.8,23.8,11
GENE-9834,NO,16.9,16.9,16.9,1.002,0,0.48,0.01,1.0e+00,1.0e+00,0.9999,3409,15.9,11.9,22.8,16.8,17.9,15.9
GENE-9837,NO,4.8,5.9,3.7,0.613,-0.7,0.85,-0.83,4.0e-01,1.0e+00,0.9999,3410,7.9,4.9,5,2,4,5
GENE-9840,NO,492.3,494.2,490.4,0.992,0,0.28,-0.04,9.7e-01,1.0e+00,0.9999,3411,485,633.7,364,574.5,454.6,442
GENE-9843,NO,155.7,156.9,154.5,0.985,0,0.25,-0.08,9.3e-01,1.0e+00,0.9999,3412,155.7,177,137.9,180.3,155.9,127.4
GENE-9844,NO,61.3,62.4,60.3,0.966,-0.1,0.41,-0.12,9.0e-01,1.0e+00,0.9999,3413,41.7,77.1,68.4,34.7,71.5,74.7
GENE-9846,NO,6.4,5.3,7.6,1.441,0.5,0.74,0.71,4.8e-01,1.0e+00,0.9999,3414,5,4.9,6,9.9,4,9
GENE-9855,NO,205,215.6,194.3,0.901,-0.2,0.21,-0.72,4.7e-01,1.0e+00,0.9999,3415,208.3,226.4,212.2,176.3,205.5,201.1
GENE-9857,NO,41.2,44.9,37.4,0.833,-0.3,0.45,-0.59,5.5e-01,1.0e+00,0.9999,3416,58.5,28.7,47.6,42.6,20.8,48.8
GENE-9858,NO,181.7,174.1,189.3,1.088,0.1,0.24,0.51,6.1e-01,1.0e+00,0.9999,3417,197.4,162.1,162.7,167.4,220.4,180.2
GENE-9862,NO,227.6,223.9,231.3,1.033,0,0.23,0.21,8.4e-01,1.0e+00,0.9999,3418,231.1,192.8,247.9,245.6,245.2,203.1
GENE-9864,NO,29.8,32.7,26.8,0.82,-0.3,0.39,-0.74,4.6e-01,1.0e+00,0.9999,3419,41.7,28.7,27.8,27.7,28.8,23.9
GENE-9868,NO,97.2,104.7,89.7,0.857,-0.2,0.33,-0.68,4.9e-01,1.0e+00,0.9999,3420,76.4,123.6,114.1,66.4,92.3,110.5
GENE-9876,NO,1122.5,1116.8,1128.2,1.01,0,0.17,0.08,9.3e-01,1.0e+00,0.9999,3421,1116.8,1172.4,1061.2,1092.5,1226,1066.2
GENE-9880,NO,14.9,13.6,16.2,1.198,0.3,0.52,0.5,6.2e-01,1.0e+00,0.9999,3422,13.9,10.9,15.9,10.9,21.8,15.9
GENE-9881,NO,3398.4,3553.5,3243.3,0.913,-0.1,0.38,-0.35,7.3e-01,1.0e+00,0.9999,3423,3335.5,3748.6,3576.4,3131.8,4999.2,1598.8
GENE-9882,NO,1872.3,1927.1,1817.6,0.943,-0.1,0.22,-0.38,7.0e-01,1.0e+00,0.9999,3424,2086.8,2137.3,1557.1,1718.4,2059.8,1674.5
GENE-9884,NO,125.2,114.9,135.4,1.178,0.2,0.35,0.68,5.0e-01,1.0e+00,0.9999,3425,83.3,107.8,153.7,93.1,144.9,168.2
GENE-9891,NO,89.4,87.2,91.7,1.052,0.1,0.31,0.23,8.2e-01,1.0e+00,0.9999,3426,61.5,90,110.1,83.2,105.2,86.6
GENE-9892,NO,1,0.7,1.3,2.007,1,2.59,0.39,7.0e-01,1.0e+00,0.9999,3427,2,0,0,0,0,4
GENE-9898,NO,3540.6,3600.1,3481.1,0.967,0,0.15,-0.31,7.5e-01,1.0e+00,0.9999,3428,3511.1,3520.3,3768.8,3392.3,3539.9,3511.2
GENE-9900,NO,69.1,67.4,70.8,1.051,0.1,0.32,0.23,8.2e-01,1.0e+00,0.9999,3429,47.6,77.1,77.4,81.2,68.5,62.7
GENE-9903,NO,79.7,68.7,90.7,1.32,0.4,0.28,1.41,1.6e-01,1.0e+00,0.9999,3430,64.5,61.3,80.3,86.2,106.2,79.6
GENE-9904,NO,31.1,30.7,31.4,1.023,0,0.42,0.08,9.4e-01,1.0e+00,0.9999,3431,29.8,31.6,30.7,32.7,42.7,18.9
GENE-9906,NO,139.7,133.1,146.2,1.099,0.1,0.25,0.54,5.9e-01,1.0e+00,0.9999,3432,133.9,122.6,142.8,178.3,130,130.4
GENE-9914,NO,422.9,432,413.7,0.958,-0.1,0.23,-0.27,7.8e-01,1.0e+00,0.9999,3433,513.8,358.8,423.5,413,377.2,451
GENE-9916,NO,73.2,73,73.4,1.006,0,0.35,0.03,9.8e-01,1.0e+00,0.9999,3434,93.2,63.3,62.5,99,58.6,62.7
GENE-9918,NO,46.6,40.6,52.6,1.295,0.4,0.35,1.06,2.9e-01,1.0e+00,0.9999,3435,48.6,33.6,39.7,64.4,39.7,53.8
GENE-9922,YES,4.1,2,6.3,3.175,1.7,0.98,1.71,8.7e-02,1.0e+00,0.9999,3436,1,3,2,5,5,9
GENE-9927,NO,103.6,112,95.4,0.851,-0.2,0.38,-0.62,5.4e-01,1.0e+00,0.9999,3437,146.8,105.8,83.3,108,56.6,121.5
GENE-9931,NO,63.8,59.1,68.5,1.16,0.2,0.41,0.53,6.0e-01,1.0e+00,0.9999,3438,66.5,62.3,48.6,49.5,47.6,108.5
GENE-9932,NO,21.7,25.1,18.2,0.725,-0.5,0.42,-1.11,2.6e-01,1.0e+00,0.9999,3439,24.8,22.7,27.8,16.8,17.9,19.9
GENE-9933,NO,126.6,134.7,118.5,0.879,-0.2,0.25,-0.75,4.5e-01,1.0e+00,0.9999,3440,111.1,148.3,144.8,113.9,116.1,125.4
GENE-9937,NO,92.1,83.2,100.9,1.212,0.3,0.32,0.87,3.8e-01,1.0e+00,0.9999,3441,79.3,71.2,99.2,121.8,110.2,70.7
GENE-9938,NO,52.1,55.5,48.7,0.877,-0.2,0.29,-0.64,5.2e-01,1.0e+00,0.9999,3442,56.5,55.4,54.5,44.6,48.6,52.8
GENE-9940,NO,8.4,8.6,8.3,0.964,-0.1,0.73,-0.07,9.4e-01,1.0e+00,0.9999,3443,8.9,13.8,3,6.9,6.9,11
GENE-9941,NO,669.4,861.5,477.4,0.554,-0.9,1.11,-0.76,4.4e-01,1.0e+00,0.9999,3444,2101.7,94.9,387.8,518,553.9,360.4
GENE-9945,NO,0.7,1,0.3,0.359,-1.5,2.2,-0.67,5.0e-01,1.0e+00,0.9999,3445,1,1,1,0,1,0
GENE-9946,NO,21.5,21.8,21.2,0.972,0,0.45,-0.09,9.3e-01,1.0e+00,0.9999,3446,30.7,17.8,16.9,19.8,22.8,20.9
GENE-9951,NO,200,204.4,195.6,0.957,-0.1,0.24,-0.27,7.9e-01,1.0e+00,0.9999,3447,164.6,223.4,225.1,188.2,211.4,187.2
GENE-9956,NO,19.5,15.9,23.2,1.461,0.5,0.65,0.85,4.0e-01,1.0e+00,0.9999,3448,13.9,4.9,28.8,13.9,32.8,22.9
GENE-9957,NO,85,73,97,1.329,0.4,0.35,1.17,2.4e-01,1.0e+00,0.9999,3449,54.6,59.3,105.1,78.2,108.2,104.5
GENE-9959,NO,4994.3,5074.6,4914,0.968,0,0.19,-0.24,8.1e-01,1.0e+00,0.9999,3450,4457.3,5571.6,5195,4434.2,5129.2,5178.7
GENE-9960,NO,2.6,3,2.3,0.779,-0.4,1.13,-0.32,7.5e-01,1.0e+00,0.9999,3451,5,1,3,2,3,2
GENE-9962,NO,9.3,9.9,8.6,0.869,-0.2,0.69,-0.29,7.7e-01,1.0e+00,0.9999,3452,4,15.8,9.9,9.9,6,10
GENE-9965,NO,411,398.6,423.4,1.062,0.1,0.22,0.39,7.0e-01,1.0e+00,0.9999,3453,354.1,425.1,416.6,406.1,365.3,498.8
GENE-9973,NO,394.8,217.5,572,2.63,1.4,1.05,1.33,1.8e-01,1.0e+00,0.9999,3454,204.3,302.5,145.8,48.5,1010.6,657
GENE-9976,NO,239,257.3,220.8,0.858,-0.2,0.31,-0.72,4.7e-01,1.0e+00,0.9999,3455,304.5,201.7,265.8,178.3,300.8,183.2
GENE-9978,NO,9.1,9.2,8.9,0.966,0,0.62,-0.08,9.4e-01,1.0e+00,0.9999,3456,8.9,11.9,6.9,10.9,8.9,7
GENE-9979,NO,332.9,357,308.8,0.865,-0.2,0.22,-0.96,3.3e-01,1.0e+00,0.9999,3457,422.5,323.3,325.3,294.2,326.6,305.6
GENE-9980,NO,12.1,12.2,11.9,0.976,0,0.6,-0.06,9.5e-01,1.0e+00,0.9999,3458,12.9,12.9,10.9,6.9,8.9,19.9
GENE-9981,NO,383,439.1,326.9,0.745,-0.4,0.44,-0.98,3.3e-01,1.0e+00,0.9999,3459,291.6,583.3,442.3,146.6,368.3,465.9
GENE-9992,NO,16,17.2,14.9,0.867,-0.2,0.51,-0.41,6.9e-01,1.0e+00,0.9999,3460,19.8,19.8,11.9,19.8,12.9,11.9
GENE-9994,NO,390.6,426.4,354.7,0.832,-0.3,0.23,-1.14,2.5e-01,1.0e+00,0.9999,3461,513.8,379.6,385.8,401.1,342.5,320.6
GENE-9995,NO,2763.3,2845.5,2681.2,0.942,-0.1,0.2,-0.42,6.7e-01,1.0e+00,0.9999,3462,3168.9,3041.8,2325.8,2706.9,2581,2755.6
GENE-9997,NO,12.2,10.9,13.6,1.245,0.3,0.55,0.57,5.7e-01,1.0e+00,0.9999,3463,13.9,7.9,10.9,14.9,9.9,15.9
GENE-10000,NO,94.8,80.6,108.9,1.352,0.4,0.36,1.2,2.3e-01,1.0e+00,0.9999,3464,111.1,75.1,55.5,76.3,128.1,122.4
GENE-10019,NO,1775.1,1667.2,1882.9,1.129,0.2,0.22,0.8,4.2e-01,1.0e+00,0.9999,3465,1409.4,1537.2,2055,1869,1827.5,1952.2
GENE-10022,NO,587.4,632.6,542.2,0.857,-0.2,0.22,-1.03,3.0e-01,1.0e+00,0.9999,3466,626.8,704.8,566.3,452.6,589.7,584.4
GENE-10024,NO,184.1,202.4,165.8,0.819,-0.3,0.26,-1.13,2.6e-01,1.0e+00,0.9999,3467,230.1,217.5,159.7,144.6,184.6,168.2
GENE-10031,NO,21,17.5,24.5,1.399,0.5,0.61,0.8,4.3e-01,1.0e+00,0.9999,3468,29.8,5.9,16.9,18.8,18.9,35.8
GENE-10034,YES,1.3,1,1.7,1.672,0.7,2.06,0.36,7.2e-01,1.0e+00,0.9999,3469,3,0,0,0,1,4
GENE-10041,NO,3.3,3.3,3.3,1.001,0,1.2,0,1.0e+00,1.0e+00,0.9999,3470,7.9,1,1,5,1,4
GENE-10049,NO,89.7,98.1,81.4,0.83,-0.3,0.36,-0.76,4.5e-01,1.0e+00,0.9999,3471,101.2,69.2,124,90.1,99.3,54.8
GENE-10053,NO,276.7,260.6,292.9,1.124,0.2,0.22,0.78,4.3e-01,1.0e+00,0.9999,3472,233.1,266.9,281.7,263.5,330.6,284.7
GENE-10057,NO,109.1,109.6,108.5,0.99,0,0.34,-0.04,9.7e-01,1.0e+00,0.9999,3473,118,107.8,103.1,154.5,69.5,101.5
GENE-10063,NO,14.5,16.2,12.9,0.8,-0.3,0.89,-0.36,7.2e-01,1.0e+00,0.9999,3474,5,34.6,8.9,3,8.9,26.9
GENE-10067,NO,3884.8,3874.7,3894.9,1.005,0,0.17,0.05,9.6e-01,1.0e+00,0.9999,3475,4211.3,3635,3777.8,3801.3,3880.4,4003
GENE-10069,NO,427.9,439.9,416,0.946,-0.1,0.19,-0.42,6.7e-01,1.0e+00,0.9999,3476,446.3,469.6,403.7,412,391.1,445
GENE-10077,NO,35.7,38.7,32.7,0.848,-0.2,0.42,-0.57,5.7e-01,1.0e+00,0.9999,3477,51.6,35.6,28.8,39.6,37.7,20.9
GENE-10079,NO,2.3,1.7,3,1.805,0.9,1.25,0.68,4.9e-01,1.0e+00,0.9999,3478,0,3,2,3,3,3
GENE-10080,NO,57.9,56.8,58.9,1.037,0.1,0.32,0.16,8.7e-01,1.0e+00,0.9999,3479,55.5,51.4,63.5,51.5,75.4,49.8
GENE-10083,NO,5.8,3.6,7.9,2.189,1.1,0.88,1.28,2.0e-01,1.0e+00,0.9999,3480,4,5.9,1,4,7.9,11.9
GENE-10095,NO,1813,1787.4,1838.7,1.029,0,0.22,0.19,8.5e-01,1.0e+00,0.9999,3481,1435.2,2006.8,1920.1,1632.2,1976.4,1907.4
GENE-10102,NO,2.8,3.7,2,0.547,-0.9,1.1,-0.79,4.3e-01,1.0e+00,0.9999,3482,2,4,5,3,1,2
GENE-10103,NO,473.5,524.4,422.7,0.806,-0.3,0.32,-0.99,3.2e-01,1.0e+00,0.9999,3483,468.1,583.3,521.7,295.2,612.5,360.4
GENE-10106,NO,572.4,634.5,510.3,0.804,-0.3,0.22,-1.41,1.6e-01,1.0e+00,0.9999,3484,723,511.1,669.5,556.6,476.5,497.8
GENE-10110,NO,10.4,11.6,9.3,0.801,-0.3,0.66,-0.49,6.3e-01,1.0e+00,0.9999,3485,8.9,8.9,16.9,7.9,14.9,5
GENE-10112,NO,11.9,9.6,14.2,1.487,0.6,0.57,1.01,3.1e-01,1.0e+00,0.9999,3486,9.9,11.9,6.9,10.9,12.9,18.9
GENE-10120,NO,73.9,67.4,80.4,1.193,0.3,0.33,0.76,4.4e-01,1.0e+00,0.9999,3487,76.4,42.5,83.3,78.2,77.4,85.6
GENE-10122,NO,19,19.8,18.2,0.919,-0.1,0.44,-0.28,7.8e-01,1.0e+00,0.9999,3488,19.8,22.7,16.9,15.8,17.9,20.9
GENE-10126,NO,10.1,11.3,8.9,0.796,-0.3,0.65,-0.5,6.1e-01,1.0e+00,0.9999,3489,6,11.9,15.9,5.9,7.9,12.9
GENE-10128,NO,424.9,453.4,396.4,0.874,-0.2,0.31,-0.63,5.3e-01,1.0e+00,0.9999,3490,444.3,450.8,465.2,242.7,424.9,521.7
GENE-10129,NO,115.9,114.9,116.8,1.017,0,0.24,0.1,9.2e-01,1.0e+00,0.9999,3491,115.1,124.6,105.1,109.9,123.1,117.5
GENE-10131,NO,141,140,142,1.014,0,0.23,0.09,9.3e-01,1.0e+00,0.9999,3492,134.9,137.4,147.8,121.8,150.9,153.3
GENE-10133,NO,3.8,3,4.7,1.559,0.6,1,0.64,5.2e-01,1.0e+00,0.9999,3493,5,2,2,4,2,8
GENE-10135,NO,19.2,20.8,17.5,0.843,-0.2,0.47,-0.53,6.0e-01,1.0e+00,0.9999,3494,21.8,16.8,23.8,18.8,21.8,11.9
GENE-10136,NO,31.6,36,27.1,0.754,-0.4,0.51,-0.8,4.2e-01,1.0e+00,0.9999,3495,21.8,44.5,41.7,41.6,26.8,12.9
GENE-10147,NO,110.1,106.3,113.9,1.071,0.1,0.24,0.42,6.8e-01,1.0e+00,0.9999,3496,98.2,111.7,109.1,114.9,106.2,120.5
GENE-10151,NO,211.9,205.4,218.4,1.063,0.1,0.2,0.45,6.5e-01,1.0e+00,0.9999,3497,201.3,213.5,201.3,212.9,225.3,217
GENE-10152,NO,71.9,60.1,83.7,1.393,0.5,0.31,1.53,1.3e-01,1.0e+00,0.9999,3498,47.6,64.3,68.4,97.1,89.3,64.7
GENE-10154,NO,18.4,15.2,21.5,1.416,0.5,0.46,1.09,2.8e-01,1.0e+00,0.9999,3499,13.9,12.9,18.8,21.8,17.9,24.9
GENE-10158,NO,125.8,124.5,127.1,1.021,0,0.23,0.13,9.0e-01,1.0e+00,0.9999,3500,128.9,121.6,123,122.8,136,122.4
GENE-10161,NO,4.1,5,3.3,0.668,-0.6,1.03,-0.56,5.7e-01,1.0e+00,0.9999,3501,9.9,2,3,2,2,6
GENE-10162,NO,34.4,39.6,29.1,0.735,-0.4,0.38,-1.18,2.4e-01,1.0e+00,0.9999,3502,33.7,42.5,42.6,22.8,37.7,26.9
GENE-10168,NO,0.8,1,0.7,0.668,-0.6,2.07,-0.28,7.8e-01,1.0e+00,0.9999,3503,1,0,2,1,0,1
GENE-10171,NO,2897,2905.6,2888.3,0.994,0,0.17,-0.05,9.6e-01,1.0e+00,0.9999,3504,2622.4,3057.6,3036.9,2859.4,2893.7,2911.9
GENE-10175,NO,73.4,78.6,68.2,0.867,-0.2,0.29,-0.71,4.8e-01,1.0e+00,0.9999,3505,82.3,72.2,81.3,73.3,78.4,52.8
GENE-10177,NO,327.2,286.6,367.9,1.284,0.4,0.31,1.17,2.4e-01,1.0e+00,0.9999,3506,315.4,347,197.4,295.2,342.5,465.9
GENE-10180,NO,335.4,299.9,371,1.237,0.3,0.19,1.59,1.1e-01,1.0e+00,0.9999,3507,302.5,291.6,305.5,408.1,342.5,362.4
GENE-10181,NO,20,15.8,24.2,1.522,0.6,0.89,0.68,5.0e-01,1.0e+00,0.9999,3508,7.9,5.9,33.7,22.8,46.7,3
GENE-10183,NO,1049.5,900.9,1198.1,1.33,0.4,0.27,1.54,1.2e-01,1.0e+00,0.9999,3509,982.9,925.3,794.4,1237.1,1501.9,855.2
GENE-10188,NO,2.6,3,2.3,0.779,-0.4,1.26,-0.29,7.7e-01,1.0e+00,0.9999,3510,4,1,4,3,0,4
GENE-10192,NO,3299,3524.7,3073.3,0.872,-0.2,0.26,-0.77,4.4e-01,1.0e+00,0.9999,3511,3269.1,3545,3759.9,2158.2,3702.7,3358.9
GENE-10197,NO,32.4,31.1,33.8,1.087,0.1,0.47,0.26,8.0e-01,1.0e+00,0.9999,3512,41.7,23.7,27.8,21.8,52.6,26.9
GENE-10198,NO,86.1,76.3,96,1.258,0.3,0.26,1.26,2.1e-01,1.0e+00,0.9999,3513,84.3,77.1,67.4,100,85.4,102.5
GENE-10199,NO,85.8,79.3,92.4,1.166,0.2,0.38,0.59,5.6e-01,1.0e+00,0.9999,3514,85.3,82.1,70.4,69.3,64.5,143.4
GENE-10205,NO,668.9,669.4,668.5,0.999,0,0.18,-0.01,9.9e-01,1.0e+00,0.9999,3515,624.9,707.8,675.4,667.6,725.7,612.2
GENE-10206,NO,117.7,119.2,116.2,0.974,0,0.27,-0.14,8.9e-01,1.0e+00,0.9999,3516,135.9,91.9,129.9,108,130,110.5
GENE-10210,NO,15,16.5,13.5,0.821,-0.3,0.5,-0.57,5.7e-01,1.0e+00,0.9999,3517,19.8,12.9,16.9,16.8,11.9,11.9
GENE-10211,NO,66.6,80.9,52.3,0.647,-0.6,0.39,-1.63,1.0e-01,1.0e+00,0.9999,3518,63.5,121.6,57.5,42.6,57.6,56.7
GENE-10212,NO,600,655.6,544.3,0.83,-0.3,0.22,-1.23,2.2e-01,1.0e+00,0.9999,3519,771.6,621.8,573.3,607.1,496.3,529.6
GENE-10213,NO,301.9,294.9,308.8,1.047,0.1,0.22,0.29,7.7e-01,1.0e+00,0.9999,3520,343.2,263.9,277.7,279.3,347.4,299.7
GENE-10215,NO,190.4,180.6,200.2,1.109,0.1,0.24,0.63,5.3e-01,1.0e+00,0.9999,3521,152.7,190.8,198.4,211,174.7,215
GENE-10218,NO,60.3,70,50.7,0.723,-0.5,0.38,-1.23,2.2e-01,1.0e+00,0.9999,3522,49.6,61.3,99.2,43.6,43.7,64.7
GENE-10219,NO,6365.2,6008.7,6721.7,1.119,0.2,0.17,0.95,3.4e-01,1.0e+00,0.9999,3523,6051.2,6050,5925,7214.4,6953.8,5997
GENE-10220,NO,1849.1,1906,1792.2,0.94,-0.1,0.23,-0.39,6.9e-01,1.0e+00,0.9999,3524,1725.8,2347.8,1644.4,1677.8,1982.4,1716.3
GENE-10222,NO,33.7,32.7,34.8,1.063,0.1,0.39,0.22,8.2e-01,1.0e+00,0.9999,3525,33.7,40.5,23.8,25.8,40.7,37.8
GENE-10229,NO,192.6,201.4,183.7,0.912,-0.1,0.21,-0.63,5.3e-01,1.0e+00,0.9999,3526,195.4,216.5,192.4,196.1,170.7,184.2
GENE-10230,NO,21,21.1,20.8,0.986,0,0.45,-0.04,9.6e-01,1.0e+00,0.9999,3527,25.8,18.8,18.8,25.8,21.8,14.9
GENE-10231,NO,120.5,123.5,117.5,0.951,-0.1,0.24,-0.3,7.6e-01,1.0e+00,0.9999,3528,136.9,108.7,125,109.9,123.1,119.5
GENE-10232,NO,13.1,13.9,12.2,0.883,-0.2,0.51,-0.35,7.3e-01,1.0e+00,0.9999,3529,11.9,14.8,14.9,11.9,10.9,13.9
GENE-10238,NO,1111.1,1104.9,1117.3,1.011,0,0.24,0.07,9.5e-01,1.0e+00,0.9999,3530,916.5,1214.9,1183.2,1275.7,1205.1,871.1
GENE-10239,NO,209.5,214.4,204.5,0.954,-0.1,0.26,-0.26,8.0e-01,1.0e+00,0.9999,3531,197.4,171,274.7,199.1,217.4,197.1
GENE-10242,NO,54.5,57.1,52,0.91,-0.1,0.3,-0.46,6.4e-01,1.0e+00,0.9999,3532,57.5,61.3,52.6,49.5,58.6,47.8
GENE-10243,NO,636.4,990,282.7,0.286,-1.8,1.56,-1.16,2.5e-01,1.0e+00,0.9999,3533,670.5,2278.6,20.8,271.4,538,38.8
GENE-10245,NO,112.6,108.3,116.8,1.078,0.1,0.4,0.27,7.9e-01,1.0e+00,0.9999,3534,162.7,103.8,58.5,148.6,109.2,92.6
GENE-10248,NO,5.3,5.3,5.3,1.003,0,0.88,0.01,1.0e+00,1.0e+00,0.9999,3535,3,8.9,4,2,6.9,7
GENE-10249,NO,84.7,77.6,91.7,1.182,0.2,0.3,0.81,4.2e-01,1.0e+00,0.9999,3536,81.3,87,64.5,78.2,82.4,114.5
GENE-10251,NO,20.2,21.8,18.5,0.85,-0.2,0.49,-0.48,6.3e-01,1.0e+00,0.9999,3537,17.9,30.6,16.9,24.8,13.9,16.9
GENE-10261,NO,13.6,12.2,14.9,1.219,0.3,0.52,0.55,5.8e-01,1.0e+00,0.9999,3538,8.9,12.9,14.9,14.9,13.9,15.9
GENE-10267,NO,3.6,5,2.3,0.467,-1.1,1.01,-1.08,2.8e-01,1.0e+00,0.9999,3539,5,2,7.9,2,3,2
GENE-10271,NO,1,1,1,1.003,0,1.78,0,1.0e+00,1.0e+00,0.9999,3540,1,1,1,0,2,1
GENE-10273,NO,23.1,26.7,19.6,0.73,-0.5,0.49,-0.92,3.6e-01,1.0e+00,0.9999,3541,30.7,28.7,20.8,11.9,15.9,30.9
GENE-10278,NO,4,5.3,2.7,0.501,-1,0.91,-1.1,2.7e-01,1.0e+00,0.9999,3542,6,4.9,5,3,2,3
GENE-10280,NO,39.2,39,39.4,1.01,0,0.38,0.04,9.7e-01,1.0e+00,0.9999,3543,46.6,34.6,35.7,34.7,53.6,29.9
GENE-10290,NO,53.7,54.8,52.7,0.96,-0.1,0.46,-0.13,9.0e-01,1.0e+00,0.9999,3544,22.8,74.1,67.4,46.6,46.7,64.7
GENE-10291,NO,1.3,1.3,1.3,1.003,0,1.59,0,1.0e+00,1.0e+00,0.9999,3545,2,2,0,1,1,2
GENE-10293,NO,149.9,142,157.9,1.112,0.2,0.33,0.46,6.4e-01,1.0e+00,0.9999,3546,92.2,129.5,204.3,159.5,155.9,158.3
GENE-10301,NO,198.7,190.5,206.9,1.086,0.1,0.24,0.48,6.3e-01,1.0e+00,0.9999,3547,194.4,199.7,177.5,225.8,161.8,233
GENE-10303,NO,3,1.6,4.3,2.61,1.4,1.39,0.99,3.2e-01,1.0e+00,0.9999,3548,0,4.9,0,2,6,5
GENE-10307,NO,171.5,175,167.9,0.96,-0.1,0.66,-0.09,9.3e-01,1.0e+00,0.9999,3549,248,247.1,29.8,102,117.1,284.7
GENE-10310,NO,95,112.9,77.1,0.683,-0.6,0.33,-1.68,9.3e-02,1.0e+00,0.9999,3550,143.8,122.6,72.4,81.2,72.5,77.7
GENE-10311,NO,69.9,62.7,77.2,1.229,0.3,0.38,0.79,4.3e-01,1.0e+00,0.9999,3551,71.4,60.3,56.5,45.6,110.2,75.7
GENE-10314,NO,1062,1248.4,875.7,0.702,-0.5,0.51,-1.01,3.1e-01,1.0e+00,0.9999,3552,1933.1,611.9,1200.1,500.2,1544.6,582.4
GENE-10315,NO,1100.7,1112.4,1089.1,0.979,0,0.21,-0.14,8.9e-01,1.0e+00,0.9999,3553,1077.1,1316.8,943.2,1105.3,1153.5,1008.5
GENE-10317,NO,6.6,5,8.3,1.67,0.7,0.73,1.01,3.1e-01,1.0e+00,0.9999,3554,5,4.9,5,10.9,8.9,5
GENE-10320,NO,203.4,194.2,212.6,1.094,0.1,0.28,0.47,6.4e-01,1.0e+00,0.9999,3555,183.5,155.2,244,178.3,208.5,250.9
GENE-10321,NO,1.7,2.3,1,0.43,-1.2,1.5,-0.81,4.2e-01,1.0e+00,0.9999,3556,1,3,3,1,0,2
GENE-10325,NO,2.3,2,2.7,1.337,0.4,1.27,0.33,7.4e-01,1.0e+00,0.9999,3557,0,4,2,3,3,2
GENE-10326,NO,105.5,110.7,100.2,0.906,-0.1,0.31,-0.46,6.4e-01,1.0e+00,0.9999,3558,137.9,95.9,98.2,123.8,76.4,100.5
GENE-10327,NO,266.3,274.1,258.5,0.943,-0.1,0.21,-0.41,6.8e-01,1.0e+00,0.9999,3559,280.7,243.2,298.5,238.7,267,269.8
GENE-10329,NO,79.2,81,77.5,0.957,-0.1,0.33,-0.19,8.5e-01,1.0e+00,0.9999,3560,112.1,64.3,66.5,77.3,68.5,86.6
GENE-10333,NO,60.7,63.1,58.2,0.923,-0.1,0.29,-0.4,6.9e-01,1.0e+00,0.9999,3561,66.5,59.3,63.5,65.4,50.6,58.7
GENE-10337,NO,13.4,13.6,13.2,0.978,0,0.52,-0.06,9.5e-01,1.0e+00,0.9999,3562,17.9,12.9,9.9,11.9,13.9,13.9
GENE-10338,NO,138.7,118.9,158.4,1.332,0.4,0.55,0.75,4.5e-01,1.0e+00,0.9999,3563,141.8,102.8,112.1,76.3,72.5,326.5
GENE-10345,NO,4.5,4.3,4.7,1.08,0.1,0.88,0.13,9.0e-01,1.0e+00,0.9999,3564,2,4.9,6,3,6,5
GENE-10349,NO,262.4,256.6,268.1,1.045,0.1,0.22,0.29,7.7e-01,1.0e+00,0.9999,3565,276.7,234.3,258.9,270.4,230.3,303.6
GENE-10350,NO,7.1,8.3,6,0.722,-0.5,0.73,-0.64,5.2e-01,1.0e+00,0.9999,3566,6,12.9,6,7.9,6,4
GENE-10357,NO,58.5,46.9,70.1,1.496,0.6,0.33,1.74,8.3e-02,1.0e+00,0.9999,3567,42.6,42.5,55.5,88.1,52.6,69.7
GENE-10361,NO,65.1,69.7,60.6,0.869,-0.2,0.32,-0.63,5.3e-01,1.0e+00,0.9999,3568,80.3,69.2,59.5,54.5,78.4,48.8
GENE-10370,NO,3.5,4.6,2.3,0.501,-1,1.25,-0.8,4.3e-01,1.0e+00,0.9999,3569,2,1,10.9,1,1,5
GENE-10373,NO,401.7,379.5,424,1.117,0.2,0.37,0.43,6.7e-01,1.0e+00,0.9999,3570,415.6,325.2,397.7,556.6,505.3,210.1
GENE-10374,NO,1.5,2,1,0.501,-1,1.59,-0.63,5.3e-01,1.0e+00,0.9999,3571,4,2,0,1,1,1
GENE-10375,NO,26.8,26.1,27.5,1.053,0.1,0.46,0.16,8.7e-01,1.0e+00,0.9999,3572,23.8,35.6,18.8,17.8,37.7,26.9
GENE-10377,NO,213.6,229.3,197.9,0.863,-0.2,0.25,-0.85,4.0e-01,1.0e+00,0.9999,3573,283.7,185.9,218.2,193.1,213.4,187.2
GENE-10393,NO,1.8,1.7,2,1.203,0.3,1.28,0.21,8.3e-01,1.0e+00,0.9999,3574,2,2,1,2,2,2
GENE-10400,NO,171.2,179.6,162.8,0.906,-0.1,0.29,-0.5,6.2e-01,1.0e+00,0.9999,3575,156.7,207.6,174.6,189.2,183.6,115.5
GENE-10401,NO,1132.3,1179.6,1085,0.92,-0.1,0.25,-0.48,6.3e-01,1.0e+00,0.9999,3576,1135.7,1492.7,910.5,967.7,1175.3,1112
GENE-10402,NO,37,38,36.1,0.95,-0.1,0.42,-0.18,8.6e-01,1.0e+00,0.9999,3577,31.7,47.5,34.7,36.6,21.8,49.8
GENE-10404,NO,9.4,9.9,9,0.902,-0.1,0.65,-0.23,8.2e-01,1.0e+00,0.9999,3578,13.9,8.9,6.9,12.9,6,8
GENE-10405,NO,100.4,99.1,101.7,1.026,0,0.32,0.11,9.1e-01,1.0e+00,0.9999,3579,114.1,69.2,114.1,77.3,108.2,119.5
GENE-10407,NO,49.1,45.6,52.6,1.155,0.2,0.4,0.52,6.0e-01,1.0e+00,0.9999,3580,60.5,50.4,25.8,62.4,44.7,50.8
GENE-10409,NO,4.1,5.6,2.7,0.472,-1.1,0.93,-1.16,2.4e-01,1.0e+00,0.9999,3581,7.9,3,6,2,3,3
GENE-10411,NO,27.9,24.1,31.8,1.318,0.4,0.4,1,3.2e-01,1.0e+00,0.9999,3582,24.8,26.7,20.8,38.6,32.8,23.9
GENE-10413,NO,86.3,90.5,82.1,0.907,-0.1,0.28,-0.51,6.1e-01,1.0e+00,0.9999,3583,77.4,104.8,89.3,92.1,84.4,69.7
GENE-10414,NO,652,680.3,623.8,0.917,-0.1,0.23,-0.55,5.8e-01,1.0e+00,0.9999,3584,581.2,696,763.7,730,539,602.3
GENE-10416,NO,2.2,1,3.3,3.343,1.7,1.44,1.21,2.3e-01,1.0e+00,0.9999,3585,0,1,2,3,1,6
GENE-10421,NO,367.5,386.3,348.7,0.903,-0.1,0.29,-0.5,6.2e-01,1.0e+00,0.9999,3586,306.5,450.8,401.7,464.5,268,313.6
GENE-10427,NO,115.2,114,116.5,1.022,0,0.36,0.09,9.3e-01,1.0e+00,0.9999,3587,169.6,85,87.3,92.1,138,119.5
GENE-10432,NO,18.4,16.9,19.9,1.179,0.2,0.49,0.49,6.3e-01,1.0e+00,0.9999,3588,14.9,12.9,22.8,14.9,18.9,25.9
GENE-10436,NO,173.8,167.1,180.5,1.08,0.1,0.27,0.41,6.8e-01,1.0e+00,0.9999,3589,143.8,185.9,171.6,139.7,180.7,221
GENE-10441,NO,2.1,2,2.3,1.169,0.2,1.34,0.17,8.7e-01,1.0e+00,0.9999,3590,1,3,2,4,0,3
GENE-10449,NO,59.7,53.8,65.5,1.217,0.3,0.29,0.99,3.2e-01,1.0e+00,0.9999,3591,54.6,58.3,48.6,71.3,61.5,63.7
GENE-10451,NO,1.3,1,1.7,1.671,0.7,1.63,0.46,6.5e-01,1.0e+00,0.9999,3592,0,1,2,1,1,3
GENE-10455,NO,684.5,673.1,696,1.034,0,0.18,0.27,7.9e-01,1.0e+00,0.9999,3593,633.8,641.6,743.8,702.2,685.9,699.8
GENE-10456,NO,0.8,0.7,1,1.505,0.6,2.07,0.28,7.8e-01,1.0e+00,0.9999,3594,0,2,0,1,1,1
GENE-10457,NO,1.8,2.3,1.3,0.572,-0.8,1.46,-0.55,5.8e-01,1.0e+00,0.9999,3595,4,0,3,1,2,1
GENE-10459,NO,33.4,37.7,29.1,0.773,-0.4,0.35,-1.05,3.0e-01,1.0e+00,0.9999,3596,36.7,37.6,38.7,30.7,32.8,23.9
GENE-10460,NO,62.8,68.7,56.9,0.829,-0.3,0.44,-0.62,5.3e-01,1.0e+00,0.9999,3597,107.1,66.2,32.7,52.5,59.6,58.7
GENE-10464,NO,1.2,1.3,1,0.752,-0.4,1.58,-0.26,7.9e-01,1.0e+00,0.9999,3598,1,1,2,1,1,1
GENE-10467,NO,10.4,8.9,11.9,1.337,0.4,0.61,0.68,5.0e-01,1.0e+00,0.9999,3599,7.9,11.9,6.9,7.9,16.9,11
GENE-10469,NO,22.8,21.8,23.8,1.093,0.1,0.44,0.29,7.7e-01,1.0e+00,0.9999,3600,15.9,22.7,26.8,22.8,29.8,18.9
GENE-10475,NO,2.8,3.7,2,0.547,-0.9,1.08,-0.81,4.2e-01,1.0e+00,0.9999,3601,3,4,4,2,3,1
GENE-10478,NO,1886.4,1951.1,1821.7,0.934,-0.1,0.31,-0.32,7.5e-01,1.0e+00,0.9999,3602,1786.3,1356.3,2710.6,1580.7,2189.9,1694.4
GENE-10480,NO,0.8,0.3,1.3,3.727,1.9,2.32,0.82,4.1e-01,1.0e+00,0.9999,3603,0,0,1,1,3,0
GENE-10483,NO,69.6,71.6,67.6,0.943,-0.1,0.36,-0.24,8.1e-01,1.0e+00,0.9999,3604,59.5,90.9,64.5,53.5,54.6,94.6
GENE-10489,NO,6.1,7.3,5,0.683,-0.5,0.76,-0.72,4.7e-01,1.0e+00,0.9999,3605,9.9,7.9,4,4,5,6
GENE-10494,NO,0.8,1.3,0.3,0.269,-1.9,2.06,-0.92,3.6e-01,1.0e+00,0.9999,3606,1,1,2,1,0,0
GENE-10497,NO,33.9,29.4,38.4,1.306,0.4,0.37,1.03,3.0e-01,1.0e+00,0.9999,3607,20.8,32.6,34.7,41.6,38.7,34.8
GENE-10498,NO,0.7,0,1.3,7.268,2.9,2.34,1.22,2.2e-01,1.0e+00,0.9999,3608,0,0,0,1,1,2
GENE-10499,NO,75.2,84.2,66.2,0.786,-0.3,0.3,-1.17,2.4e-01,1.0e+00,0.9999,3609,64.5,85,103.1,69.3,63.5,65.7
GENE-10500,NO,148.6,143,154.2,1.078,0.1,0.24,0.45,6.5e-01,1.0e+00,0.9999,3610,141.8,162.1,125,171.3,155.9,135.4
GENE-10501,NO,952.2,899.8,1004.6,1.117,0.2,0.32,0.5,6.2e-01,1.0e+00,0.9999,3611,994.8,698.9,1005.7,627.9,1122.7,1263.3
GENE-10504,NO,568,575.6,560.3,0.974,0,0.18,-0.22,8.3e-01,1.0e+00,0.9999,3612,539.6,608,579.2,533.8,554.9,592.3
GENE-10508,NO,1248.5,1248.5,1248.5,1,0,0.19,0,1.0e+00,1.0e+00,0.9999,3613,1342.9,1077.5,1325,1181.6,1290.5,1273.3
GENE-10509,NO,291.3,300.5,282,0.938,-0.1,0.19,-0.47,6.4e-01,1.0e+00,0.9999,3614,293.6,318.3,289.6,265.4,278,302.6
GENE-10515,NO,33.6,33,34.1,1.032,0,0.44,0.1,9.2e-01,1.0e+00,0.9999,3615,43.6,21.7,33.7,41.6,21.8,38.8
GENE-10525,NO,3.1,3.6,2.7,0.729,-0.5,1.21,-0.38,7.1e-01,1.0e+00,0.9999,3616,3,5.9,2,2,6,0
GENE-10527,NO,128.4,128.8,128.1,0.995,0,0.24,-0.03,9.7e-01,1.0e+00,0.9999,3617,139.8,137.4,109.1,123.8,136,124.4
GENE-10530,YES,1.7,1.3,2,1.501,0.6,1.49,0.39,6.9e-01,1.0e+00,0.9999,3618,1,0,3,3,2,1
GENE-10535,NO,5,4,6,1.503,0.6,0.89,0.66,5.1e-01,1.0e+00,0.9999,3619,3,2,6.9,6.9,3,8
GENE-10537,NO,3.8,3.3,4.3,1.303,0.4,0.93,0.41,6.8e-01,1.0e+00,0.9999,3620,2,3,5,5,3,5
GENE-10543,NO,43.6,41.3,46,1.115,0.2,0.35,0.44,6.6e-01,1.0e+00,0.9999,3621,41.7,52.4,29.8,40.6,48.6,48.8
GENE-10545,NO,761,756.5,765.5,1.012,0,0.2,0.09,9.3e-01,1.0e+00,0.9999,3622,671.5,802.7,795.4,813.2,684,799.4
GENE-10548,NO,119.2,130.2,108.2,0.831,-0.3,0.29,-0.93,3.5e-01,1.0e+00,0.9999,3623,133.9,105.8,150.8,134.7,89.3,100.5
GENE-10550,NO,6.8,6,7.6,1.281,0.4,0.74,0.48,6.3e-01,1.0e+00,0.9999,3624,4,9.9,4,5.9,8.9,8
GENE-10553,NO,27.9,29.4,26.5,0.901,-0.2,0.41,-0.37,7.1e-01,1.0e+00,0.9999,3625,36.7,21.7,29.8,26.7,31.8,20.9
GENE-10566,NO,437.3,475,399.6,0.841,-0.2,0.28,-0.88,3.8e-01,1.0e+00,0.9999,3626,435.4,360.8,628.8,369.4,357.4,471.9
GENE-10572,NO,140.2,160.8,119.5,0.743,-0.4,0.24,-1.76,7.8e-02,1.0e+00,0.9999,3627,148.8,166.1,167.6,99,125.1,134.4
GENE-10574,NO,52.1,54.9,49.3,0.899,-0.2,0.45,-0.34,7.3e-01,1.0e+00,0.9999,3628,59.5,27.7,77.4,53.5,61.5,32.9
GENE-10578,NO,17.9,7.3,28.5,3.923,2,3.69,0.54,5.9e-01,1.0e+00,0.9999,3629,21.8,0,0,0,5,80.6
GENE-10580,NO,3,3.3,2.7,0.801,-0.3,1.2,-0.27,7.9e-01,1.0e+00,0.9999,3630,1,1,7.9,2,4,2
GENE-10582,NO,631.7,612.4,651,1.063,0.1,0.19,0.46,6.5e-01,1.0e+00,0.9999,3631,660.6,529.9,646.7,620,675,658
GENE-10586,NO,106.3,106.7,105.9,0.993,0,0.25,-0.04,9.7e-01,1.0e+00,0.9999,3632,109.1,120.6,90.3,102,115.2,100.5
GENE-10593,NO,289,276.8,301.2,1.088,0.1,0.22,0.55,5.8e-01,1.0e+00,0.9999,3633,270.8,242.2,317.4,336.8,278,288.7
GENE-10601,NO,265.5,220.6,310.4,1.407,0.5,0.31,1.6,1.1e-01,1.0e+00,0.9999,3634,277.7,194.7,189.4,262.5,420.9,247.9
GENE-10606,NO,95.5,102,89.1,0.872,-0.2,0.27,-0.72,4.7e-01,1.0e+00,0.9999,3635,87.3,102.8,116,94.1,73.5,99.6
GENE-10608,NO,211.6,207.7,215.4,1.037,0.1,0.23,0.23,8.2e-01,1.0e+00,0.9999,3636,212.3,212.5,198.4,235.7,234.3,176.2
GENE-10610,NO,220.9,239.8,202,0.842,-0.2,0.27,-0.92,3.6e-01,1.0e+00,0.9999,3637,242,201.7,275.7,181.3,169.7,254.9
GENE-10615,YES,0.7,0.7,0.7,1.003,0,2.22,0,1.0e+00,1.0e+00,0.9999,3638,0,1,1,1,0,1
GENE-10616,NO,343.3,376,310.6,0.826,-0.3,0.38,-0.72,4.7e-01,1.0e+00,0.9999,3639,391.8,225.4,510.8,446.7,246.2,238.9
GENE-10617,NO,193.8,203.1,184.4,0.908,-0.1,0.27,-0.52,6.0e-01,1.0e+00,0.9999,3640,227.1,168.1,214.2,145.6,182.7,225
GENE-10619,NO,2654.5,2701.5,2607.5,0.965,-0.1,0.19,-0.27,7.9e-01,1.0e+00,0.9999,3641,2957.6,2857.9,2289.1,2732.6,2551.2,2538.6
GENE-10623,NO,14.5,14.2,14.9,1.049,0.1,0.51,0.13,8.9e-01,1.0e+00,0.9999,3642,11.9,15.8,14.9,12.9,19.9,11.9
GENE-10626,NO,39,41,37,0.905,-0.1,0.32,-0.44,6.6e-01,1.0e+00,0.9999,3643,40.7,42.5,39.7,38.6,35.7,36.8
GENE-10629,NO,675.1,686,664.2,0.968,0,0.37,-0.12,9.0e-01,1.0e+00,0.9999,3644,672.5,869.9,515.7,350.6,863.6,778.5
GENE-10630,NO,1.5,1.7,1.3,0.801,-0.3,1.59,-0.2,8.4e-01,1.0e+00,0.9999,3645,4,0,1,1,1,2
GENE-10634,NO,2.1,2,2.3,1.17,0.2,1.31,0.17,8.6e-01,1.0e+00,0.9999,3646,2,4,0,2,3,2
GENE-10642,NO,4200.3,3924.8,4475.8,1.14,0.2,0.19,0.99,3.2e-01,1.0e+00,0.9999,3647,3621.2,4338.8,3814.5,4630.3,3921.1,4876.1
GENE-10646,NO,8.9,6.6,11.2,1.704,0.8,0.63,1.22,2.2e-01,1.0e+00,0.9999,3648,6.9,7.9,5,11.9,8.9,12.9
GENE-10653,NO,53.2,48.6,57.9,1.193,0.3,0.32,0.81,4.2e-01,1.0e+00,0.9999,3649,52.6,47.5,45.6,49.5,52.6,71.7
GENE-10657,NO,448.8,488.2,409.4,0.839,-0.3,0.2,-1.28,2.0e-01,1.0e+00,0.9999,3650,492.9,427.1,544.5,394.2,414.9,419.1
GENE-10661,NO,39.2,39,39.4,1.01,0,0.41,0.04,9.7e-01,1.0e+00,0.9999,3651,35.7,29.7,51.6,55.5,28.8,33.8
GENE-10663,NO,29.9,26.8,33.1,1.237,0.3,0.43,0.71,4.7e-01,1.0e+00,0.9999,3652,20.8,18.8,40.7,31.7,33.8,33.8
GENE-10666,NO,1,0.7,1.3,2.005,1,1.95,0.51,6.1e-01,1.0e+00,0.9999,3653,1,1,0,2,0,2
GENE-10667,NO,353,351.3,354.8,1.01,0,0.24,0.06,9.5e-01,1.0e+00,0.9999,3654,296.6,444.9,312.4,362.5,365.3,336.5
GENE-10671,NO,9035.1,7399.6,10670.5,1.442,0.5,0.31,1.73,8.3e-02,1.0e+00,0.9999,3655,9035.6,7554.6,5608.6,14618.9,9097,8295.7
GENE-10674,NO,40.5,36,45,1.25,0.3,0.49,0.66,5.1e-01,1.0e+00,0.9999,3656,60.5,18.8,28.8,33.7,42.7,58.7
GENE-10677,NO,94.2,94.4,94,0.995,0,0.31,-0.02,9.8e-01,1.0e+00,0.9999,3657,92.2,101.8,89.3,68.3,125.1,88.6
GENE-10681,NO,14.9,17.2,12.6,0.733,-0.4,0.53,-0.85,4.0e-01,1.0e+00,0.9999,3658,15.9,22.7,12.9,11.9,8.9,16.9
GENE-10686,NO,3,3.3,2.7,0.801,-0.3,1.03,-0.31,7.6e-01,1.0e+00,0.9999,3659,3,3,4,4,2,2
GENE-10689,NO,52.9,44.3,61.6,1.391,0.5,0.35,1.36,1.7e-01,1.0e+00,0.9999,3660,39.7,38.6,54.5,43.6,69.5,71.7
GENE-10692,NO,1250.2,1208.5,1291.8,1.069,0.1,0.24,0.4,6.9e-01,1.0e+00,0.9999,3661,1477.8,1083.5,1064.2,1107.3,1507.9,1260.3
GENE-10693,NO,11.1,13.5,8.6,0.636,-0.7,0.59,-1.1,2.7e-01,1.0e+00,0.9999,3662,12.9,16.8,10.9,5,10.9,10
GENE-10696,NO,32.1,35,29.1,0.832,-0.3,0.35,-0.76,4.5e-01,1.0e+00,0.9999,3663,34.7,37.6,32.7,30.7,28.8,27.9
GENE-10703,NO,1345.4,1174.8,1516.1,1.291,0.4,0.2,1.8,7.2e-02,1.0e+00,0.9999,3664,1031.5,1091.4,1401.4,1575.8,1473.1,1499.3
GENE-10706,NO,188.8,199.2,178.4,0.896,-0.2,0.22,-0.73,4.7e-01,1.0e+00,0.9999,3665,212.3,177,208.3,194.1,174.7,166.3
GENE-10707,NO,52.4,46.6,58.3,1.251,0.3,0.3,1.07,2.8e-01,1.0e+00,0.9999,3666,51.6,44.5,43.6,62.4,60.6,51.8
GENE-10708,NO,254.4,252,256.8,1.019,0,0.23,0.12,9.0e-01,1.0e+00,0.9999,3667,271.8,237.3,247,297.1,215.4,257.8
GENE-10716,NO,481.9,388.5,575.4,1.481,0.6,0.32,1.75,8.0e-02,1.0e+00,0.9999,3668,307.5,299.5,558.4,701.2,460.6,564.5
GENE-10720,NO,99.5,99.7,99.3,0.996,0,0.29,-0.02,9.8e-01,1.0e+00,0.9999,3669,106.1,91.9,101.2,70.3,117.1,110.5
GENE-10721,NO,13.7,12.2,15.2,1.246,0.3,0.55,0.57,5.7e-01,1.0e+00,0.9999,3670,16.9,12.9,6.9,14.9,11.9,18.9
GENE-10723,NO,3.6,4,3.3,0.835,-0.3,1.11,-0.23,8.2e-01,1.0e+00,0.9999,3671,5,6.9,0,4,3,3
GENE-10725,NO,220.7,218.3,223.1,1.022,0,0.23,0.14,8.9e-01,1.0e+00,0.9999,3672,214.2,205.6,235.1,195.1,212.4,261.8
GENE-10729,NO,1.2,2,0.3,0.18,-2.5,1.88,-1.32,1.9e-01,1.0e+00,0.9999,3673,3,2,1,0,1,0
GENE-10732,NO,16,11.2,20.8,1.856,0.9,0.52,1.72,8.5e-02,1.0e+00,0.9999,3674,10.9,8.9,13.9,28.7,15.9,17.9
GENE-10735,NO,746.6,692.8,800.4,1.155,0.2,0.22,0.94,3.5e-01,1.0e+00,0.9999,3675,581.2,763.2,733.9,675.5,862.6,863.1
GENE-10736,NO,193.2,196.6,189.9,0.966,0,0.35,-0.14,8.9e-01,1.0e+00,0.9999,3676,153.7,140.4,295.6,216.9,194.6,158.3
GENE-10742,NO,30.6,34,27.2,0.798,-0.3,0.37,-0.88,3.8e-01,1.0e+00,0.9999,3677,32.7,34.6,34.7,25.8,22.8,32.9
GENE-10743,NO,84.3,84.2,84.4,1.002,0,0.28,0.01,9.9e-01,1.0e+00,0.9999,3678,78.4,87,87.3,66.4,92.3,94.6
GENE-10745,NO,576.6,602.4,550.8,0.914,-0.1,0.18,-0.71,4.8e-01,1.0e+00,0.9999,3679,624.9,587.2,595.1,497.2,587.7,567.4
GENE-10747,NO,6.9,5.3,8.6,1.629,0.7,0.73,0.97,3.3e-01,1.0e+00,0.9999,3680,6,3,6.9,5.9,8.9,11
GENE-10750,NO,11.2,10.2,12.2,1.196,0.3,0.57,0.45,6.5e-01,1.0e+00,0.9999,3681,9.9,9.9,10.9,14.9,7.9,13.9
GENE-10755,NO,186.3,172,200.5,1.166,0.2,0.21,1.03,3.0e-01,1.0e+00,0.9999,3682,155.7,182.9,177.5,215.9,193.6,192.1
GENE-10760,NO,402.8,409.8,395.8,0.966,0,0.2,-0.25,8.0e-01,1.0e+00,0.9999,3683,398.7,424.1,406.6,347.6,442.7,397.2
GENE-10761,NO,56.9,53.1,60.6,1.139,0.2,0.31,0.61,5.4e-01,1.0e+00,0.9999,3684,47.6,57.3,54.5,55.5,52.6,73.7
GENE-10762,NO,11.7,12.2,11.2,0.921,-0.1,0.64,-0.19,8.5e-01,1.0e+00,0.9999,3685,9.9,19.8,6.9,15.8,10.9,7
GENE-10764,NO,90.8,70.7,110.8,1.568,0.6,0.42,1.53,1.3e-01,1.0e+00,0.9999,3686,101.2,41.5,69.4,102,157.8,72.7
GENE-10768,NO,71.4,64.7,78.1,1.207,0.3,0.3,0.9,3.7e-01,1.0e+00,0.9999,3687,76.4,70.2,47.6,81.2,75.4,77.7
GENE-10769,NO,1,1,1,1.001,0,1.93,0,1.0e+00,1.0e+00,0.9999,3688,1,0,2,1,2,0
GENE-10772,NO,3.5,3,4,1.335,0.4,1.04,0.4,6.9e-01,1.0e+00,0.9999,3689,4,1,4,6.9,3,2
GENE-10774,NO,577.9,517.5,638.4,1.234,0.3,0.37,0.82,4.1e-01,1.0e+00,0.9999,3690,323.3,515,714.1,880.5,596.6,438
GENE-10782,NO,7.4,8.9,6,0.668,-0.6,0.75,-0.78,4.4e-01,1.0e+00,0.9999,3691,12.9,8.9,5,3,6,9
GENE-10784,NO,7.1,6.9,7.3,1.05,0.1,0.7,0.1,9.2e-01,1.0e+00,0.9999,3692,6.9,8.9,5,5.9,9.9,6
GENE-10788,NO,123.3,126.8,119.8,0.945,-0.1,0.25,-0.32,7.5e-01,1.0e+00,0.9999,3693,137.9,135.4,107.1,114.9,107.2,137.4
GENE-10795,NO,21.7,25.5,17.9,0.703,-0.5,0.51,-1,3.2e-01,1.0e+00,0.9999,3694,34.7,12.9,28.8,12.9,20.8,19.9
GENE-10797,NO,253.2,263.6,242.9,0.922,-0.1,0.26,-0.45,6.5e-01,1.0e+00,0.9999,3695,282.7,261,247,228.8,309.7,190.1
GENE-10799,NO,36.9,34.7,39,1.126,0.2,0.34,0.51,6.1e-01,1.0e+00,0.9999,3696,37.7,29.7,36.7,37.6,38.7,40.8
GENE-10800,NO,756.6,833.5,679.8,0.816,-0.3,0.17,-1.69,9.1e-02,1.0e+00,0.9999,3697,774.6,885.8,840.1,653.7,693.9,691.9
GENE-10801,NO,36.4,38.9,33.7,0.866,-0.2,0.36,-0.57,5.7e-01,1.0e+00,0.9999,3698,43.6,42.5,30.7,39.6,26.8,34.8
GENE-10802,NO,1.8,1,2.7,2.674,1.4,1.42,1,3.2e-01,1.0e+00,0.9999,3699,0,2,1,3,2,3
GENE-10803,NO,629.6,622.4,636.8,1.023,0,0.22,0.15,8.8e-01,1.0e+00,0.9999,3700,516.7,677.2,673.4,640.8,556.9,712.8
GENE-10810,NO,112.4,108.6,116.2,1.069,0.1,0.27,0.36,7.2e-01,1.0e+00,0.9999,3701,125,108.7,92.2,137.7,101.3,109.5
GENE-10816,NO,8.3,8.3,8.3,1.002,0,0.66,0,1.0e+00,1.0e+00,0.9999,3702,6,8.9,9.9,8.9,10.9,5
GENE-10821,NO,680,687.3,672.6,0.979,0,0.22,-0.14,8.9e-01,1.0e+00,0.9999,3703,632.8,616.9,812.3,628.9,625.4,763.6
GENE-10827,NO,4.1,3.7,4.6,1.275,0.4,0.93,0.38,7.1e-01,1.0e+00,0.9999,3704,2,4,5,5.9,6,2
GENE-10828,NO,783.2,698.6,867.8,1.242,0.3,0.23,1.38,1.7e-01,1.0e+00,0.9999,3705,722.1,553.6,820.2,808.2,943.1,852.2
GENE-10831,NO,22.6,22.5,22.9,1.017,0,0.44,0.06,9.6e-01,1.0e+00,0.9999,3706,26.8,24.7,15.9,24.8,17.9,25.9
GENE-10833,NO,7.8,9.9,5.6,0.568,-0.8,0.68,-1.2,2.3e-01,1.0e+00,0.9999,3707,9.9,10.9,8.9,3,6.9,7
GENE-10839,NO,491.6,508.9,474.4,0.932,-0.1,0.29,-0.35,7.3e-01,1.0e+00,0.9999,3708,379.9,555.6,591.1,616.1,428.8,378.3
GENE-10840,NO,67.4,49.9,85,1.704,0.8,0.47,1.62,1.0e-01,1.0e+00,0.9999,3709,44.6,38.6,66.5,146.6,50.6,57.7
GENE-10841,NO,0.8,0.3,1.3,3.73,1.9,2.27,0.84,4.0e-01,1.0e+00,0.9999,3710,1,0,0,2,0,2
GENE-10842,NO,3247.2,3174.4,3319.9,1.046,0.1,0.26,0.25,8.0e-01,1.0e+00,0.9999,3711,2703.7,3049.7,3769.8,2633.6,4129.6,3196.6
GENE-10846,NO,33.2,36,30.4,0.846,-0.2,0.38,-0.63,5.3e-01,1.0e+00,0.9999,3712,40.7,32.6,34.7,33.7,20.8,36.8
GENE-10849,NO,51.8,50.6,53,1.048,0.1,0.45,0.15,8.8e-01,1.0e+00,0.9999,3713,77.4,22.7,51.6,53.5,45.7,59.7
GENE-10850,NO,79.4,74.3,84.4,1.135,0.2,0.39,0.47,6.4e-01,1.0e+00,0.9999,3714,91.2,40.5,91.2,92.1,99.3,61.7
GENE-10854,NO,2791.2,2836.3,2746.2,0.968,0,0.21,-0.22,8.2e-01,1.0e+00,0.9999,3715,2573.8,3282,2653.1,2494.9,2618.7,3124.9
GENE-10856,NO,875.9,882.3,869.4,0.985,0,0.17,-0.12,9.0e-01,1.0e+00,0.9999,3716,867.9,948,831.1,866.6,910.3,831.3
GENE-10857,NO,67.5,71,63.9,0.9,-0.2,0.42,-0.36,7.2e-01,1.0e+00,0.9999,3717,83.3,63.3,66.5,29.7,71.5,90.6
GENE-10858,NO,688.2,639.3,737.1,1.153,0.2,0.17,1.17,2.4e-01,1.0e+00,0.9999,3718,679.4,645.5,593.1,716.1,761.4,733.7
GENE-10860,NO,0.7,0.7,0.7,1.003,0,2.48,0,1.0e+00,1.0e+00,0.9999,3719,1,0,1,0,0,2
GENE-10863,NO,28.1,24.1,32.1,1.332,0.4,0.45,0.92,3.6e-01,1.0e+00,0.9999,3720,17.9,16.8,37.7,27.7,33.8,34.8
GENE-10866,NO,123.1,129.8,116.5,0.898,-0.2,0.24,-0.65,5.2e-01,1.0e+00,0.9999,3721,133.9,142.4,113.1,108,118.1,123.4
GENE-10867,NO,9.9,8.9,10.9,1.224,0.3,0.67,0.44,6.6e-01,1.0e+00,0.9999,3722,7.9,10.9,7.9,14.9,13.9,4
GENE-10869,NO,49.8,52.5,47,0.895,-0.2,0.34,-0.47,6.3e-01,1.0e+00,0.9999,3723,65.5,44.5,47.6,37.6,50.6,52.8
GENE-10871,NO,706.6,749.6,663.5,0.885,-0.2,0.25,-0.71,4.8e-01,1.0e+00,0.9999,3724,712.1,774,762.7,485.3,708.8,796.4
GENE-10872,NO,26.4,26.4,26.4,1.002,0,0.47,0.01,1.0e+00,1.0e+00,0.9999,3725,34.7,27.7,16.9,28.7,34.7,15.9
GENE-10873,NO,1149.1,1301.3,997,0.766,-0.4,0.31,-1.24,2.1e-01,1.0e+00,0.9999,3726,1822,1166.5,915.4,1023.1,1153.5,814.3
GENE-10876,NO,194,210,178,0.847,-0.2,0.33,-0.72,4.7e-01,1.0e+00,0.9999,3727,165.6,212.5,251.9,209,213.4,111.5
GENE-10880,NO,440.9,447.9,433.9,0.969,0,0.96,-0.05,9.6e-01,1.0e+00,0.9999,3728,708.2,53.4,582.2,285.2,618.4,398.2
GENE-10885,NO,5504.7,5199.9,5809.5,1.117,0.2,0.31,0.51,6.1e-01,1.0e+00,0.9999,3729,4483.1,4649.2,6467.5,4497.6,8275,4656
GENE-10886,NO,23.8,19.8,27.8,1.403,0.5,0.4,1.22,2.2e-01,1.0e+00,0.9999,3730,20.8,21.7,16.9,28.7,25.8,28.9
GENE-10890,NO,1244.3,1131.2,1357.5,1.2,0.3,0.19,1.36,1.7e-01,1.0e+00,0.9999,3731,1045.4,1073.6,1274.5,1253.9,1327.2,1491.3
GENE-10891,NO,79.5,80.9,78.1,0.965,-0.1,0.26,-0.2,8.4e-01,1.0e+00,0.9999,3732,85.3,81.1,76.4,80.2,78.4,75.7
GENE-10894,NO,57.2,50.8,63.6,1.25,0.3,0.35,0.92,3.6e-01,1.0e+00,0.9999,3733,55.5,49.4,47.6,61.4,43.7,85.6
GENE-10898,NO,73.9,60.7,87,1.432,0.5,0.38,1.35,1.8e-01,1.0e+00,0.9999,3734,42.6,60.3,79.3,90.1,115.2,55.7
GENE-10900,NO,431.1,416.1,446.2,1.072,0.1,0.19,0.52,6.0e-01,1.0e+00,0.9999,3735,392.8,442.9,412.6,399.1,457.6,481.8
GENE-10903,NO,17,17.9,16.2,0.91,-0.1,0.48,-0.28,7.8e-01,1.0e+00,0.9999,3736,17.9,18.8,16.9,10.9,20.8,16.9
GENE-10904,NO,6.8,12.9,0.7,0.051,-4.3,2.81,-1.52,1.3e-01,1.0e+00,0.9999,3737,0,4.9,33.7,0,0,2
GENE-10908,NO,3.5,3.3,3.7,1.102,0.1,1.02,0.14,8.9e-01,1.0e+00,0.9999,3738,3,1,6,5,3,3
GENE-10909,NO,1.3,2,0.7,0.334,-1.6,1.67,-0.95,3.4e-01,1.0e+00,0.9999,3739,3,1,2,1,1,0
GENE-10912,NO,7.9,7.6,8.3,1.089,0.1,0.73,0.17,8.7e-01,1.0e+00,0.9999,3740,8.9,4,9.9,12.9,4,8
GENE-10921,NO,106.3,113.3,99.3,0.877,-0.2,0.32,-0.6,5.5e-01,1.0e+00,0.9999,3741,90.3,95.9,153.7,84.2,96.3,117.5
GENE-10922,NO,460.3,478.4,442.2,0.924,-0.1,0.25,-0.46,6.5e-01,1.0e+00,0.9999,3742,378.9,592.2,464.2,420.9,495.4,410.2
GENE-10925,NO,101,102.7,99.3,0.967,0,0.25,-0.2,8.4e-01,1.0e+00,0.9999,3743,90.3,112.7,105.1,104,94.3,99.6
GENE-10926,NO,31.6,32.3,30.8,0.951,-0.1,0.42,-0.17,8.6e-01,1.0e+00,0.9999,3744,22.8,30.6,43.6,23.8,38.7,29.9
GENE-10928,NO,747.9,714.9,781,1.092,0.1,0.18,0.7,4.9e-01,1.0e+00,0.9999,3745,683.4,757.2,704.2,850.8,780.3,711.8
GENE-10941,NO,13.1,12.9,13.2,1.028,0,0.52,0.08,9.4e-01,1.0e+00,0.9999,3746,13.9,13.8,10.9,10.9,16.9,11.9
GENE-10943,NO,127.8,117.2,138.4,1.18,0.2,0.33,0.73,4.6e-01,1.0e+00,0.9999,3747,121,109.7,121,119.8,97.3,198.1
GENE-10945,NO,852.2,876.4,828.1,0.945,-0.1,0.18,-0.47,6.4e-01,1.0e+00,0.9999,3748,854,927.3,848,885.5,766.4,832.3
GENE-10951,NO,8.6,6,11.3,1.895,0.9,0.99,0.93,3.5e-01,1.0e+00,0.9999,3749,12.9,3,2,2,8.9,22.9
GENE-10952,NO,55.2,62.1,48.4,0.778,-0.4,0.34,-1.06,2.9e-01,1.0e+00,0.9999,3750,82.3,57.3,46.6,46.6,44.7,53.8
GENE-10958,NO,655.6,699.3,612,0.875,-0.2,0.49,-0.39,7.0e-01,1.0e+00,0.9999,3751,768.7,252.1,1077.1,888.4,404,543.6
GENE-10960,NO,69.3,67.4,71.2,1.056,0.1,0.27,0.29,7.7e-01,1.0e+00,0.9999,3752,69.4,72.2,60.5,75.3,64.5,73.7
GENE-10967,NO,241.2,257.5,224.9,0.874,-0.2,0.54,-0.36,7.2e-01,1.0e+00,0.9999,3753,322.3,384.6,65.5,282.3,225.3,167.2
GENE-10969,NO,87.1,70.3,103.9,1.477,0.6,0.33,1.71,8.8e-02,1.0e+00,0.9999,3754,75.4,75.1,60.5,122.8,121.1,67.7
GENE-10971,NO,61.6,56.8,66.5,1.171,0.2,0.32,0.7,4.8e-01,1.0e+00,0.9999,3755,50.6,56.3,63.5,77.3,74.5,47.8
GENE-10973,NO,45.1,48.9,41.3,0.846,-0.2,0.56,-0.43,6.7e-01,1.0e+00,0.9999,3756,57.5,51.4,37.7,30.7,78.4,14.9
GENE-10976,NO,171.2,183.3,159.2,0.868,-0.2,0.22,-0.91,3.6e-01,1.0e+00,0.9999,3757,180.5,173,196.4,171.3,139,167.2
GENE-10978,NO,826.1,760.1,892,1.174,0.2,0.29,0.81,4.2e-01,1.0e+00,0.9999,3758,912.5,576.3,791.5,920.1,1092.9,663
GENE-10979,NO,46.3,46.2,46.3,1.002,0,0.36,0.01,9.9e-01,1.0e+00,0.9999,3759,55.5,50.4,32.7,40.6,56.6,41.8
GENE-10980,NO,49.4,51.5,47.4,0.919,-0.1,0.33,-0.38,7.1e-01,1.0e+00,0.9999,3760,62.5,40.5,51.6,43.6,46.7,51.8
GENE-10981,NO,18,17.2,18.9,1.098,0.1,0.49,0.28,7.8e-01,1.0e+00,0.9999,3761,23.8,11.9,15.9,22.8,18.9,14.9
GENE-10983,NO,162.5,174.7,150.2,0.86,-0.2,0.23,-0.93,3.5e-01,1.0e+00,0.9999,3762,149.8,189.8,184.5,163.4,136,151.3
GENE-10988,NO,2.1,1,3.3,3.34,1.7,1.37,1.27,2.1e-01,1.0e+00,0.9999,3763,2,1,0,3,5,2
GENE-10991,NO,8.1,5.6,10.6,1.887,0.9,0.85,1.08,2.8e-01,1.0e+00,0.9999,3764,6.9,4,6,2,19.9,10
GENE-10992,NO,320.2,298.5,341.9,1.145,0.2,0.24,0.81,4.2e-01,1.0e+00,0.9999,3765,345.2,316.3,234.1,311,335.5,379.3
GENE-10993,NO,162.2,181,143.3,0.792,-0.3,0.29,-1.18,2.4e-01,1.0e+00,0.9999,3766,220.2,146.3,176.5,111.9,171.7,146.3
GENE-10994,NO,1411.6,2183.3,639.9,0.293,-1.8,2.36,-0.75,4.5e-01,1.0e+00,0.9999,3767,406.7,3968.1,2175,61.4,1858.3,0
GENE-10996,NO,23.8,26.7,20.8,0.779,-0.4,0.43,-0.83,4.1e-01,1.0e+00,0.9999,3768,18.8,28.7,32.7,24.8,20.8,16.9
GENE-11000,NO,181.2,204.1,158.2,0.775,-0.4,0.37,-0.99,3.2e-01,1.0e+00,0.9999,3769,123,191.8,297.5,119.8,165.8,189.1
GENE-11002,NO,7.9,6.6,9.3,1.403,0.5,0.73,0.67,5.0e-01,1.0e+00,0.9999,3770,6.9,4.9,7.9,8.9,4,14.9
GENE-11003,NO,40.3,39.3,41.4,1.053,0.1,0.34,0.22,8.3e-01,1.0e+00,0.9999,3771,41.7,31.6,44.6,35.7,46.7,41.8
GENE-11004,NO,53.2,49.8,56.6,1.135,0.2,0.34,0.55,5.9e-01,1.0e+00,0.9999,3772,42.6,60.3,46.6,65.4,42.7,61.7
GENE-11022,NO,3.8,5.3,2.3,0.439,-1.2,1.11,-1.07,2.9e-01,1.0e+00,0.9999,3773,1,4.9,9.9,1,4,2
GENE-11037,NO,125.3,129.1,121.5,0.941,-0.1,0.28,-0.31,7.6e-01,1.0e+00,0.9999,3774,119,122.6,145.8,91.1,149.9,123.4
GENE-11044,NO,2.5,2,3,1.503,0.6,1.13,0.52,6.0e-01,1.0e+00,0.9999,3775,1,2,3,3,3,3
GENE-11052,NO,1.2,1.7,0.7,0.401,-1.3,2.08,-0.63,5.3e-01,1.0e+00,0.9999,3776,2,0,3,0,0,2
GENE-11055,YES,4.5,3.7,5.3,1.458,0.5,0.89,0.61,5.4e-01,1.0e+00,0.9999,3777,5,4,2,5,3,8
GENE-11057,NO,53.9,48.5,59.3,1.221,0.3,0.34,0.84,4.0e-01,1.0e+00,0.9999,3778,43.6,52.4,49.6,44.6,53.6,79.6
GENE-11062,NO,971,991.1,950.8,0.959,-0.1,0.24,-0.25,8.0e-01,1.0e+00,0.9999,3779,959.1,931.2,1083,713.1,1086,1053.3
GENE-11063,NO,129.4,122.5,136.4,1.113,0.2,0.26,0.6,5.5e-01,1.0e+00,0.9999,3780,99.2,127.5,140.8,122.8,140,146.3
GENE-11065,NO,31.6,25.4,37.7,1.483,0.6,0.42,1.34,1.8e-01,1.0e+00,0.9999,3781,23.8,21.7,30.7,42.6,47.6,22.9
GENE-11078,NO,41.8,40.6,43,1.059,0.1,0.4,0.21,8.3e-01,1.0e+00,0.9999,3782,41.7,32.6,47.6,27.7,59.6,41.8
GENE-11082,NO,1284.6,1274.7,1294.6,1.016,0,0.28,0.08,9.4e-01,1.0e+00,0.9999,3783,1519.5,1046.9,1257.6,1702.6,1058.2,1122.9
GENE-11086,NO,1,0.3,1.7,4.659,2.2,1.98,1.12,2.6e-01,1.0e+00,0.9999,3784,0,0,1,3,1,1
GENE-11089,NO,1354.5,1341.2,1367.7,1.02,0,0.24,0.12,9.1e-01,1.0e+00,0.9999,3785,1371.7,1570.8,1081.1,1271.7,1640.9,1190.6
GENE-11101,NO,136.4,137.1,135.8,0.99,0,0.32,-0.04,9.7e-01,1.0e+00,0.9999,3786,149.8,116.7,144.8,90.1,133,184.2
GENE-11103,NO,1.2,0.7,1.7,2.509,1.3,1.88,0.71,4.8e-01,1.0e+00,0.9999,3787,1,1,0,0,2,3
GENE-11105,NO,193.3,184.6,201.9,1.094,0.1,0.23,0.56,5.7e-01,1.0e+00,0.9999,3788,158.7,179.9,215.2,202.1,189.6,214
GENE-11110,NO,0.8,0.7,1,1.5,0.6,2.3,0.25,8.0e-01,1.0e+00,0.9999,3789,0,0,2,2,1,0
GENE-11111,NO,68.6,32.1,105.2,3.28,1.7,1.38,1.24,2.2e-01,1.0e+00,0.9999,3790,7.9,3,85.3,122.8,166.8,25.9
GENE-11117,NO,42.3,35.7,49,1.374,0.5,0.36,1.28,2.0e-01,1.0e+00,0.9999,3791,41.7,33.6,31.7,38.6,45.7,62.7
GENE-11127,NO,134.9,145.3,124.4,0.856,-0.2,0.25,-0.9,3.7e-01,1.0e+00,0.9999,3792,138.9,162.1,134.9,134.7,135,103.5
GENE-11133,NO,1.7,1.7,1.7,1.003,0,1.37,0,1.0e+00,1.0e+00,0.9999,3793,2,1,2,1,1,3
GENE-11134,NO,99,90.2,107.9,1.197,0.3,0.37,0.7,4.9e-01,1.0e+00,0.9999,3794,119,90,61.5,72.3,142.9,108.5
GENE-11135,NO,73.1,97.8,48.4,0.494,-1,1.33,-0.76,4.4e-01,1.0e+00,0.9999,3795,130.9,21.7,140.8,51.5,2,91.6
GENE-11136,NO,7.3,7.6,7,0.915,-0.1,0.68,-0.19,8.5e-01,1.0e+00,0.9999,3796,7.9,8.9,6,8.9,6,6
GENE-11141,NO,46,43.9,48,1.093,0.1,0.32,0.4,6.9e-01,1.0e+00,0.9999,3797,45.6,38.6,47.6,47.5,42.7,53.8
GENE-11146,NO,1,1.3,0.7,0.501,-1,1.95,-0.51,6.1e-01,1.0e+00,0.9999,3798,2,2,0,1,0,1
GENE-11150,NO,2,1,3,3.007,1.6,1.39,1.14,2.5e-01,1.0e+00,0.9999,3799,1,2,0,4,3,2
GENE-11157,NO,84,83.9,84.1,1.002,0,0.26,0.01,9.9e-01,1.0e+00,0.9999,3800,95.2,83,73.4,86.2,86.4,79.6
GENE-11159,NO,255.6,267.5,243.7,0.911,-0.1,0.24,-0.55,5.8e-01,1.0e+00,0.9999,3801,292.6,248.1,261.8,211,217.4,302.6
GENE-11171,NO,951.4,830.3,1072.5,1.292,0.4,0.34,1.09,2.7e-01,1.0e+00,0.9999,3802,503.9,760.2,1226.9,1070.7,1188.2,958.7
GENE-11173,NO,3443.4,3463.9,3423,0.988,0,0.18,-0.1,9.2e-01,1.0e+00,0.9999,3803,3689.6,3519.3,3182.7,3690.4,3450.6,3127.9
GENE-11179,NO,161,190.3,131.8,0.692,-0.5,0.34,-1.55,1.2e-01,1.0e+00,0.9999,3804,244,154.2,172.6,149.6,82.4,163.3
GENE-11180,NO,1.2,1.3,1,0.751,-0.4,1.72,-0.24,8.1e-01,1.0e+00,0.9999,3805,3,0,1,1,1,1
GENE-11183,NO,3526.1,3501.4,3550.7,1.014,0,0.21,0.1,9.2e-01,1.0e+00,0.9999,3806,3607.3,3030,3867,3573.5,4019.4,3059.2
GENE-11188,NO,3.1,4.3,2,0.462,-1.1,1.05,-1.06,2.9e-01,1.0e+00,0.9999,3807,4,3,6,3,1,2
GENE-11194,NO,56.5,59.8,53.3,0.891,-0.2,0.3,-0.55,5.8e-01,1.0e+00,0.9999,3808,68.4,50.4,60.5,57.4,53.6,48.8
GENE-11200,NO,1210.7,1136.7,1284.7,1.13,0.2,0.21,0.83,4.1e-01,1.0e+00,0.9999,3809,1101.9,1123,1185.2,1504.5,1308.4,1041.3
GENE-11204,NO,213.7,230.2,197.2,0.856,-0.2,0.31,-0.72,4.7e-01,1.0e+00,0.9999,3810,256.9,172,261.8,264.4,162.8,164.3
GENE-11209,NO,83.6,86.5,80.8,0.933,-0.1,0.25,-0.39,7.0e-01,1.0e+00,0.9999,3811,84.3,87,88.3,84.2,85.4,72.7
GENE-11226,NO,3.3,2,4.6,2.339,1.2,1.11,1.11,2.7e-01,1.0e+00,0.9999,3812,4,1,1,2,6.9,5
GENE-11227,NO,171.4,186.3,156.5,0.84,-0.3,0.28,-0.91,3.6e-01,1.0e+00,0.9999,3813,223.2,137.4,198.4,171.3,136,162.3
GENE-11230,NO,55.1,51.9,58.2,1.123,0.2,0.34,0.5,6.2e-01,1.0e+00,0.9999,3814,65.5,35.6,54.5,59.4,55.6,59.7
GENE-11234,NO,573.9,577,570.8,0.989,0,0.25,-0.06,9.5e-01,1.0e+00,0.9999,3815,560.4,562.5,608,565.5,716.7,430.1
GENE-11241,NO,25.9,26.4,25.5,0.964,-0.1,0.54,-0.1,9.2e-01,1.0e+00,0.9999,3816,34.7,21.7,22.8,25.8,40.7,10
GENE-11243,NO,17,17.9,16.2,0.909,-0.1,0.47,-0.29,7.7e-01,1.0e+00,0.9999,3817,17.9,20.8,14.9,18.8,16.9,12.9
GENE-11246,NO,89.1,88.2,90.1,1.021,0,0.25,0.12,9.0e-01,1.0e+00,0.9999,3818,95.2,84,85.3,86.2,87.4,96.6
GENE-11247,NO,31.1,30.7,31.4,1.023,0,0.37,0.09,9.3e-01,1.0e+00,0.9999,3819,28.8,29.7,33.7,38.6,27.8,27.9
GENE-11248,NO,56.5,55.1,57.9,1.05,0.1,0.32,0.22,8.3e-01,1.0e+00,0.9999,3820,46.6,48.4,70.4,54.5,64.5,54.8
GENE-11250,NO,75.9,77.3,74.5,0.964,-0.1,0.29,-0.19,8.5e-01,1.0e+00,0.9999,3821,74.4,88,69.4,76.3,61.5,85.6
GENE-11252,NO,171.5,170.8,172.1,1.007,0,0.66,0.02,9.9e-01,1.0e+00,0.9999,3822,64.5,90.9,357,91.1,322.6,102.5
GENE-11253,NO,65.8,66,65.5,0.992,0,0.28,-0.04,9.7e-01,1.0e+00,0.9999,3823,61.5,66.2,70.4,64.4,74.5,57.7
GENE-11256,NO,379,360.3,397.7,1.104,0.1,0.2,0.71,4.7e-01,1.0e+00,0.9999,3824,345.2,400.4,335.2,431.8,392.1,369.3
GENE-11262,NO,621.1,553.3,689,1.245,0.3,0.35,0.91,3.6e-01,1.0e+00,0.9999,3825,612,723.6,324.3,824,512.2,730.7
GENE-11264,NO,42.3,46.6,38.1,0.817,-0.3,0.62,-0.47,6.4e-01,1.0e+00,0.9999,3826,98.2,19.8,21.8,37.6,27.8,48.8
GENE-11265,NO,614.9,616.7,613.2,0.994,0,0.23,-0.03,9.7e-01,1.0e+00,0.9999,3827,757.8,544.7,547.5,586.3,692.9,560.5
GENE-11274,NO,16.7,19.1,14.2,0.743,-0.4,0.47,-0.9,3.7e-01,1.0e+00,0.9999,3828,22.8,14.8,19.8,15.8,12.9,13.9
GENE-11276,NO,2,1.7,2.3,1.403,0.5,1.28,0.38,7.0e-01,1.0e+00,0.9999,3829,1,2,2,4,1,2
GENE-11281,NO,352.9,362.3,343.5,0.948,-0.1,0.21,-0.37,7.1e-01,1.0e+00,0.9999,3830,327.3,369.7,389.8,385.3,324.6,320.6
GENE-11282,NO,4.3,5.3,3.3,0.626,-0.7,0.88,-0.77,4.4e-01,1.0e+00,0.9999,3831,5,4,6.9,4,2,4
GENE-11286,NO,7.4,7.9,7,0.877,-0.2,0.72,-0.26,7.9e-01,1.0e+00,0.9999,3832,9.9,8.9,5,4,10.9,6
GENE-11289,NO,62.8,61.4,64.3,1.046,0.1,0.41,0.16,8.7e-01,1.0e+00,0.9999,3833,52.6,82.1,49.6,51.5,43.7,97.6
GENE-11293,NO,5.1,5.9,4.3,0.724,-0.5,0.89,-0.52,6.0e-01,1.0e+00,0.9999,3834,8.9,6.9,2,5,2,6
GENE-11299,NO,241.9,223,260.8,1.169,0.2,0.4,0.57,5.7e-01,1.0e+00,0.9999,3835,318.4,99.8,250.9,272.4,259.1,250.9
GENE-11300,NO,1168.4,1140.1,1196.8,1.05,0.1,0.17,0.42,6.8e-01,1.0e+00,0.9999,3836,1211,1050.8,1158.4,1193.5,1193.2,1203.6
GENE-11302,NO,45.3,36.3,54.3,1.494,0.6,0.34,1.72,8.6e-02,1.0e+00,0.9999,3837,27.8,43.5,37.7,55.5,59.6,47.8
GENE-11306,NO,1.3,1,1.7,1.67,0.7,1.63,0.45,6.5e-01,1.0e+00,0.9999,3838,1,2,0,3,1,1
GENE-11307,NO,22.6,26.7,18.5,0.693,-0.5,0.47,-1.14,2.6e-01,1.0e+00,0.9999,3839,38.7,21.7,19.8,18.8,14.9,21.9
GENE-11308,NO,5763,5775.3,5750.8,0.996,0,0.18,-0.03,9.7e-01,1.0e+00,0.9999,3840,5707,5800.9,5817.9,5711.9,6450.5,5090.1
GENE-11309,NO,122.1,128.5,115.8,0.902,-0.1,0.23,-0.66,5.1e-01,1.0e+00,0.9999,3841,131.9,131.5,122,115.9,120.1,111.5
GENE-11313,NO,5.1,4,6.3,1.586,0.7,0.85,0.79,4.3e-01,1.0e+00,0.9999,3842,6,4,2,5.9,8.9,4
GENE-11318,NO,302.9,305.9,299.8,0.98,0,0.26,-0.11,9.1e-01,1.0e+00,0.9999,3843,358.1,225.4,334.2,337.7,260.1,301.6
GENE-11320,NO,135.2,138.4,132.1,0.954,-0.1,0.23,-0.29,7.7e-01,1.0e+00,0.9999,3844,142.8,130.5,141.8,114.9,139,142.4
GENE-11321,NO,1186.3,1229.7,1142.9,0.929,-0.1,0.18,-0.6,5.5e-01,1.0e+00,0.9999,3845,1146.6,1348.4,1194.1,1075.6,1183.3,1169.7
GENE-11328,NO,31.1,38.6,23.5,0.608,-0.7,0.42,-1.72,8.6e-02,1.0e+00,0.9999,3846,46.6,30.6,38.7,16.8,32.8,20.9
GENE-11330,NO,1.2,2,0.3,0.179,-2.5,1.88,-1.32,1.9e-01,1.0e+00,0.9999,3847,2,1,3,0,1,0
GENE-11338,NO,36.4,32,40.7,1.271,0.3,0.34,1,3.2e-01,1.0e+00,0.9999,3848,36.7,26.7,32.7,38.6,43.7,39.8
GENE-11339,NO,314.3,322.2,306.3,0.951,-0.1,0.31,-0.23,8.2e-01,1.0e+00,0.9999,3849,299.5,385.5,281.7,213.9,278.9,426.1
GENE-11340,NO,1031.5,939.7,1123.3,1.195,0.3,0.24,1.09,2.7e-01,1.0e+00,0.9999,3850,995.8,1068.6,754.8,1317.3,1056.2,996.5
GENE-11343,NO,2446.4,2654.8,2238,0.843,-0.2,0.21,-1.15,2.5e-01,1.0e+00,0.9999,3851,2740.4,2944.9,2279.2,1879.9,2449.9,2384.3
GENE-11347,NO,21.8,22.8,20.8,0.915,-0.1,0.41,-0.31,7.6e-01,1.0e+00,0.9999,3852,24.8,21.7,21.8,20.8,23.8,17.9
GENE-11349,NO,283.6,311.1,256.1,0.823,-0.3,0.26,-1.07,2.8e-01,1.0e+00,0.9999,3853,376.9,257,299.5,311,218.4,238.9
GENE-11350,NO,1813.3,1869,1757.6,0.94,-0.1,0.22,-0.4,6.9e-01,1.0e+00,0.9999,3854,1756.5,1697.4,2153.2,1527.3,1669.7,2075.7
GENE-11352,NO,50.9,55.4,46.3,0.835,-0.3,0.78,-0.34,7.4e-01,1.0e+00,0.9999,3855,7.9,66.2,92.2,46.6,79.4,12.9
GENE-11353,NO,198.2,199.2,197.3,0.99,0,0.21,-0.06,9.5e-01,1.0e+00,0.9999,3856,200.4,198.7,198.4,191.2,222.4,178.2
GENE-11354,NO,162.8,153.6,172.1,1.121,0.2,0.22,0.75,4.6e-01,1.0e+00,0.9999,3857,163.7,152.2,144.8,187.2,171.7,157.3
GENE-11357,NO,44.5,47.2,41.7,0.883,-0.2,0.33,-0.54,5.9e-01,1.0e+00,0.9999,3858,55.5,38.6,47.6,35.7,42.7,46.8
GENE-11358,NO,48.1,47.5,48.6,1.023,0,0.35,0.09,9.3e-01,1.0e+00,0.9999,3859,60.5,50.4,31.7,48.5,48.6,48.8
GENE-11361,NO,18.4,10.3,26.5,2.584,1.4,0.96,1.42,1.5e-01,1.0e+00,0.9999,3860,24.8,4,2,45.6,4,29.9
GENE-11362,NO,961.5,895.4,1027.7,1.148,0.2,0.21,0.94,3.5e-01,1.0e+00,0.9999,3861,1079.1,827.4,779.6,1040,969.9,1073.2
GENE-11364,NO,52.9,59.8,46,0.769,-0.4,0.41,-0.92,3.6e-01,1.0e+00,0.9999,3862,75.4,34.6,69.4,58.4,47.6,31.9
GENE-11368,NO,14.1,13.2,14.9,1.128,0.2,0.56,0.31,7.6e-01,1.0e+00,0.9999,3863,7.9,13.8,17.9,14.9,9.9,19.9
GENE-11372,NO,135,130.1,140,1.076,0.1,0.36,0.29,7.7e-01,1.0e+00,0.9999,3864,181.5,135.4,73.4,161.4,126.1,132.4
GENE-11373,NO,4.5,4.3,4.7,1.08,0.1,0.85,0.13,9.0e-01,1.0e+00,0.9999,3865,3,4.9,5,4,4,6
GENE-11375,NO,178,171.7,184.3,1.074,0.1,0.29,0.35,7.2e-01,1.0e+00,0.9999,3866,132.9,220.5,161.7,221.9,157.8,173.2
GENE-11377,NO,3.3,3.6,3,0.819,-0.3,1.43,-0.2,8.4e-01,1.0e+00,0.9999,3867,3,4.9,3,8.9,0,0
GENE-11381,NO,263.2,261.9,264.5,1.01,0,0.2,0.07,9.4e-01,1.0e+00,0.9999,3868,245,282.7,257.9,250.6,252.1,290.7
GENE-11382,NO,1,1.3,0.7,0.501,-1,1.81,-0.55,5.8e-01,1.0e+00,0.9999,3869,2,1,1,0,1,1
GENE-11385,NO,284.8,313.2,256.5,0.819,-0.3,0.26,-1.09,2.7e-01,1.0e+00,0.9999,3870,303.5,236.3,399.7,239.7,260.1,269.8
GENE-11386,NO,23.8,26.4,21.2,0.802,-0.3,0.46,-0.69,4.9e-01,1.0e+00,0.9999,3871,26.8,31.6,20.8,24.8,26.8,11.9
GENE-11387,NO,0.8,0.7,1,1.505,0.6,2.07,0.29,7.8e-01,1.0e+00,0.9999,3872,1,1,0,0,1,2
GENE-11400,NO,2.1,2.7,1.7,0.627,-0.7,1.24,-0.54,5.9e-01,1.0e+00,0.9999,3873,2,4,2,1,3,1
GENE-11405,NO,11.2,9.6,12.9,1.348,0.4,0.7,0.62,5.4e-01,1.0e+00,0.9999,3874,2,14.8,11.9,10.9,14.9,12.9
GENE-11416,NO,0.7,0.7,0.7,1.001,0,2.48,0,1.0e+00,1.0e+00,0.9999,3875,1,1,0,2,0,0
GENE-11424,NO,7.6,8.2,7,0.841,-0.2,0.69,-0.36,7.2e-01,1.0e+00,0.9999,3876,10.9,4.9,8.9,8.9,5,7
GENE-11425,NO,4.6,4.3,5,1.156,0.2,0.82,0.25,8.0e-01,1.0e+00,0.9999,3877,5,4,4,5,6,4
GENE-11429,NO,59.5,54.1,64.9,1.198,0.3,0.35,0.75,4.6e-01,1.0e+00,0.9999,3878,59.5,67.2,35.7,55.5,76.4,62.7
GENE-11430,NO,647.8,620.7,674.9,1.087,0.1,0.28,0.43,6.7e-01,1.0e+00,0.9999,3879,645.7,801.7,414.6,641.8,657.2,725.7
GENE-11433,NO,2.2,2.3,2,0.859,-0.2,1.34,-0.16,8.7e-01,1.0e+00,0.9999,3880,3,1,3,2,0,4
GENE-11438,NO,2.1,3,1.3,0.446,-1.2,1.37,-0.85,3.9e-01,1.0e+00,0.9999,3881,3,4.9,1,2,0,2
GENE-11439,NO,126.9,101.3,152.5,1.505,0.6,0.4,1.49,1.4e-01,1.0e+00,0.9999,3882,119,128.5,56.5,212.9,117.1,127.4
GENE-11446,NO,392,411.1,372.9,0.907,-0.1,0.24,-0.58,5.6e-01,1.0e+00,0.9999,3883,346.2,439.9,447.3,436.8,383.2,298.7
GENE-11447,NO,191.2,195.2,187.3,0.96,-0.1,0.23,-0.26,7.9e-01,1.0e+00,0.9999,3884,165.6,199.7,220.2,192.1,177.7,192.1
GENE-11449,NO,2.1,1.7,2.7,1.604,0.7,1.36,0.5,6.2e-01,1.0e+00,0.9999,3885,1,4,0,4,2,2
GENE-11452,NO,2.6,3,2.3,0.779,-0.4,1.09,-0.33,7.4e-01,1.0e+00,0.9999,3886,3,3,3,3,3,1
GENE-11455,NO,123.9,62.6,185.2,2.957,1.6,1.55,1.01,3.1e-01,1.0e+00,0.9999,3887,9.9,165.1,12.9,127.8,414.9,12.9
GENE-11459,NO,1.2,1,1.3,1.338,0.4,2.49,0.17,8.7e-01,1.0e+00,0.9999,3888,0,3,0,0,4,0
GENE-11466,NO,26.3,24.8,27.8,1.122,0.2,0.41,0.4,6.9e-01,1.0e+00,0.9999,3889,27.8,18.8,27.8,30.7,20.8,31.9
GENE-11470,NO,83,82.9,83,1.002,0,0.29,0.01,9.9e-01,1.0e+00,0.9999,3890,73.4,80.1,95.2,88.1,94.3,66.7
GENE-11477,NO,28.9,22.8,35.1,1.54,0.6,0.39,1.58,1.1e-01,1.0e+00,0.9999,3891,28.8,21.7,17.9,30.7,33.8,40.8
GENE-11478,NO,42.3,37.6,47,1.248,0.3,0.34,0.93,3.5e-01,1.0e+00,0.9999,3892,36.7,41.5,34.7,46.6,57.6,36.8
GENE-11479,NO,3.6,4,3.3,0.835,-0.3,0.95,-0.27,7.8e-01,1.0e+00,0.9999,3893,2,4.9,5,3,4,3
GENE-11480,NO,1627.5,1541.1,1713.8,1.112,0.2,0.2,0.78,4.3e-01,1.0e+00,0.9999,3894,1639.5,1647,1336.9,1827.4,1777.9,1536.1
GENE-11484,NO,127.1,129.1,125.1,0.969,0,0.24,-0.19,8.5e-01,1.0e+00,0.9999,3895,115.1,132.5,139.8,108,133,134.4
GENE-11492,NO,29.4,29.1,29.8,1.025,0,0.36,0.1,9.2e-01,1.0e+00,0.9999,3896,27.8,29.7,29.8,26.7,31.8,30.9
GENE-11495,NO,640.6,618.8,662.3,1.07,0.1,0.18,0.53,6.0e-01,1.0e+00,0.9999,3897,606,639.6,610.9,621,738.6,627.2
GENE-11496,NO,15.2,19.2,11.2,0.587,-0.8,0.6,-1.27,2.0e-01,1.0e+00,0.9999,3898,29.8,9.9,17.9,16.8,7.9,9
GENE-11498,NO,42.7,43.9,41.4,0.942,-0.1,0.41,-0.21,8.3e-01,1.0e+00,0.9999,3899,49.6,31.6,50.6,24.8,47.6,51.8
GENE-11500,NO,122,109.6,134.4,1.226,0.3,0.28,1.05,3.0e-01,1.0e+00,0.9999,3900,128.9,111.7,88.3,140.6,108.2,154.3
GENE-11502,NO,1144.8,1119.5,1170.2,1.045,0.1,0.2,0.32,7.5e-01,1.0e+00,0.9999,3901,1057.3,1132.9,1168.3,1107.3,1371.9,1031.4
GENE-11507,NO,104.6,99.4,109.9,1.106,0.1,0.33,0.45,6.6e-01,1.0e+00,0.9999,3902,62.5,117.6,118,99,123.1,107.5
GENE-11509,NO,903.8,846.6,961.1,1.135,0.2,0.28,0.66,5.1e-01,1.0e+00,0.9999,3903,813.3,679.1,1047.3,833,1235.9,814.3
GENE-11512,NO,1223.1,1256.3,1189.9,0.947,-0.1,0.25,-0.31,7.5e-01,1.0e+00,0.9999,3904,1080.1,1510.5,1178.3,1309.4,928.2,1332
GENE-11515,NO,169.2,191.9,146.6,0.764,-0.4,0.25,-1.53,1.3e-01,1.0e+00,0.9999,3905,158.7,189.8,227.1,163.4,128.1,148.3
GENE-11520,NO,52.7,51.2,54.3,1.06,0.1,0.34,0.25,8.1e-01,1.0e+00,0.9999,3906,51.6,56.3,45.6,73.3,44.7,44.8
GENE-11521,NO,3.6,3.7,3.6,1.001,0,1.05,0,1.0e+00,1.0e+00,0.9999,3907,6,3,2,6.9,1,3
GENE-11522,NO,68.6,77.3,59.8,0.775,-0.4,0.53,-0.7,4.9e-01,1.0e+00,0.9999,3908,34.7,90,107.1,102,37.7,39.8
GENE-11523,NO,582.5,591.8,573.2,0.969,0,0.18,-0.25,8.0e-01,1.0e+00,0.9999,3909,586.2,634.7,554.4,584.4,596.6,538.6
GENE-11528,NO,8.9,7.3,10.6,1.458,0.5,0.66,0.83,4.1e-01,1.0e+00,0.9999,3910,8.9,8.9,4,6.9,12.9,11.9
GENE-11534,NO,14.7,16.8,12.6,0.747,-0.4,0.61,-0.69,4.9e-01,1.0e+00,0.9999,3911,13.9,16.8,19.8,8.9,6,22.9
GENE-11536,NO,3.3,5,1.7,0.334,-1.6,1.07,-1.48,1.4e-01,1.0e+00,0.9999,3912,5,3,6.9,2,1,2
GENE-11551,NO,747.2,765.9,728.5,0.951,-0.1,0.24,-0.3,7.6e-01,1.0e+00,0.9999,3913,662.5,664.3,971,697.3,703.8,784.5
GENE-11554,NO,177.9,166.8,189,1.133,0.2,0.24,0.77,4.4e-01,1.0e+00,0.9999,3914,149.8,181.9,168.6,174.3,220.4,172.2
GENE-11557,NO,43,44.9,41,0.914,-0.1,0.35,-0.37,7.1e-01,1.0e+00,0.9999,3915,45.6,45.5,43.6,52.5,28.8,41.8
GENE-11558,NO,120.7,113.6,127.8,1.125,0.2,0.31,0.55,5.8e-01,1.0e+00,0.9999,3916,122,105.8,113.1,91.1,172.7,119.5
GENE-11560,NO,1.5,0.3,2.7,7.456,2.9,1.75,1.66,9.7e-02,1.0e+00,0.9999,3917,0,0,1,4,2,2
GENE-11563,NO,87.1,89.2,85.1,0.954,-0.1,0.26,-0.26,7.9e-01,1.0e+00,0.9999,3918,103.2,85,79.3,83.2,85.4,86.6
GENE-11570,NO,10.2,10.5,9.9,0.94,-0.1,0.59,-0.15,8.8e-01,1.0e+00,0.9999,3919,8.9,13.8,8.9,8.9,8.9,11.9
GENE-11571,NO,0.7,0.7,0.7,1.001,0,2.86,0,1.0e+00,1.0e+00,0.9999,3920,2,0,0,0,2,0
GENE-11573,NO,373.4,380.7,366.2,0.962,-0.1,0.37,-0.15,8.8e-01,1.0e+00,0.9999,3921,256.9,448.8,436.4,453.6,439.8,205.1
GENE-11577,NO,10.6,11.2,9.9,0.884,-0.2,0.68,-0.26,7.9e-01,1.0e+00,0.9999,3922,10.9,15.8,6.9,9.9,15.9,4
GENE-11578,NO,11.9,10.9,12.9,1.184,0.2,0.61,0.4,6.9e-01,1.0e+00,0.9999,3923,12.9,13.8,6,18.8,10.9,9
GENE-11579,NO,2.1,2.7,1.7,0.626,-0.7,1.37,-0.49,6.2e-01,1.0e+00,0.9999,3924,5,3,0,2,1,2
GENE-11581,NO,3.3,3,3.7,1.225,0.3,0.99,0.29,7.7e-01,1.0e+00,0.9999,3925,3,4,2,4,5,2
GENE-11583,NO,127.2,133.7,120.8,0.903,-0.1,0.31,-0.47,6.4e-01,1.0e+00,0.9999,3926,142.8,160.1,98.2,130.7,142,89.6
GENE-11590,NO,1382.7,1404.5,1360.9,0.969,0,0.25,-0.18,8.5e-01,1.0e+00,0.9999,3927,1271.5,1716.2,1225.9,1181.6,1652.8,1248.4
GENE-11598,NO,90,82.9,97,1.171,0.2,0.49,0.47,6.4e-01,1.0e+00,0.9999,3928,38.7,90.9,119,79.2,60.6,151.3
GENE-11601,NO,189.3,187.2,191.4,1.022,0,0.22,0.14,8.9e-01,1.0e+00,0.9999,3929,169.6,206.6,185.5,181.3,181.7,211.1
GENE-11605,NO,5.5,5.9,5,0.835,-0.3,0.81,-0.32,7.5e-01,1.0e+00,0.9999,3930,7.9,3,6.9,4,4,7
GENE-11606,NO,628,605,651,1.076,0.1,0.2,0.53,6.0e-01,1.0e+00,0.9999,3931,604,611.9,599,587.3,763.4,602.3
GENE-11607,NO,0.8,0.7,1,1.503,0.6,2.07,0.28,7.8e-01,1.0e+00,0.9999,3932,0,1,1,1,2,0
GENE-11609,NO,309.4,305.1,313.8,1.028,0,0.24,0.17,8.7e-01,1.0e+00,0.9999,3933,310.4,358.8,246,327.8,278,335.5
GENE-11614,NO,1.8,0.7,3,4.505,2.2,1.54,1.41,1.6e-01,1.0e+00,0.9999,3934,1,0,1,5,2,2
GENE-11618,NO,2.1,2.3,2,0.86,-0.2,1.34,-0.16,8.7e-01,1.0e+00,0.9999,3935,1,4,2,3,0,3
GENE-11621,NO,49.1,55.8,42.4,0.759,-0.4,0.34,-1.15,2.5e-01,1.0e+00,0.9999,3936,65.5,59.3,42.6,47.5,32.8,46.8
GENE-11622,NO,41.7,40.3,43,1.068,0.1,0.34,0.28,7.8e-01,1.0e+00,0.9999,3937,43.6,34.6,42.6,41.6,51.6,35.8
GENE-11623,NO,164,175.7,152.3,0.867,-0.2,0.34,-0.62,5.4e-01,1.0e+00,0.9999,3938,137.9,158.2,231.1,106,199.5,151.3
GENE-11628,NO,35.8,41.9,29.8,0.71,-0.5,0.44,-1.11,2.6e-01,1.0e+00,0.9999,3939,42.6,54.4,28.8,41.6,29.8,17.9
GENE-11636,NO,0.8,1,0.7,0.668,-0.6,2.3,-0.25,8.0e-01,1.0e+00,0.9999,3940,1,2,0,2,0,0
GENE-11640,NO,14.2,12.5,15.9,1.266,0.3,0.52,0.65,5.1e-01,1.0e+00,0.9999,3941,9.9,15.8,11.9,11.9,15.9,19.9
GENE-11643,NO,478.6,477.9,479.4,1.003,0,0.21,0.02,9.8e-01,1.0e+00,0.9999,3942,450.3,474.5,508.8,404.1,474.5,559.5
GENE-11646,NO,77,86.2,67.8,0.787,-0.3,0.31,-1.11,2.7e-01,1.0e+00,0.9999,3943,112.1,74.1,72.4,76.3,69.5,57.7
GENE-11647,NO,254.2,214.9,293.5,1.365,0.4,0.29,1.56,1.2e-01,1.0e+00,0.9999,3944,151.8,257,236,339.7,301.8,238.9
GENE-11653,NO,1.2,1.3,1,0.751,-0.4,1.72,-0.24,8.1e-01,1.0e+00,0.9999,3945,3,1,0,1,1,1
GENE-11654,NO,578.1,596.7,559.4,0.937,-0.1,0.19,-0.49,6.2e-01,1.0e+00,0.9999,3946,583.2,619.8,587.1,526.9,522.2,629.2
GENE-11658,NO,2793.6,3507.1,2080,0.593,-0.8,0.46,-1.64,1.0e-01,1.0e+00,0.9999,3947,2780.1,6302.1,1439.1,2104.7,2078.7,2056.7
GENE-11659,NO,2,0.3,3.7,10.271,3.4,1.9,1.77,7.7e-02,1.0e+00,0.9999,3948,1,0,0,0,4,7
GENE-11664,NO,8.4,5.3,11.6,2.195,1.1,2.26,0.5,6.2e-01,1.0e+00,0.9999,3949,12.9,3,0,5.9,0,28.9
GENE-11666,NO,54.7,55.8,53.6,0.961,-0.1,0.35,-0.16,8.7e-01,1.0e+00,0.9999,3950,65.5,57.3,44.6,55.5,37.7,67.7
GENE-11667,NO,80,74.3,85.7,1.153,0.2,0.38,0.54,5.9e-01,1.0e+00,0.9999,3951,75.4,52.4,95.2,122.8,66.5,67.7
GENE-11670,NO,1.5,2,1,0.501,-1,1.46,-0.68,4.9e-01,1.0e+00,0.9999,3952,3,1,2,1,1,1
GENE-11677,NO,33.2,34,32.4,0.954,-0.1,0.43,-0.16,8.7e-01,1.0e+00,0.9999,3953,22.8,52.4,26.8,29.7,34.7,32.9
GENE-11679,NO,809.9,753.4,866.5,1.15,0.2,0.26,0.76,4.4e-01,1.0e+00,0.9999,3954,702.2,645.5,912.5,1104.3,750.5,744.6
GENE-11684,NO,10.7,13.9,7.6,0.549,-0.9,0.61,-1.43,1.5e-01,1.0e+00,0.9999,3955,12.9,12.9,15.9,11.9,5,6
GENE-11685,NO,1.2,1,1.3,1.336,0.4,1.58,0.26,7.9e-01,1.0e+00,0.9999,3956,1,1,1,2,1,1
GENE-11689,NO,77.4,74.3,80.4,1.082,0.1,0.29,0.4,6.9e-01,1.0e+00,0.9999,3957,82.3,75.1,65.5,91.1,64.5,85.6
GENE-11693,NO,369.6,369.6,369.7,1.001,0,0.2,0,1.0e+00,1.0e+00,0.9999,3958,401.7,375.7,331.3,333.8,376.2,399.2
GENE-11695,NO,43.5,44.3,42.7,0.965,-0.1,0.38,-0.13,8.9e-01,1.0e+00,0.9999,3959,54.6,51.4,26.8,43.6,47.6,36.8
GENE-11701,NO,12.2,13.5,10.9,0.807,-0.3,0.56,-0.55,5.8e-01,1.0e+00,0.9999,3960,10.9,15.8,13.9,6.9,10.9,14.9
GENE-11708,NO,71.1,69.3,72.8,1.05,0.1,0.29,0.24,8.1e-01,1.0e+00,0.9999,3961,58.5,70.2,79.3,85.2,68.5,64.7
GENE-11718,NO,1.3,2,0.7,0.334,-1.6,2,-0.79,4.3e-01,1.0e+00,0.9999,3962,3,0,3,0,0,2
GENE-11719,NO,84.1,81.9,86.4,1.055,0.1,0.34,0.22,8.2e-01,1.0e+00,0.9999,3963,102.2,72.2,71.4,105,56.6,97.6
GENE-11720,NO,42.2,34.7,49.6,1.432,0.5,0.36,1.43,1.5e-01,1.0e+00,0.9999,3964,40.7,37.6,25.8,47.5,40.7,60.7
GENE-11724,NO,1.2,1,1.3,1.336,0.4,1.82,0.23,8.2e-01,1.0e+00,0.9999,3965,0,2,1,2,2,0
GENE-11726,NO,152.6,163.1,142,0.87,-0.2,0.22,-0.92,3.6e-01,1.0e+00,0.9999,3966,152.7,169,167.6,152.5,135,138.4
GENE-11734,NO,82.3,93.2,71.5,0.767,-0.4,0.33,-1.16,2.5e-01,1.0e+00,0.9999,3967,117,63.3,99.2,74.3,80.4,59.7
GENE-11740,NO,17.5,16.5,18.5,1.122,0.2,0.54,0.31,7.6e-01,1.0e+00,0.9999,3968,8.9,23.7,16.9,25.8,16.9,12.9
GENE-11742,NO,81,77.6,84.4,1.088,0.1,0.33,0.37,7.1e-01,1.0e+00,0.9999,3969,73.4,90.9,68.4,70.3,68.5,114.5
GENE-11745,NO,40.3,49.9,30.8,0.617,-0.7,0.39,-1.79,7.3e-02,1.0e+00,0.9999,3970,47.6,34.6,67.4,25.8,31.8,34.8
GENE-11746,NO,35.7,41,30.4,0.743,-0.4,0.42,-1.03,3.0e-01,1.0e+00,0.9999,3971,46.6,24.7,51.6,28.7,37.7,24.9
GENE-11747,NO,1412.9,1329.8,1495.9,1.125,0.2,0.22,0.76,4.5e-01,1.0e+00,0.9999,3972,1456,1363.2,1170.3,1798.6,1274.6,1414.6
GENE-11748,NO,704.2,701.7,706.7,1.007,0,0.21,0.05,9.6e-01,1.0e+00,0.9999,3973,714.1,714.7,676.4,577.4,786.2,756.6
GENE-11749,NO,26.6,23.8,29.4,1.239,0.3,0.5,0.62,5.4e-01,1.0e+00,0.9999,3974,16.9,39.5,14.9,37.6,25.8,24.9
GENE-11750,NO,2525.9,2642.4,2409.3,0.912,-0.1,0.17,-0.8,4.2e-01,1.0e+00,0.9999,3975,2409.2,2818.4,2699.7,2445.4,2407.3,2375.3
GENE-11751,NO,77.9,76.7,79.1,1.032,0,0.38,0.12,9.1e-01,1.0e+00,0.9999,3976,89.3,41.5,99.2,92.1,64.5,80.6
GENE-11752,NO,18.8,18.2,19.5,1.075,0.1,0.49,0.21,8.3e-01,1.0e+00,0.9999,3977,12.9,15.8,25.8,22.8,20.8,14.9
GENE-11753,NO,9.8,10.3,9.2,0.905,-0.1,0.63,-0.23,8.2e-01,1.0e+00,0.9999,3978,6,10.9,13.9,7.9,7.9,11.9
GENE-11754,NO,4.6,2.7,6.6,2.508,1.3,1.05,1.26,2.1e-01,1.0e+00,0.9999,3979,1,4,3,1,8.9,10
GENE-11761,NO,26.3,24.4,28.1,1.151,0.2,0.38,0.53,6.0e-01,1.0e+00,0.9999,3980,24.8,27.7,20.8,27.7,29.8,26.9
GENE-11766,NO,2.8,2.7,3,1.127,0.2,1.08,0.16,8.7e-01,1.0e+00,0.9999,3981,1,3,4,4,2,3
GENE-11767,NO,1121.2,1087.2,1155.2,1.063,0.1,0.2,0.44,6.6e-01,1.0e+00,0.9999,3982,1039.4,1047.9,1174.3,1196.5,1278.6,990.5
GENE-11771,NO,7239.2,6777.4,7701,1.136,0.2,0.26,0.72,4.7e-01,1.0e+00,0.9999,3983,5725.9,8810.1,5796.1,6769.7,7415.4,8917.9
GENE-11776,NO,690.3,654.3,726.4,1.11,0.2,0.19,0.8,4.2e-01,1.0e+00,0.9999,3984,676.4,578.3,708.1,762.6,721.7,694.9
GENE-11777,NO,9.1,11.9,6.3,0.529,-0.9,0.67,-1.36,1.7e-01,1.0e+00,0.9999,3985,11.9,6.9,16.9,4,6.9,8
GENE-11782,NO,14.7,14.2,15.2,1.072,0.1,0.5,0.2,8.4e-01,1.0e+00,0.9999,3986,13.9,16.8,11.9,14.9,17.9,12.9
GENE-11783,NO,232.1,242.1,222,0.917,-0.1,0.22,-0.57,5.7e-01,1.0e+00,0.9999,3987,252.9,217.5,255.9,226.8,243.2,196.1
GENE-11787,NO,31.2,28.1,34.4,1.226,0.3,0.41,0.71,4.7e-01,1.0e+00,0.9999,3988,33.7,27.7,22.8,28.7,47.6,26.9
GENE-11796,NO,104.8,108.4,101.3,0.935,-0.1,0.3,-0.33,7.4e-01,1.0e+00,0.9999,3989,121,82.1,122,90.1,125.1,88.6
GENE-11797,NO,17.2,14.5,19.8,1.367,0.5,0.49,0.92,3.6e-01,1.0e+00,0.9999,3990,14.9,17.8,10.9,15.8,25.8,17.9
GENE-11798,NO,6.6,6.9,6.3,0.907,-0.1,0.8,-0.18,8.6e-01,1.0e+00,0.9999,3991,6.9,4,9.9,3,5,11
GENE-11801,NO,99.4,98.7,100,1.013,0,0.33,0.06,9.6e-01,1.0e+00,0.9999,3992,98.2,109.7,88.3,85.2,73.5,141.4
GENE-11806,NO,532.9,532.7,533.2,1.001,0,0.17,0.01,9.9e-01,1.0e+00,0.9999,3993,553.4,499.2,545.5,531.9,544,523.6
GENE-11811,NO,6.1,5.6,6.6,1.179,0.2,0.75,0.32,7.5e-01,1.0e+00,0.9999,3994,5,5.9,6,9.9,5,5
GENE-11814,NO,1.2,1.3,1,0.752,-0.4,1.68,-0.24,8.1e-01,1.0e+00,0.9999,3995,2,1,1,1,0,2
GENE-11818,NO,7.1,8.6,5.7,0.656,-0.6,0.74,-0.83,4.1e-01,1.0e+00,0.9999,3996,6,7.9,11.9,4,4,9
GENE-11821,NO,343,329.9,356.2,1.079,0.1,0.25,0.44,6.6e-01,1.0e+00,0.9999,3997,318.4,318.3,353.1,284.3,450.7,333.5
GENE-11822,NO,9.1,7.6,10.6,1.394,0.5,0.68,0.71,4.8e-01,1.0e+00,0.9999,3998,12.9,4,6,12.9,7.9,11
GENE-11823,NO,612.3,586.8,637.7,1.087,0.1,0.25,0.48,6.3e-01,1.0e+00,0.9999,3999,687.3,609.9,463.2,594.3,766.4,552.5
GENE-11831,NO,150.5,136.6,164.4,1.203,0.3,0.41,0.66,5.1e-01,1.0e+00,0.9999,4000,122,196.7,91.2,243.6,139,110.5
GENE-11832,NO,4.1,4,4.3,1.086,0.1,0.93,0.13,9.0e-01,1.0e+00,0.9999,4001,4,5.9,2,2,6,5
GENE-11837,NO,49.3,45.6,53,1.163,0.2,0.42,0.52,6.0e-01,1.0e+00,0.9999,4002,49.6,39.5,47.6,30.7,46.7,81.6
GENE-11843,NO,762,768.8,755.3,0.982,0,0.19,-0.13,8.9e-01,1.0e+00,0.9999,4003,825.2,814.6,666.5,763.6,722.7,779.5
GENE-11845,NO,95.9,92.8,99,1.066,0.1,0.25,0.37,7.1e-01,1.0e+00,0.9999,4004,94.2,88,96.2,89.1,113.2,94.6
GENE-11846,NO,1048.5,1079.9,1017,0.942,-0.1,0.37,-0.24,8.1e-01,1.0e+00,0.9999,4005,1517.5,1098.3,623.8,966.7,759.4,1325
GENE-11855,NO,95.7,125.2,66.1,0.528,-0.9,1.4,-0.66,5.1e-01,1.0e+00,0.9999,4006,17.9,65.2,292.6,143.6,48.6,6
GENE-11857,NO,329.4,316.7,342.2,1.081,0.1,0.22,0.51,6.1e-01,1.0e+00,0.9999,4007,293.6,360.8,295.6,315,393.1,318.6
GENE-11858,NO,638.9,577.5,700.3,1.213,0.3,0.35,0.79,4.3e-01,1.0e+00,0.9999,4008,514.8,674.2,543.5,491.3,1094.9,514.7
GENE-11862,NO,15.5,13.2,17.9,1.353,0.4,0.59,0.74,4.6e-01,1.0e+00,0.9999,4009,18.8,12.9,7.9,8.9,24.8,19.9
GENE-11864,NO,68.1,71.3,64.9,0.909,-0.1,0.34,-0.41,6.8e-01,1.0e+00,0.9999,4010,80.3,60.3,73.4,47.5,87.4,59.7
GENE-11868,NO,64.1,69.7,58.6,0.841,-0.2,0.33,-0.75,4.6e-01,1.0e+00,0.9999,4011,71.4,72.2,65.5,41.6,54.6,79.6
GENE-11871,NO,225.9,228.8,223.1,0.975,0,0.23,-0.16,8.7e-01,1.0e+00,0.9999,4012,243,255.1,188.4,211,249.2,209.1
GENE-11876,NO,235.5,254.7,216.4,0.85,-0.2,0.34,-0.68,4.9e-01,1.0e+00,0.9999,4013,197.4,207.6,359,202.1,284.9,162.3
GENE-11878,NO,53.6,54.2,52.9,0.978,0,0.3,-0.11,9.1e-01,1.0e+00,0.9999,4014,54.6,48.4,59.5,48.5,51.6,58.7
GENE-11879,NO,159.5,142.7,176.4,1.236,0.3,0.24,1.27,2.0e-01,1.0e+00,0.9999,4015,135.9,158.2,133.9,180.3,200.5,148.3
GENE-11885,NO,1021.6,1043.6,999.7,0.958,-0.1,0.21,-0.29,7.7e-01,1.0e+00,0.9999,4016,907.5,1029.1,1194.1,1135,926.2,937.8
GENE-11893,NO,29.4,26.1,32.8,1.256,0.3,0.37,0.9,3.7e-01,1.0e+00,0.9999,4017,26.8,23.7,27.8,35.7,29.8,32.9
GENE-11902,NO,2.8,2.7,3,1.127,0.2,1.08,0.16,8.7e-01,1.0e+00,0.9999,4018,2,4,2,5,2,2
GENE-11903,NO,302.2,274.8,329.7,1.2,0.3,0.22,1.17,2.4e-01,1.0e+00,0.9999,4019,291.6,274.8,257.9,285.2,311.7,392.2
GENE-11904,NO,18,20.2,15.9,0.789,-0.3,0.47,-0.74,4.6e-01,1.0e+00,0.9999,4020,17.9,24.7,17.9,13.9,19.9,13.9
GENE-11906,NO,417.3,391.3,443.3,1.133,0.2,0.22,0.82,4.1e-01,1.0e+00,0.9999,4021,384.8,400.4,388.8,355.6,478.5,495.8
GENE-11908,NO,77.2,79.3,75.1,0.948,-0.1,0.28,-0.28,7.8e-01,1.0e+00,0.9999,4022,71.4,89,77.4,87.2,64.5,73.7
GENE-11912,NO,11.6,10.6,12.6,1.19,0.3,0.58,0.43,6.6e-01,1.0e+00,0.9999,4023,12.9,10.9,7.9,9.9,17.9,10
GENE-11913,NO,48.6,57.1,40.1,0.701,-0.5,0.4,-1.28,2.0e-01,1.0e+00,0.9999,4024,35.7,69.2,66.5,27.7,46.7,45.8
GENE-11915,NO,359,365.5,352.5,0.964,-0.1,0.26,-0.2,8.4e-01,1.0e+00,0.9999,4025,300.5,408.3,387.8,406.1,264.1,387.3
GENE-11925,NO,447,422.7,471.3,1.115,0.2,0.19,0.82,4.1e-01,1.0e+00,0.9999,4026,435.4,435,397.7,447.7,441.7,524.6
GENE-11926,NO,1228.2,1250.5,1205.9,0.964,-0.1,0.26,-0.2,8.4e-01,1.0e+00,0.9999,4027,1206.1,1113.1,1432.2,1570.8,977.8,1069.2
GENE-11928,NO,11.9,8.9,14.9,1.67,0.7,0.57,1.29,2.0e-01,1.0e+00,0.9999,4028,12.9,7.9,6,13.9,12.9,17.9
GENE-11930,NO,128.2,137.1,119.2,0.87,-0.2,0.34,-0.6,5.5e-01,1.0e+00,0.9999,4029,153.7,97.9,159.7,87.2,110.2,160.3
GENE-11937,NO,542.9,498.6,587.2,1.178,0.2,0.21,1.13,2.6e-01,1.0e+00,0.9999,4030,496.9,563.5,435.4,575.4,535.1,651.1
GENE-11945,NO,1472.7,1591.2,1354.3,0.851,-0.2,0.2,-1.16,2.5e-01,1.0e+00,0.9999,4031,1620.7,1531.3,1621.6,1221.2,1236.9,1604.8
GENE-11947,NO,1.2,1.7,0.7,0.401,-1.3,1.88,-0.7,4.8e-01,1.0e+00,0.9999,4032,0,3,2,1,1,0
GENE-11951,NO,6.9,4.6,9.3,2.005,1,0.76,1.33,1.8e-01,1.0e+00,0.9999,4033,4,7.9,2,10.9,8.9,8
GENE-11952,NO,19.2,18.8,19.5,1.037,0.1,0.45,0.12,9.1e-01,1.0e+00,0.9999,4034,21.8,19.8,14.9,21.8,16.9,19.9
GENE-11958,YES,2.1,1.7,2.7,1.601,0.7,1.34,0.51,6.1e-01,1.0e+00,0.9999,4035,2,0,3,4,3,1
GENE-11974,NO,2449.7,2358.6,2540.9,1.077,0.1,0.32,0.34,7.4e-01,1.0e+00,0.9999,4036,2608.5,1448.3,3019,1998.7,2699.1,2924.8
GENE-11975,NO,9.7,10.6,9,0.845,-0.2,0.67,-0.36,7.2e-01,1.0e+00,0.9999,4037,9.9,11.9,9.9,13.9,3,10
GENE-11977,NO,41.8,40.3,43.3,1.076,0.1,0.46,0.23,8.2e-01,1.0e+00,0.9999,4038,39.7,25.7,55.5,49.5,22.8,57.7
GENE-11981,NO,11.6,12.9,10.3,0.796,-0.3,0.55,-0.59,5.5e-01,1.0e+00,0.9999,4039,11.9,10.9,15.9,10.9,11.9,8
GENE-11991,NO,1.5,1.7,1.3,0.801,-0.3,1.42,-0.23,8.2e-01,1.0e+00,0.9999,4040,2,1,2,2,1,1
GENE-11992,NO,18.7,18.5,18.9,1.02,0,0.55,0.05,9.6e-01,1.0e+00,0.9999,4041,11.9,23.7,19.8,22.8,24.8,9
GENE-11993,NO,28.3,25.1,31.4,1.253,0.3,0.38,0.85,4.0e-01,1.0e+00,0.9999,4042,26.8,28.7,19.8,29.7,34.7,29.9
GENE-11996,NO,2955.7,3177,2734.4,0.861,-0.2,0.2,-1.09,2.8e-01,1.0e+00,0.9999,4043,3469.4,3101.1,2960.5,2362.2,2721,3120
GENE-12004,NO,2135.2,2294.4,1976,0.861,-0.2,0.18,-1.22,2.2e-01,1.0e+00,0.9999,4044,2447.8,2122.5,2312.9,2150.2,1858.3,1919.4
GENE-12005,NO,8.3,8.3,8.3,1.002,0,0.75,0,1.0e+00,1.0e+00,0.9999,4045,10.9,4,9.9,3,9.9,11.9
GENE-12014,NO,7.4,5.6,9.3,1.652,0.7,0.79,0.91,3.6e-01,1.0e+00,0.9999,4046,4,8.9,4,4,15.9,8
GENE-12018,NO,111.1,101.7,120.5,1.185,0.2,0.42,0.59,5.6e-01,1.0e+00,0.9999,4047,47.6,138.4,119,92.1,147.9,121.5
GENE-12023,NO,69.6,61.4,77.8,1.266,0.3,0.43,0.79,4.3e-01,1.0e+00,0.9999,4048,97.2,54.4,32.7,97.1,65.5,70.7
GENE-12025,NO,14.1,13.5,14.6,1.076,0.1,0.53,0.2,8.4e-01,1.0e+00,0.9999,4049,8.9,14.8,16.9,11.9,13.9,17.9
GENE-12027,NO,3.3,4.3,2.3,0.54,-0.9,0.99,-0.9,3.7e-01,1.0e+00,0.9999,4050,4,4,5,2,3,2
GENE-12028,NO,13.1,11.5,14.6,1.26,0.3,0.57,0.59,5.6e-01,1.0e+00,0.9999,4051,6.9,14.8,12.9,10.9,19.9,12.9
GENE-12035,NO,6.8,5.6,7.9,1.415,0.5,0.87,0.57,5.7e-01,1.0e+00,0.9999,4052,4,3,9.9,9.9,2,11.9
GENE-12040,NO,49.8,48.2,51.3,1.064,0.1,0.33,0.27,7.9e-01,1.0e+00,0.9999,4053,58.5,45.5,40.7,48.5,43.7,61.7
GENE-12047,NO,4.8,5,4.6,0.936,-0.1,0.85,-0.11,9.1e-01,1.0e+00,0.9999,4054,3,6.9,5,3,6.9,4
GENE-12050,NO,1270.5,1266.2,1274.8,1.007,0,0.16,0.06,9.5e-01,1.0e+00,0.9999,4055,1310.2,1274.3,1214,1341.1,1223,1260.3
GENE-12053,NO,74.9,76,73.8,0.972,0,0.35,-0.12,9.1e-01,1.0e+00,0.9999,4056,78.4,97.9,51.6,60.4,92.3,68.7
GENE-12056,NO,373.8,398.5,349.1,0.876,-0.2,0.26,-0.73,4.6e-01,1.0e+00,0.9999,4057,396.7,453.8,345.1,374.4,413,259.8
GENE-12059,NO,431.1,381.9,480.3,1.258,0.3,0.38,0.87,3.8e-01,1.0e+00,0.9999,4058,572.3,315.4,257.9,324.9,636.3,479.8
GENE-12060,NO,7.8,5.3,10.3,1.942,1,0.69,1.4,1.6e-01,1.0e+00,0.9999,4059,4,7.9,4,11.9,8.9,10
GENE-12061,NO,29.6,23.8,35.4,1.489,0.6,0.41,1.4,1.6e-01,1.0e+00,0.9999,4060,30.7,23.7,16.9,43.6,33.8,28.9
GENE-12068,NO,34.4,44.9,23.8,0.53,-0.9,0.53,-1.71,8.7e-02,1.0e+00,0.9999,4061,18.8,38.6,77.4,28.7,21.8,20.9
GENE-12070,NO,63.5,59.5,67.5,1.135,0.2,0.31,0.6,5.5e-01,1.0e+00,0.9999,4062,65.5,53.4,59.5,84.2,62.5,55.7
GENE-12071,NO,2.3,2,2.7,1.338,0.4,1.44,0.29,7.7e-01,1.0e+00,0.9999,4063,1,2,3,0,1,7
GENE-12074,NO,173.7,180.6,166.7,0.923,-0.1,0.31,-0.38,7.1e-01,1.0e+00,0.9999,4064,184.5,189.8,167.6,191.2,203.5,105.5
GENE-12077,NO,92.1,97.7,86.4,0.884,-0.2,0.33,-0.54,5.9e-01,1.0e+00,0.9999,4065,62.5,126.5,104.1,81.2,94.3,83.6
GENE-12082,YES,0.7,0,1.3,7.26,2.9,2.76,1.04,3.0e-01,1.0e+00,0.9999,4066,0,0,0,1,3,0
GENE-12085,NO,22,20.8,23.2,1.114,0.2,0.49,0.31,7.5e-01,1.0e+00,0.9999,4067,31.7,16.8,13.9,16.8,28.8,23.9
GENE-12086,NO,403,430.6,375.3,0.872,-0.2,0.22,-0.92,3.6e-01,1.0e+00,0.9999,4068,415.6,463.6,412.6,412,309.7,404.2
GENE-12090,NO,1309.2,1335.1,1283.2,0.961,-0.1,0.39,-0.15,8.8e-01,1.0e+00,0.9999,4069,1475.8,1668.7,860.9,683.4,1591.3,1574.9
GENE-12093,NO,169.6,154.9,184.3,1.19,0.3,0.26,0.98,3.3e-01,1.0e+00,0.9999,4070,176.5,132.5,155.7,200.1,203.5,149.3
GENE-12098,NO,67,61.1,72.8,1.192,0.3,0.3,0.84,4.0e-01,1.0e+00,0.9999,4071,73.4,60.3,49.6,63.4,82.4,72.7
GENE-12103,NO,2385.4,2715.5,2055.2,0.757,-0.4,0.23,-1.73,8.4e-02,1.0e+00,0.9999,4072,3186.8,2159,2800.8,2363.2,1925.8,1876.6
GENE-12111,NO,4.1,3,5.3,1.781,0.8,0.94,0.89,3.7e-01,1.0e+00,0.9999,4073,2,2,5,5.9,6.9,3
GENE-12121,NO,32.2,30.4,34.1,1.122,0.2,0.42,0.4,6.9e-01,1.0e+00,0.9999,4074,31.7,32.6,26.8,44.6,37.7,19.9
GENE-12124,NO,101.8,102,101.6,0.996,0,0.28,-0.02,9.8e-01,1.0e+00,0.9999,4075,89.3,101.8,115,79.2,102.2,123.4
GENE-12130,NO,87.8,79.6,96,1.206,0.3,0.25,1.08,2.8e-01,1.0e+00,0.9999,4076,73.4,79.1,86.3,98.1,93.3,96.6
GENE-12133,NO,1.2,1,1.3,1.336,0.4,1.58,0.26,7.9e-01,1.0e+00,0.9999,4077,1,1,1,2,1,1
GENE-12134,NO,14,14.9,13.3,0.891,-0.2,0.5,-0.33,7.4e-01,1.0e+00,0.9999,4078,14.9,15.8,13.9,12.9,15.9,11
GENE-12140,NO,539.5,552.9,526.2,0.952,-0.1,0.22,-0.33,7.4e-01,1.0e+00,0.9999,4079,531.6,484.4,642.7,583.4,520.2,474.9
GENE-12141,NO,84.3,95.1,73.4,0.772,-0.4,0.34,-1.1,2.7e-01,1.0e+00,0.9999,4080,98.2,86,101.2,106,53.6,60.7
GENE-12151,NO,60.2,69.1,51.3,0.743,-0.4,0.32,-1.34,1.8e-01,1.0e+00,0.9999,4081,78.4,52.4,76.4,43.6,51.6,58.7
GENE-12156,NO,109.6,105,114.2,1.087,0.1,0.25,0.49,6.3e-01,1.0e+00,0.9999,4082,121,101.8,92.2,116.9,109.2,116.5
GENE-12158,NO,168.4,179.3,157.6,0.879,-0.2,0.24,-0.77,4.4e-01,1.0e+00,0.9999,4083,179.5,203.6,154.7,139.7,177.7,155.3
GENE-12162,NO,24,25.4,22.5,0.885,-0.2,0.43,-0.41,6.8e-01,1.0e+00,0.9999,4084,19.8,30.6,25.8,18.8,28.8,19.9
GENE-12163,NO,979.7,985.2,974.1,0.989,0,0.24,-0.07,9.4e-01,1.0e+00,0.9999,4085,1175.3,896.6,883.7,1040,1088,794.4
GENE-12168,NO,431.1,479.3,382.9,0.799,-0.3,0.37,-0.89,3.8e-01,1.0e+00,0.9999,4086,450.3,410.3,577.2,253.6,292.8,602.3
GENE-12169,NO,90.6,91.8,89.3,0.973,0,0.29,-0.13,8.9e-01,1.0e+00,0.9999,4087,115.1,81.1,79.3,104,75.4,88.6
GENE-12171,NO,17.7,15.5,19.8,1.278,0.4,0.71,0.5,6.2e-01,1.0e+00,0.9999,4088,7.9,4.9,33.7,21.8,23.8,13.9
GENE-12173,NO,74.5,69.3,79.7,1.15,0.2,0.32,0.64,5.2e-01,1.0e+00,0.9999,4089,68.4,67.2,72.4,96.1,88.3,54.8
GENE-12181,NO,665,665.5,664.7,0.999,0,0.22,-0.01,9.9e-01,1.0e+00,0.9999,4090,768.7,669.3,558.4,645.8,610.5,737.7
GENE-12182,NO,6.8,6.6,7,1.052,0.1,0.7,0.1,9.2e-01,1.0e+00,0.9999,4091,6.9,7.9,5,7.9,5,8
GENE-12183,NO,714.5,658.8,770.2,1.169,0.2,0.29,0.78,4.4e-01,1.0e+00,0.9999,4092,546.5,672.2,757.7,861.7,929.2,519.7
GENE-12184,NO,2.8,2.7,3,1.128,0.2,1.09,0.16,8.7e-01,1.0e+00,0.9999,4093,3,3,2,3,1,5
GENE-12185,NO,427.1,449.7,404.6,0.9,-0.2,0.37,-0.41,6.8e-01,1.0e+00,0.9999,4094,468.1,252.1,628.8,298.1,420.9,494.8
GENE-12188,NO,23.3,20.8,25.8,1.241,0.3,0.44,0.71,4.8e-01,1.0e+00,0.9999,4095,22.8,25.7,13.9,23.8,30.8,22.9
GENE-12193,NO,137.7,128.5,147,1.145,0.2,0.38,0.52,6.1e-01,1.0e+00,0.9999,4096,89.3,148.3,147.8,136.7,92.3,212
GENE-12195,NO,19.5,21.1,17.9,0.846,-0.2,0.45,-0.54,5.9e-01,1.0e+00,0.9999,4097,18.8,27.7,16.9,17.8,18.9,16.9
GENE-12197,NO,4.5,3.3,5.7,1.704,0.8,0.91,0.84,4.0e-01,1.0e+00,0.9999,4098,6,2,2,4,5,8
GENE-12200,NO,2.3,2.7,2,0.752,-0.4,1.37,-0.3,7.6e-01,1.0e+00,0.9999,4099,4,0,4,1,1,4
GENE-12205,NO,123.1,120.5,125.7,1.044,0.1,0.32,0.19,8.5e-01,1.0e+00,0.9999,4100,89.3,162.1,110.1,126.8,148.9,101.5
GENE-12210,NO,117.4,114.6,120.2,1.05,0.1,0.44,0.16,8.7e-01,1.0e+00,0.9999,4101,65.5,166.1,112.1,93.1,84.4,183.2
GENE-12211,NO,1.7,1.3,2,1.505,0.6,1.49,0.4,6.9e-01,1.0e+00,0.9999,4102,0,3,1,2,1,3
GENE-12216,NO,1427.7,1384.5,1471,1.063,0.1,0.28,0.31,7.6e-01,1.0e+00,0.9999,4103,1156.5,1927.7,1069.2,1322.2,1484.1,1606.8
GENE-12218,NO,435.1,449.8,420.4,0.935,-0.1,0.24,-0.41,6.9e-01,1.0e+00,0.9999,4104,359,442.9,547.5,374.4,442.7,444
GENE-12233,NO,569.5,571.3,567.7,0.994,0,0.23,-0.04,9.7e-01,1.0e+00,0.9999,4105,590.1,554.6,569.3,678.5,585.7,439
GENE-12234,NO,2.3,1,3.6,3.673,1.9,1.4,1.34,1.8e-01,1.0e+00,0.9999,4106,2,0,1,2,6.9,2
GENE-12235,NO,155.4,154.9,155.9,1.007,0,0.22,0.04,9.7e-01,1.0e+00,0.9999,4107,159.7,150.3,154.7,146.6,152.9,168.2
GENE-12240,NO,37.5,42.3,32.8,0.775,-0.4,0.34,-1.07,2.8e-01,1.0e+00,0.9999,4108,40.7,42.5,43.6,29.7,39.7,28.9
GENE-12241,NO,14.2,15.5,12.9,0.832,-0.3,0.56,-0.48,6.3e-01,1.0e+00,0.9999,4109,8.9,23.7,13.9,11.9,12.9,13.9
GENE-12243,NO,480.6,552.3,409,0.741,-0.4,0.36,-1.21,2.3e-01,1.0e+00,0.9999,4110,475.1,456.7,725,532.9,233.3,460.9
GENE-12249,NO,1,1.3,0.7,0.501,-1,1.99,-0.5,6.2e-01,1.0e+00,0.9999,4111,1,0,3,1,0,1
GENE-12251,NO,5,6,4,0.668,-0.6,0.83,-0.7,4.8e-01,1.0e+00,0.9999,4112,6,5.9,6,2,6,4
GENE-12255,NO,266.3,266.9,265.8,0.996,0,0.19,-0.03,9.8e-01,1.0e+00,0.9999,4113,276.7,254.1,269.8,260.5,274,262.8
GENE-12261,NO,4125.2,4031.7,4218.7,1.046,0.1,0.16,0.41,6.8e-01,1.0e+00,0.9999,4114,4202.4,3941.4,3951.3,4455,4119.6,4081.6
GENE-12262,NO,133.9,128.1,139.7,1.09,0.1,0.29,0.42,6.7e-01,1.0e+00,0.9999,4115,121,145.3,118,150.5,98.3,170.2
GENE-12266,NO,2.1,2,2.3,1.17,0.2,1.44,0.16,8.8e-01,1.0e+00,0.9999,4116,2,3,1,0,6,1
GENE-12273,NO,154.6,152.9,156.2,1.022,0,0.23,0.14,8.9e-01,1.0e+00,0.9999,4117,151.8,171,135.9,143.6,166.8,158.3
GENE-12276,NO,489.6,498.7,480.6,0.964,-0.1,0.19,-0.28,7.8e-01,1.0e+00,0.9999,4118,509.8,488.4,497.9,467.5,433.8,540.6
GENE-12280,NO,43.8,48.9,38.7,0.792,-0.3,0.35,-0.96,3.4e-01,1.0e+00,0.9999,4119,36.7,49.4,60.5,32.7,42.7,40.8
GENE-12281,NO,1305.1,1281.6,1328.7,1.037,0.1,0.23,0.23,8.2e-01,1.0e+00,0.9999,4120,1555.2,1071.6,1217.9,1457.9,1187.3,1341
GENE-12282,NO,11.4,11.2,11.6,1.03,0,0.81,0.05,9.6e-01,1.0e+00,0.9999,4121,15.9,8.9,8.9,18.8,14.9,1
GENE-12284,NO,205.1,198.1,212.1,1.071,0.1,0.31,0.32,7.5e-01,1.0e+00,0.9999,4122,168.6,238.2,187.4,255.5,140,240.9
GENE-12288,NO,37.4,38.3,36.4,0.95,-0.1,0.34,-0.22,8.3e-01,1.0e+00,0.9999,4123,39.7,36.6,38.7,31.7,36.7,40.8
GENE-12292,NO,0.7,0.3,1,2.803,1.5,2.86,0.52,6.0e-01,1.0e+00,0.9999,4124,0,1,0,0,0,3
GENE-12293,NO,204.3,220.9,187.7,0.85,-0.2,0.29,-0.8,4.2e-01,1.0e+00,0.9999,4125,224.2,259,179.5,137.7,236.3,189.1
GENE-12296,NO,20.3,18.2,22.5,1.24,0.3,0.53,0.59,5.6e-01,1.0e+00,0.9999,4126,14.9,13.8,25.8,11.9,23.8,31.9
GENE-12299,NO,1.3,2,0.7,0.334,-1.6,1.67,-0.95,3.4e-01,1.0e+00,0.9999,4127,1,2,3,1,0,1
GENE-12307,NO,117,107.7,126.4,1.174,0.2,0.35,0.66,5.1e-01,1.0e+00,0.9999,4128,129.9,105.8,87.3,110.9,181.7,86.6
GENE-12309,NO,33.9,34.7,33.1,0.954,-0.1,0.37,-0.18,8.6e-01,1.0e+00,0.9999,4129,24.8,37.6,41.7,34.7,31.8,32.9
GENE-12315,NO,264,261.9,266.1,1.016,0,0.2,0.12,9.1e-01,1.0e+00,0.9999,4130,266.8,251.1,267.8,252.6,258.1,287.7
GENE-12317,NO,131.7,129.1,134.4,1.041,0.1,0.24,0.24,8.1e-01,1.0e+00,0.9999,4131,122,150.3,115,134.7,140,128.4
GENE-12322,NO,13.4,14.2,12.6,0.885,-0.2,0.55,-0.32,7.5e-01,1.0e+00,0.9999,4132,18.8,10.9,12.9,14.9,14.9,8
GENE-12323,NO,986.4,1000.6,972.3,0.972,0,0.25,-0.17,8.7e-01,1.0e+00,0.9999,4133,978.9,1074.6,948.2,1248.9,906.3,761.6
GENE-12332,NO,140.5,126.8,154.2,1.216,0.3,0.29,0.99,3.2e-01,1.0e+00,0.9999,4134,124,119.6,136.9,169.4,184.6,108.5
GENE-12333,NO,422.7,418.4,426.9,1.02,0,0.2,0.15,8.8e-01,1.0e+00,0.9999,4135,394.8,393.4,467.1,442.7,444.7,393.2
GENE-12334,NO,114,113.2,114.9,1.014,0,0.29,0.07,9.4e-01,1.0e+00,0.9999,4136,108.1,145.3,86.3,105,120.1,119.5
GENE-12335,NO,1367.9,1428.3,1307.6,0.915,-0.1,0.48,-0.26,7.9e-01,1.0e+00,0.9999,4137,1902.3,820.5,1562.1,1793.7,489.4,1639.6
GENE-12348,NO,105,105.4,104.6,0.993,0,0.27,-0.04,9.7e-01,1.0e+00,0.9999,4138,100.2,105.8,110.1,96.1,131,86.6
GENE-12351,NO,200.7,227.9,173.4,0.761,-0.4,0.34,-1.17,2.4e-01,1.0e+00,0.9999,4139,190.4,215.5,277.7,213.9,104.2,202.1
GENE-12360,NO,10.6,11.9,9.3,0.78,-0.4,0.59,-0.6,5.5e-01,1.0e+00,0.9999,4140,13.9,11.9,9.9,8.9,6,12.9
GENE-12361,NO,4.5,4.3,4.7,1.08,0.1,0.97,0.11,9.1e-01,1.0e+00,0.9999,4141,1,4.9,6.9,3,3,8
GENE-12362,NO,59.5,62.1,56.9,0.917,-0.1,0.3,-0.41,6.8e-01,1.0e+00,0.9999,4142,52.6,64.3,69.4,51.5,51.6,67.7
GENE-12367,NO,445.4,484.8,406.1,0.838,-0.3,0.29,-0.89,3.7e-01,1.0e+00,0.9999,4143,384.8,509.1,560.4,327.8,538,352.4
GENE-12373,NO,851.7,783.7,919.7,1.174,0.2,0.21,1.12,2.6e-01,1.0e+00,0.9999,4144,834.1,752.3,764.7,851.8,1090,817.3
GENE-12374,NO,638.4,633.6,643.2,1.015,0,0.27,0.08,9.4e-01,1.0e+00,0.9999,4145,542.5,715.7,642.7,479.4,828.9,621.2
GENE-12379,NO,31.4,27.4,35.4,1.292,0.4,0.39,0.96,3.4e-01,1.0e+00,0.9999,4146,30.7,19.8,31.7,32.7,41.7,31.9
GENE-12381,NO,397.8,363.3,432.3,1.19,0.3,0.25,0.99,3.2e-01,1.0e+00,0.9999,4147,323.3,296.6,470.1,407.1,426.9,462.9
GENE-12385,NO,157.2,150.3,164.1,1.092,0.1,0.24,0.52,6.0e-01,1.0e+00,0.9999,4148,171.6,131.5,147.8,185.2,142.9,164.3
GENE-12387,NO,1.3,1,1.7,1.67,0.7,1.59,0.46,6.4e-01,1.0e+00,0.9999,4149,0,1,2,2,1,2
GENE-12396,NO,173.2,176,170.4,0.968,0,0.23,-0.21,8.4e-01,1.0e+00,0.9999,4150,160.7,167.1,200.3,183.2,157.8,170.2
GENE-12399,NO,1377,1358.4,1395.6,1.027,0,0.28,0.14,8.9e-01,1.0e+00,0.9999,4151,1157.5,1250.5,1667.2,986.5,1529.7,1670.5
GENE-12400,NO,24.6,23.1,26.2,1.131,0.2,0.46,0.38,7.0e-01,1.0e+00,0.9999,4152,13.9,24.7,30.7,24.8,33.8,19.9
GENE-12402,NO,1.5,1,2,2.003,1,1.7,0.59,5.6e-01,1.0e+00,0.9999,4153,3,0,0,3,1,2
GENE-12404,NO,1.3,1,1.7,1.667,0.7,1.76,0.42,6.8e-01,1.0e+00,0.9999,4154,1,0,2,3,2,0
GENE-12406,NO,54.5,59.1,50,0.845,-0.2,0.35,-0.7,4.9e-01,1.0e+00,0.9999,4155,57.5,43.5,76.4,50.5,58.6,40.8
GENE-12409,NO,115.8,99.7,131.8,1.322,0.4,0.39,1.03,3.0e-01,1.0e+00,0.9999,4156,76.4,115.7,107.1,85.2,105.2,205.1
GENE-12411,NO,3.1,3.3,3,0.902,-0.1,1.04,-0.14,8.9e-01,1.0e+00,0.9999,4157,5,3,2,2,5,2
GENE-12412,NO,4.1,4.6,3.7,0.788,-0.3,0.88,-0.39,6.9e-01,1.0e+00,0.9999,4158,4,4.9,5,3,3,5
GENE-12415,NO,1281.9,1397.7,1166,0.834,-0.3,0.26,-0.99,3.2e-01,1.0e+00,0.9999,4159,1446.1,1020.2,1726.7,1336.1,1146.6,1015.4
GENE-12416,NO,84,86.9,81.1,0.933,-0.1,0.46,-0.22,8.3e-01,1.0e+00,0.9999,4160,123,74.1,63.5,62.4,134,46.8
GENE-12420,NO,144.5,139,150,1.079,0.1,0.25,0.43,6.7e-01,1.0e+00,0.9999,4161,152.7,144.3,120,123.8,166.8,159.3
GENE-12424,NO,6.1,6.6,5.7,0.853,-0.2,0.83,-0.28,7.8e-01,1.0e+00,0.9999,4162,2,9.9,7.9,4,5,8
GENE-12425,NO,1.2,1,1.3,1.335,0.4,1.82,0.23,8.2e-01,1.0e+00,0.9999,4163,2,1,0,2,2,0
GENE-12428,NO,165.6,164.4,166.8,1.014,0,0.26,0.08,9.4e-01,1.0e+00,0.9999,4164,134.9,192.8,165.6,169.4,187.6,143.4
GENE-12433,NO,1.2,1,1.3,1.335,0.4,1.68,0.25,8.0e-01,1.0e+00,0.9999,4165,2,0,1,2,1,1
GENE-12434,NO,267.9,276.9,259,0.936,-0.1,0.47,-0.21,8.4e-01,1.0e+00,0.9999,4166,161.7,167.1,501.8,296.1,304.8,176.2
GENE-12435,NO,190.1,194.9,185.4,0.951,-0.1,0.22,-0.33,7.4e-01,1.0e+00,0.9999,4167,205.3,184.9,194.4,165.4,205.5,185.2
GENE-12439,NO,2145.4,2375.5,1915.3,0.806,-0.3,0.25,-1.26,2.1e-01,1.0e+00,0.9999,4168,3049.9,2057.2,2019.3,1743.2,2159.1,1843.7
GENE-12444,NO,8.1,8.2,7.9,0.962,-0.1,0.63,-0.09,9.3e-01,1.0e+00,0.9999,4169,6.9,8.9,8.9,8.9,6.9,8
GENE-12451,NO,43.1,53.5,32.7,0.612,-0.7,0.61,-1.16,2.5e-01,1.0e+00,0.9999,4170,94.2,46.5,19.8,51.5,31.8,14.9
GENE-12457,NO,27.8,23.7,31.8,1.337,0.4,0.41,1.01,3.1e-01,1.0e+00,0.9999,4171,20.8,30.6,19.8,33.7,23.8,37.8
GENE-12458,NO,920.8,807.2,1034.4,1.281,0.4,0.32,1.11,2.7e-01,1.0e+00,0.9999,4172,676.4,704.8,1040.4,1142,659.1,1302.1
GENE-12463,NO,711.1,680.3,742,1.091,0.1,0.17,0.76,4.5e-01,1.0e+00,0.9999,4173,685.4,686.1,669.5,763.6,717.7,744.6
GENE-12468,NO,2.3,2.7,2,0.752,-0.4,1.18,-0.35,7.3e-01,1.0e+00,0.9999,4174,4,2,2,1,2,3
GENE-12472,NO,1.2,1.3,1,0.751,-0.4,2.07,-0.2,8.4e-01,1.0e+00,0.9999,4175,0,2,2,3,0,0
GENE-12481,NO,4.6,5,4.3,0.868,-0.2,1.01,-0.2,8.4e-01,1.0e+00,0.9999,4176,6.9,4,4,2,9.9,1
GENE-12487,NO,2.3,2.3,2.3,1.003,0,1.35,0,1.0e+00,1.0e+00,0.9999,4177,2,4.9,0,1,4,2
GENE-12488,NO,8.6,7.6,9.6,1.263,0.3,0.66,0.51,6.1e-01,1.0e+00,0.9999,4178,5,5.9,11.9,11.9,7.9,9
GENE-12496,NO,3976.1,3868.8,4083.4,1.055,0.1,0.16,0.5,6.2e-01,1.0e+00,0.9999,4179,3870.1,3808.9,3927.5,4334.2,3971.7,3944.2
GENE-12497,NO,18.5,19.5,17.5,0.9,-0.2,0.47,-0.32,7.5e-01,1.0e+00,0.9999,4180,14.9,23.7,19.8,22.8,14.9,14.9
GENE-12499,NO,10.1,8.9,11.2,1.262,0.3,0.59,0.57,5.7e-01,1.0e+00,0.9999,4181,11.9,7.9,6.9,10.9,9.9,12.9
GENE-12502,NO,65.5,67.1,63.8,0.953,-0.1,0.3,-0.24,8.1e-01,1.0e+00,0.9999,4182,66.5,63.3,71.4,78.2,53.6,59.7
GENE-12503,NO,1.5,1.3,1.7,1.253,0.3,1.42,0.23,8.2e-01,1.0e+00,0.9999,4183,2,1,1,2,1,2
GENE-12506,NO,66.3,74.6,57.9,0.776,-0.4,0.32,-1.13,2.6e-01,1.0e+00,0.9999,4184,56.5,90.9,76.4,53.5,70.5,49.8
GENE-12508,NO,18.5,18.2,18.9,1.039,0.1,0.45,0.12,9.0e-01,1.0e+00,0.9999,4185,14.9,16.8,22.8,17.8,18.9,19.9
GENE-12513,NO,1.7,2,1.3,0.668,-0.6,1.99,-0.29,7.7e-01,1.0e+00,0.9999,4186,5,1,0,0,4,0
GENE-12514,NO,3.3,6.6,0,0.028,-5.2,3.92,-1.32,1.9e-01,1.0e+00,0.9999,4187,0,19.8,0,0,0,0
GENE-12515,NO,279.2,288,270.4,0.939,-0.1,0.24,-0.38,7.0e-01,1.0e+00,0.9999,4188,334.2,269.9,259.9,282.3,304.8,224
GENE-12520,NO,1.2,1,1.3,1.336,0.4,1.68,0.25,8.0e-01,1.0e+00,0.9999,4189,2,0,1,1,1,2
GENE-12521,NO,2.3,2.7,2,0.751,-0.4,1.2,-0.34,7.3e-01,1.0e+00,0.9999,4190,3,1,4,3,2,1
GENE-12524,NO,1.8,1.7,2,1.201,0.3,1.49,0.18,8.6e-01,1.0e+00,0.9999,4191,2,1,2,5,1,0
GENE-12529,NO,373.1,388.4,357.8,0.921,-0.1,0.23,-0.52,6.1e-01,1.0e+00,0.9999,4192,444.3,353.9,367,388.3,294.8,390.2
GENE-12534,NO,137.4,145,129.7,0.895,-0.2,0.29,-0.56,5.8e-01,1.0e+00,0.9999,4193,114.1,132.5,188.4,140.6,112.2,136.4
GENE-12536,NO,0.7,1,0.3,0.359,-1.5,2.2,-0.67,5.0e-01,1.0e+00,0.9999,4194,1,1,1,0,1,0
GENE-12543,NO,58.7,58.1,59.3,1.019,0,0.38,0.07,9.4e-01,1.0e+00,0.9999,4195,52.6,62.3,59.5,73.3,32.8,71.7
GENE-12544,NO,436.4,430.1,442.8,1.03,0,0.28,0.15,8.8e-01,1.0e+00,0.9999,4196,585.2,330.2,374.9,450.7,465.6,412.1
GENE-12546,NO,3.8,4.3,3.3,0.771,-0.4,0.91,-0.41,6.8e-01,1.0e+00,0.9999,4197,4,4.9,4,2,4,4
GENE-12548,NO,345.9,283.2,408.5,1.442,0.5,0.3,1.75,8.0e-02,1.0e+00,0.9999,4198,262.8,372.7,214.2,394.2,322.6,508.7
GENE-12555,NO,394.2,411.1,377.3,0.918,-0.1,0.19,-0.66,5.1e-01,1.0e+00,0.9999,4199,386.8,429,417.5,408.1,366.3,357.4
GENE-12556,NO,20.3,17.5,23.2,1.324,0.4,0.42,0.96,3.4e-01,1.0e+00,0.9999,4200,16.9,16.8,18.8,22.8,23.8,22.9
GENE-12566,NO,207.7,192.5,222.8,1.157,0.2,0.26,0.8,4.2e-01,1.0e+00,0.9999,4201,226.1,189.8,161.7,221.9,180.7,265.8
GENE-12572,NO,319.5,316.7,322.3,1.018,0,0.22,0.11,9.1e-01,1.0e+00,0.9999,4202,311.4,274.8,364,355.6,295.8,315.6
GENE-12573,NO,222.6,232.1,213.1,0.918,-0.1,0.27,-0.45,6.5e-01,1.0e+00,0.9999,4203,205.3,293.6,197.4,215.9,248.2,175.2
GENE-12574,NO,77.7,83.2,72.2,0.867,-0.2,0.29,-0.72,4.7e-01,1.0e+00,0.9999,4204,97.2,65.2,87.3,77.3,68.5,70.7
GENE-12577,NO,103.3,107.7,98.9,0.919,-0.1,0.29,-0.42,6.7e-01,1.0e+00,0.9999,4205,100.2,113.7,109.1,114.9,111.2,70.7
GENE-12582,NO,331.1,343.9,318.3,0.926,-0.1,0.2,-0.55,5.8e-01,1.0e+00,0.9999,4206,368,297.6,366,328.8,320.6,305.6
GENE-12583,NO,2224.4,2189.5,2259.4,1.032,0,0.19,0.24,8.1e-01,1.0e+00,0.9999,4207,2174.1,1916.8,2477.5,2416.7,2106.5,2254.9
GENE-12587,NO,68.6,66.1,71.1,1.077,0.1,0.31,0.34,7.3e-01,1.0e+00,0.9999,4208,56.5,64.3,77.4,90.1,59.6,63.7
GENE-12594,NO,1.2,1.7,0.7,0.401,-1.3,1.72,-0.77,4.4e-01,1.0e+00,0.9999,4209,2,1,2,1,0,1
GENE-12596,NO,663.2,730.8,595.5,0.815,-0.3,0.33,-0.9,3.7e-01,1.0e+00,0.9999,4210,710.2,453.8,1028.5,505.1,616.5,665
GENE-12599,NO,427,429.6,424.3,0.988,0,0.19,-0.09,9.3e-01,1.0e+00,0.9999,4211,404.7,462.6,421.5,392.2,415.9,464.9
GENE-12601,NO,30.4,27.7,33.1,1.193,0.3,0.45,0.56,5.7e-01,1.0e+00,0.9999,4212,23.8,37.6,21.8,29.7,47.6,21.9
GENE-12608,NO,122.8,126.8,118.9,0.937,-0.1,0.29,-0.32,7.5e-01,1.0e+00,0.9999,4213,132.9,143.3,104.1,93.1,114.2,149.3
GENE-12615,NO,32.7,39.6,25.8,0.652,-0.6,0.47,-1.3,1.9e-01,1.0e+00,0.9999,4214,24.8,57.3,36.7,16.8,36.7,23.9
GENE-12616,NO,28.9,27.1,30.8,1.137,0.2,0.38,0.48,6.3e-01,1.0e+00,0.9999,4215,29.8,23.7,27.8,23.8,34.7,33.8
GENE-12617,NO,41.3,41.3,41.4,1.002,0,0.33,0.01,9.9e-01,1.0e+00,0.9999,4216,40.7,36.6,46.6,38.6,40.7,44.8
GENE-12618,NO,0.8,1,0.7,0.668,-0.6,1.91,-0.3,7.6e-01,1.0e+00,0.9999,4217,1,1,1,1,0,1
GENE-12620,NO,24,22.4,25.5,1.135,0.2,0.41,0.45,6.5e-01,1.0e+00,0.9999,4218,18.8,24.7,23.8,22.8,23.8,29.9
GENE-12635,NO,17,21.1,12.9,0.611,-0.7,0.49,-1.45,1.5e-01,1.0e+00,0.9999,4219,18.8,28.7,15.9,13.9,11.9,12.9
GENE-12641,NO,838.8,870.9,806.7,0.926,-0.1,0.39,-0.29,7.8e-01,1.0e+00,0.9999,4220,854,512.1,1246.7,745.8,1122.7,551.5
GENE-12646,NO,22.2,23.1,21.2,0.916,-0.1,0.44,-0.29,7.8e-01,1.0e+00,0.9999,4221,26.8,16.8,25.8,18.8,17.9,26.9
GENE-12648,NO,465.8,499.7,431.9,0.864,-0.2,0.2,-1.03,3.0e-01,1.0e+00,0.9999,4222,461.2,481.4,556.4,460.6,381.2,454
GENE-12650,NO,17.4,13.9,20.8,1.504,0.6,0.54,1.09,2.8e-01,1.0e+00,0.9999,4223,6,15.8,19.8,16.8,23.8,21.9
GENE-12654,NO,23.3,22.8,23.8,1.046,0.1,0.47,0.14,8.9e-01,1.0e+00,0.9999,4224,22.8,29.7,15.9,16.8,21.8,32.9
GENE-12662,NO,717.8,710.4,725.2,1.021,0,0.17,0.18,8.6e-01,1.0e+00,0.9999,4225,693.3,689,748.8,720.1,735.6,719.8
GENE-12665,NO,1878,1862.8,1893.3,1.016,0,0.18,0.13,9.0e-01,1.0e+00,0.9999,4226,1867.6,1946.5,1774.3,1684.7,2057.8,1937.3
GENE-12666,NO,1254.5,1330,1179,0.886,-0.2,0.46,-0.38,7.0e-01,1.0e+00,0.9999,4227,1625.6,1538.2,826.2,468.5,1641.9,1426.6
GENE-12667,NO,1279.9,1308.9,1250.8,0.956,-0.1,0.2,-0.33,7.4e-01,1.0e+00,0.9999,4228,1344.9,1460.1,1121.7,1162.8,1316.3,1273.3
GENE-12668,NO,372.9,404.2,341.5,0.845,-0.2,0.23,-1.08,2.8e-01,1.0e+00,0.9999,4229,478.1,377.6,357,380.3,337.5,306.6
GENE-12674,NO,1678.2,2032.8,1323.7,0.651,-0.6,1.29,-0.48,6.3e-01,1.0e+00,0.9999,4230,399.7,4328.9,1369.7,2841.6,138,991.5
GENE-12677,NO,217.2,212.4,222.1,1.046,0.1,0.27,0.24,8.1e-01,1.0e+00,0.9999,4231,269.8,194.7,172.6,200.1,254.1,212
GENE-12678,NO,4.1,4.3,4,0.925,-0.1,0.94,-0.12,9.1e-01,1.0e+00,0.9999,4232,4,2,6.9,2,6,4
GENE-12680,NO,78.5,74.6,82.4,1.104,0.1,0.27,0.52,6.0e-01,1.0e+00,0.9999,4233,81.3,75.1,67.4,93.1,71.5,82.6
GENE-12684,NO,3042.5,2736.4,3348.7,1.224,0.3,0.19,1.57,1.2e-01,1.0e+00,0.9999,4234,2573.8,2724.5,2910.9,3735,3351.3,2959.7
GENE-12687,NO,23,17.2,28.8,1.676,0.7,0.43,1.72,8.5e-02,1.0e+00,0.9999,4235,17.9,13.8,19.8,35.7,27.8,22.9
GENE-12689,NO,0.7,1,0.3,0.359,-1.5,2.2,-0.67,5.0e-01,1.0e+00,0.9999,4236,1,1,1,1,0,0
GENE-12695,NO,2.8,2.3,3.3,1.432,0.5,1.14,0.46,6.5e-01,1.0e+00,0.9999,4237,1,4,2,2,6,2
GENE-12696,NO,72.3,66.4,78.1,1.177,0.2,0.34,0.69,4.9e-01,1.0e+00,0.9999,4238,92.2,60.3,46.6,76.3,71.5,86.6
GENE-12709,NO,4.6,5.3,4,0.752,-0.4,0.92,-0.45,6.5e-01,1.0e+00,0.9999,4239,9.9,4,2,3,4,5
GENE-12712,NO,73.4,69,77.8,1.127,0.2,0.3,0.57,5.7e-01,1.0e+00,0.9999,4240,63.5,74.1,69.4,98.1,74.5,60.7
GENE-12713,NO,3194.3,3332.9,3055.6,0.917,-0.1,0.15,-0.81,4.2e-01,1.0e+00,0.9999,4241,3413.9,3216.8,3368.1,3088.2,3131.9,2946.7
GENE-12715,NO,21710.8,22029.1,21392.4,0.971,0,0.2,-0.21,8.3e-01,1.0e+00,0.9999,4242,24218.6,19155.5,22713.2,20992.4,19088.3,24096.5
GENE-12722,NO,1.3,1.3,1.3,1.001,0,1.76,0,1.0e+00,1.0e+00,0.9999,4243,1,0,3,2,2,0
GENE-12724,NO,197.5,195.9,199.3,1.017,0,0.23,0.11,9.1e-01,1.0e+00,0.9999,4244,222.2,193.8,171.6,196.1,178.7,223
GENE-12729,NO,537.7,574.4,501,0.872,-0.2,0.29,-0.69,4.9e-01,1.0e+00,0.9999,4245,551.5,499.2,672.4,482.3,658.2,362.4
GENE-12730,NO,219.5,283.4,155.6,0.549,-0.9,0.62,-1.4,1.6e-01,1.0e+00,0.9999,4246,390.8,263.9,195.4,46.6,339.5,80.6
GENE-12733,NO,65.1,67,63.2,0.943,-0.1,0.27,-0.31,7.5e-01,1.0e+00,0.9999,4247,69.4,63.3,68.4,65.4,62.5,61.7
GENE-12737,NO,81.8,96.8,66.8,0.691,-0.5,0.35,-1.52,1.3e-01,1.0e+00,0.9999,4248,106.1,83,101.2,74.3,86.4,39.8
GENE-12738,NO,2814.6,3043.5,2585.7,0.85,-0.2,0.28,-0.84,4.0e-01,1.0e+00,0.9999,4249,3088.6,2517.9,3523.9,1770.9,3060.4,2925.8
GENE-12739,NO,5,5.6,4.3,0.766,-0.4,1.03,-0.38,7.1e-01,1.0e+00,0.9999,4250,6.9,6.9,3,7.9,5,0
GENE-12740,NO,214.2,329.1,99.3,0.302,-1.7,2.98,-0.58,5.6e-01,1.0e+00,0.9999,4251,543.5,443.9,0,0,251.1,46.8
GENE-12742,NO,162.2,129.2,195.2,1.511,0.6,0.56,1.05,2.9e-01,1.0e+00,0.9999,4252,70.4,77.1,240,108,137,340.5
GENE-12749,NO,3.8,4,3.7,0.919,-0.1,0.9,-0.14,8.9e-01,1.0e+00,0.9999,4253,3,4,5,4,4,3
GENE-12754,NO,251.9,254.6,249.2,0.979,0,0.22,-0.14,8.9e-01,1.0e+00,0.9999,4254,272.8,277.8,213.2,235.7,245.2,266.8
GENE-12756,NO,39.8,39.9,39.7,0.994,0,0.37,-0.02,9.8e-01,1.0e+00,0.9999,4255,33.7,43.5,42.6,26.7,46.7,45.8
GENE-12760,NO,2762.3,2780.6,2744,0.987,0,0.28,-0.07,9.5e-01,1.0e+00,0.9999,4256,2967.6,3475.8,1898.3,3197.1,2629.6,2405.2
GENE-12762,NO,9.4,9.9,8.9,0.902,-0.1,0.66,-0.23,8.2e-01,1.0e+00,0.9999,4257,10.9,4.9,13.9,5.9,9.9,11
GENE-12764,NO,90.3,72,108.6,1.508,0.6,0.53,1.11,2.7e-01,1.0e+00,0.9999,4258,99.2,24.7,92.2,96.1,63.5,166.3
GENE-12766,NO,11.4,9.6,13.2,1.383,0.5,0.56,0.83,4.1e-01,1.0e+00,0.9999,4259,11.9,8.9,7.9,11.9,10.9,16.9
GENE-12769,NO,114.2,111.6,116.8,1.047,0.1,0.23,0.28,7.8e-01,1.0e+00,0.9999,4260,111.1,117.6,106.1,121.8,117.1,111.5
GENE-12784,NO,25.8,29.7,21.9,0.735,-0.4,0.47,-0.94,3.5e-01,1.0e+00,0.9999,4261,39.7,28.7,20.8,23.8,12.9,28.9
GENE-12790,NO,253.9,241.3,266.4,1.104,0.1,0.21,0.67,5.1e-01,1.0e+00,0.9999,4262,238,272.8,213.2,279.3,272,247.9
GENE-12796,NO,4578.6,4396,4761.3,1.083,0.1,0.17,0.68,5.0e-01,1.0e+00,0.9999,4263,4130,4268.6,4789.4,4480.8,4815.5,4987.5
GENE-12799,NO,689.8,754.7,624.9,0.828,-0.3,0.29,-0.94,3.5e-01,1.0e+00,0.9999,4264,740.9,990.5,532.6,531.9,726.6,616.2
GENE-12802,NO,40.2,53.6,26.8,0.501,-1,1.71,-0.58,5.6e-01,1.0e+00,0.9999,4265,29.8,1,129.9,17.8,2,60.7
GENE-12815,NO,12.7,12.5,12.9,1.029,0,0.53,0.08,9.4e-01,1.0e+00,0.9999,4266,10.9,14.8,11.9,12.9,9.9,15.9
GENE-12816,NO,757,704.7,809.4,1.149,0.2,0.39,0.51,6.1e-01,1.0e+00,0.9999,4267,953.2,459.7,701.2,881.5,454.6,1092.1
GENE-12818,NO,2000.6,2043.5,1957.6,0.958,-0.1,0.18,-0.35,7.2e-01,1.0e+00,0.9999,4268,2138.4,2063.1,1929,1841.2,2160.1,1871.6
GENE-12821,NO,181.4,168.1,194.6,1.157,0.2,0.27,0.78,4.3e-01,1.0e+00,0.9999,4269,181.5,126.5,196.4,188.2,223.4,172.2
GENE-12822,NO,396.2,445.9,346.5,0.777,-0.4,0.33,-1.12,2.6e-01,1.0e+00,0.9999,4270,607,402.3,328.3,399.1,244.2,396.2
GENE-12824,NO,25,25.4,24.5,0.963,-0.1,0.53,-0.1,9.2e-01,1.0e+00,0.9999,4271,24.8,33.6,17.9,30.7,9.9,32.9
GENE-12826,NO,127.6,124.8,130.4,1.045,0.1,0.31,0.21,8.4e-01,1.0e+00,0.9999,4272,113.1,153.2,108.1,129.7,95.3,166.3
GENE-12829,NO,1166.9,1053,1280.8,1.216,0.3,0.27,1.05,3.0e-01,1.0e+00,0.9999,4273,1428.2,855.1,875.8,1232.1,1413.6,1196.6
GENE-12832,NO,4.5,3.3,5.6,1.705,0.8,0.9,0.85,4.0e-01,1.0e+00,0.9999,4274,2,5.9,2,4,6.9,6
GENE-12833,NO,780.8,830.4,731.3,0.881,-0.2,0.39,-0.47,6.3e-01,1.0e+00,0.9999,4275,1331,720.7,439.4,809.2,680,704.8
GENE-12836,NO,14.5,16.8,12.3,0.727,-0.5,0.51,-0.91,3.7e-01,1.0e+00,0.9999,4276,13.9,17.8,18.8,12.9,14.9,9
GENE-12841,NO,161.2,175.7,146.6,0.834,-0.3,0.41,-0.63,5.3e-01,1.0e+00,0.9999,4277,283.7,158.2,85.3,150.5,150.9,138.4
GENE-12845,NO,4.5,4.3,4.6,1.08,0.1,1.15,0.1,9.2e-01,1.0e+00,0.9999,4278,5,5.9,2,0,10.9,3
GENE-12850,NO,353.1,376.2,330,0.877,-0.2,0.23,-0.81,4.2e-01,1.0e+00,0.9999,4279,339.2,323.3,466.1,331.8,315.7,342.5
GENE-12853,NO,389.4,395.6,383.3,0.969,0,0.18,-0.26,8.0e-01,1.0e+00,0.9999,4280,410.6,390.5,385.8,374.4,387.1,388.3
GENE-12859,NO,4.5,3,6,2.003,1,0.93,1.08,2.8e-01,1.0e+00,0.9999,4281,2,2,5,8.9,6,3
GENE-12866,NO,29.3,29,29.5,1.014,0,0.39,0.05,9.6e-01,1.0e+00,0.9999,4282,21.8,34.6,30.7,25.8,31.8,30.9
GENE-12867,NO,191.4,187.2,195.6,1.045,0.1,0.21,0.29,7.7e-01,1.0e+00,0.9999,4283,179.5,191.8,190.4,177.3,218.4,191.1
GENE-12868,NO,78.2,74,82.4,1.113,0.2,0.32,0.48,6.3e-01,1.0e+00,0.9999,4284,72.4,61.3,88.3,108,73.5,65.7
GENE-12872,NO,5.8,5.3,6.3,1.19,0.3,0.8,0.31,7.5e-01,1.0e+00,0.9999,4285,4,3,8.9,5,7.9,6
GENE-12873,NO,1.2,0.3,2,5.599,2.5,2.11,1.18,2.4e-01,1.0e+00,0.9999,4286,1,0,0,2,0,4
GENE-12878,NO,3.8,4.6,3,0.644,-0.6,1,-0.63,5.3e-01,1.0e+00,0.9999,4287,6.9,2,5,1,4,4
GENE-12879,NO,80.3,89.8,70.9,0.789,-0.3,0.3,-1.16,2.5e-01,1.0e+00,0.9999,4288,96.2,98.9,74.4,55.5,80.4,76.7
GENE-12881,NO,19,20.5,17.5,0.857,-0.2,0.46,-0.49,6.3e-01,1.0e+00,0.9999,4289,14.9,22.7,23.8,15.8,20.8,15.9
GENE-12885,NO,0.8,0.7,1,1.504,0.6,2.35,0.25,8.0e-01,1.0e+00,0.9999,4290,0,1,1,0,3,0
GENE-12896,NO,75.2,68,82.4,1.211,0.3,0.28,1.01,3.1e-01,1.0e+00,0.9999,4291,70.4,74.1,59.5,93.1,75.4,78.6
GENE-12899,NO,80.5,79.9,81.1,1.015,0,0.28,0.08,9.4e-01,1.0e+00,0.9999,4292,94.2,78.1,67.4,76.3,79.4,87.6
GENE-12902,NO,14.7,13.9,15.6,1.121,0.2,0.5,0.33,7.4e-01,1.0e+00,0.9999,4293,11.9,13.8,15.9,13.9,19.9,12.9
GENE-12911,NO,250.6,240.4,260.8,1.085,0.1,0.22,0.53,6.0e-01,1.0e+00,0.9999,4294,254.9,224.4,242,230.8,304.8,246.9
GENE-12913,NO,1.3,1.7,1,0.602,-0.7,1.82,-0.4,6.9e-01,1.0e+00,0.9999,4295,0,4,1,0,2,1
GENE-12915,NO,13.4,15.9,10.9,0.689,-0.5,0.53,-1.01,3.1e-01,1.0e+00,0.9999,4296,16.9,18.8,11.9,11.9,12.9,8
GENE-12918,NO,4.3,4.3,4.3,1.003,0,0.97,0,1.0e+00,1.0e+00,0.9999,4297,6,5.9,1,5,2,6
GENE-12919,NO,25.8,22.8,28.8,1.264,0.3,0.52,0.65,5.1e-01,1.0e+00,0.9999,4298,16.9,21.7,29.8,31.7,12.9,41.8
GENE-12926,NO,15.2,15.2,15.2,1.002,0,0.52,0,1.0e+00,1.0e+00,0.9999,4299,12.9,12.9,19.8,19.8,14.9,11
GENE-12935,NO,3278.4,3071.3,3485.6,1.135,0.2,0.18,0.99,3.2e-01,1.0e+00,0.9999,4300,3006.2,2739.3,3468.3,3279.4,3604.4,3572.9
GENE-12937,NO,545.4,583.6,507.2,0.869,-0.2,0.53,-0.38,7.1e-01,1.0e+00,0.9999,4301,291.6,867,592.1,619,167.8,734.7
GENE-12944,NO,3,3,3,1.002,0,1.03,0,1.0e+00,1.0e+00,0.9999,4302,2,3,4,2,3,4
GENE-12946,NO,11.6,10.9,12.2,1.124,0.2,0.59,0.28,7.8e-01,1.0e+00,0.9999,4303,6,14.8,11.9,15.8,10.9,10
GENE-12947,NO,1536.2,1530.3,1542.2,1.008,0,0.23,0.05,9.6e-01,1.0e+00,0.9999,4304,1475.8,1597.5,1517.5,1278.7,1410.6,1937.3
GENE-12950,NO,9.7,10.9,8.6,0.79,-0.3,0.66,-0.52,6.1e-01,1.0e+00,0.9999,4305,10.9,16.8,5,8.9,9.9,7
GENE-12954,NO,2.8,3.3,2.3,0.702,-0.5,1.15,-0.45,6.6e-01,1.0e+00,0.9999,4306,5,1,4,1,2,4
GENE-12955,NO,2.5,2.3,2.7,1.145,0.2,1.16,0.17,8.7e-01,1.0e+00,0.9999,4307,3,2,2,2,5,1
GENE-12957,NO,784.2,797.7,770.8,0.966,0,0.24,-0.21,8.3e-01,1.0e+00,0.9999,4308,806.4,970.8,615.9,768.6,809,734.7
GENE-12959,NO,345.8,326.6,365,1.118,0.2,0.2,0.81,4.2e-01,1.0e+00,0.9999,4309,289.6,362.8,327.3,360.5,365.3,369.3
GENE-12970,NO,135.1,139.7,130.4,0.934,-0.1,0.29,-0.34,7.4e-01,1.0e+00,0.9999,4310,118,126.5,174.6,132.7,101.3,157.3
GENE-12973,NO,1977,2075,1879.1,0.906,-0.1,0.17,-0.86,3.9e-01,1.0e+00,0.9999,4311,2133.4,1979.1,2112.5,1742.2,1916.9,1978.1
GENE-12977,NO,1201.1,1089,1313.4,1.206,0.3,0.36,0.74,4.6e-01,1.0e+00,0.9999,4312,1439.2,1291.1,536.6,1175.7,1434.4,1330
GENE-12981,NO,13.9,11.6,16.2,1.402,0.5,0.59,0.83,4.1e-01,1.0e+00,0.9999,4313,10.9,8.9,14.9,25.8,8.9,13.9
GENE-12983,NO,516.8,485.1,548.4,1.13,0.2,0.22,0.8,4.2e-01,1.0e+00,0.9999,4314,404.7,494.3,556.4,508.1,611.5,525.6
GENE-12987,NO,785.8,746.8,824.7,1.104,0.1,0.27,0.52,6.0e-01,1.0e+00,0.9999,4315,525.7,924.3,790.5,780.5,954,739.7
GENE-12988,NO,35.9,37,34.8,0.94,-0.1,0.45,-0.2,8.4e-01,1.0e+00,0.9999,4316,24.8,59.3,26.8,40.6,32.8,30.9
GENE-12992,NO,14.1,22.5,5.6,0.25,-2,1.14,-1.75,8.1e-02,1.0e+00,0.9999,4317,22.8,0,44.6,7.9,7.9,1
GENE-12994,NO,86.8,40.9,132.7,3.249,1.7,1.52,1.12,2.6e-01,1.0e+00,0.9999,4318,1,114.7,6.9,88.1,142.9,167.2
GENE-12997,NO,25.5,20.1,30.8,1.529,0.6,0.59,1.04,3.0e-01,1.0e+00,0.9999,4319,30.7,14.8,14.9,10.9,37.7,43.8
GENE-12998,NO,4,3.3,4.7,1.404,0.5,0.91,0.54,5.9e-01,1.0e+00,0.9999,4320,3,4,3,3,4,7
GENE-13004,NO,170.8,159.2,182.3,1.146,0.2,0.26,0.74,4.6e-01,1.0e+00,0.9999,4321,190.4,168.1,119,197.1,175.7,174.2
GENE-13007,NO,230,204.1,255.9,1.254,0.3,0.33,0.99,3.2e-01,1.0e+00,0.9999,4322,250.9,196.7,164.6,172.3,350.4,244.9
GENE-13010,NO,101.5,116.3,86.7,0.745,-0.4,0.43,-0.99,3.2e-01,1.0e+00,0.9999,4323,169.6,50.4,128.9,94.1,80.4,85.6
GENE-13011,NO,36.4,36.6,36.1,0.984,0,0.39,-0.06,9.5e-01,1.0e+00,0.9999,4324,33.7,39.5,36.7,41.6,21.8,44.8
GENE-13012,NO,20.2,21.2,19.2,0.908,-0.1,0.44,-0.31,7.5e-01,1.0e+00,0.9999,4325,16.9,19.8,26.8,21.8,16.9,18.9
GENE-13015,NO,1063.7,1096.3,1031.2,0.941,-0.1,0.21,-0.42,6.7e-01,1.0e+00,0.9999,4326,1101.9,915.4,1271.5,1082.6,1049.3,961.7
GENE-13017,NO,4.3,6,2.7,0.445,-1.2,0.92,-1.28,2.0e-01,1.0e+00,0.9999,4327,8.9,4,5,3,2,3
GENE-13021,NO,4.5,4.7,4.3,0.93,-0.1,0.95,-0.11,9.1e-01,1.0e+00,0.9999,4328,6,2,6,2,7.9,3
GENE-13034,NO,0.7,0.7,0.7,1.002,0,2.22,0,1.0e+00,1.0e+00,0.9999,4329,1,0,1,1,0,1
GENE-13037,NO,14.7,17.2,12.2,0.713,-0.5,0.55,-0.89,3.8e-01,1.0e+00,0.9999,4330,23.8,11.9,15.9,16.8,11.9,8
GENE-13038,NO,385.4,358.5,412.3,1.15,0.2,0.48,0.42,6.8e-01,1.0e+00,0.9999,4331,118,454.7,502.8,377.4,538,321.6
GENE-13042,NO,320.5,307.7,333.2,1.083,0.1,0.2,0.58,5.6e-01,1.0e+00,0.9999,4332,292.6,333.1,297.5,361.5,313.7,324.5
GENE-13045,NO,55.9,55.5,56.3,1.014,0,0.32,0.06,9.5e-01,1.0e+00,0.9999,4333,68.4,41.5,56.5,56.5,52.6,59.7
GENE-13050,NO,4,4.7,3.3,0.715,-0.5,0.92,-0.52,6.0e-01,1.0e+00,0.9999,4334,6,3,5,5,2,3
GENE-13058,NO,43.5,35,52,1.485,0.6,0.35,1.62,1.1e-01,1.0e+00,0.9999,4335,38.7,39.5,26.8,47.5,44.7,63.7
GENE-13059,NO,121.7,112.3,131,1.167,0.2,0.26,0.86,3.9e-01,1.0e+00,0.9999,4336,108.1,123.6,105.1,158.5,111.2,123.4
GENE-13060,NO,20.7,23.4,17.9,0.762,-0.4,0.44,-0.88,3.8e-01,1.0e+00,0.9999,4337,20.8,23.7,25.8,14.9,14.9,23.9
GENE-13062,NO,2.3,2,2.7,1.336,0.4,1.32,0.32,7.5e-01,1.0e+00,0.9999,4338,4,0,2,1,3,4
GENE-13063,NO,214.7,208.1,221.4,1.064,0.1,0.24,0.38,7.0e-01,1.0e+00,0.9999,4339,252.9,192.8,178.5,209,229.3,226
GENE-13065,NO,1176.8,1273.6,1080.1,0.848,-0.2,0.25,-0.95,3.4e-01,1.0e+00,0.9999,4340,1060.3,1112.1,1648.4,1160.8,1116.8,962.7
GENE-13066,NO,302.5,320,285,0.891,-0.2,0.2,-0.85,4.0e-01,1.0e+00,0.9999,4341,315.4,327.2,317.4,253.6,304.8,296.7
GENE-13067,NO,48.6,53.5,43.7,0.816,-0.3,0.34,-0.86,3.9e-01,1.0e+00,0.9999,4342,51.6,60.3,48.6,56.5,33.8,40.8
GENE-13068,NO,55.5,57.1,54,0.944,-0.1,0.3,-0.27,7.9e-01,1.0e+00,0.9999,4343,51.6,66.2,53.6,46.6,57.6,57.7
GENE-13069,NO,1.2,0.7,1.7,2.508,1.3,1.88,0.7,4.8e-01,1.0e+00,0.9999,4344,0,1,1,0,3,2
GENE-13071,NO,2406.6,2371,2442.3,1.03,0,0.17,0.25,8.0e-01,1.0e+00,0.9999,4345,2240.6,2571.3,2301,2532.6,2508.5,2285.7
GENE-13072,NO,53.2,54.5,52,0.954,-0.1,0.31,-0.22,8.2e-01,1.0e+00,0.9999,4346,43.6,60.3,59.5,48.5,52.6,54.8
GENE-13073,NO,3981,3648.3,4313.6,1.182,0.2,0.21,1.16,2.5e-01,1.0e+00,0.9999,4347,3561.7,3539.1,3844.2,4424.3,3514.1,5002.5
GENE-13075,NO,30.8,27.1,34.4,1.272,0.3,0.53,0.65,5.2e-01,1.0e+00,0.9999,4348,17.9,22.7,40.7,24.8,20.8,57.7
GENE-13080,NO,24.6,27.4,21.9,0.797,-0.3,0.42,-0.78,4.4e-01,1.0e+00,0.9999,4349,20.8,26.7,34.7,23.8,17.9,23.9
GENE-13081,NO,6.9,7.6,6.3,0.828,-0.3,0.69,-0.4,6.9e-01,1.0e+00,0.9999,4350,8.9,6.9,6.9,7.9,6,5
GENE-13082,NO,51.3,44.6,57.9,1.299,0.4,0.43,0.87,3.9e-01,1.0e+00,0.9999,4351,70.4,31.6,31.7,40.6,61.5,71.7
GENE-13084,NO,1114.3,963.3,1265.3,1.314,0.4,1.28,0.31,7.6e-01,1.0e+00,0.9999,4352,923.4,1938.6,27.8,1012.2,1021.5,1762.1
GENE-13085,NO,363.5,367.5,359.5,0.978,0,0.22,-0.14,8.9e-01,1.0e+00,0.9999,4353,387.8,367.7,347.1,289.2,404,385.3
GENE-13097,NO,147.3,139.3,155.2,1.114,0.2,0.29,0.54,5.9e-01,1.0e+00,0.9999,4354,105.1,187.8,125,157.5,153.9,154.3
GENE-13102,NO,12.6,15.5,9.6,0.619,-0.7,0.99,-0.7,4.8e-01,1.0e+00,0.9999,4355,24.8,17.8,4,4,1,23.9
GENE-13106,NO,106.6,99.4,113.8,1.145,0.2,0.25,0.8,4.3e-01,1.0e+00,0.9999,4356,107.1,95.9,95.2,100,117.1,124.4
GENE-13111,NO,1450.2,1457.1,1443.3,0.991,0,0.17,-0.08,9.3e-01,1.0e+00,0.9999,4357,1454,1398.8,1518.4,1524.3,1354,1451.5
GENE-13114,NO,20.3,18.5,22.2,1.199,0.3,0.44,0.6,5.5e-01,1.0e+00,0.9999,4358,16.9,23.7,14.9,21.8,22.8,21.9
GENE-13115,NO,25.6,24.5,26.8,1.097,0.1,0.41,0.33,7.4e-01,1.0e+00,0.9999,4359,27.8,27.7,17.9,26.7,29.8,23.9
GENE-13117,NO,17.8,21.8,13.9,0.637,-0.7,0.88,-0.74,4.6e-01,1.0e+00,0.9999,4360,12.9,37.6,14.9,34.7,4,3
GENE-13118,NO,5,5.3,4.7,0.877,-0.2,0.9,-0.21,8.3e-01,1.0e+00,0.9999,4361,7.9,2,6,5,2,7
GENE-13121,NO,4.1,4.6,3.7,0.788,-0.3,0.89,-0.39,7.0e-01,1.0e+00,0.9999,4362,4,5.9,4,2,4,5
GENE-13123,NO,23,23.4,22.5,0.96,-0.1,0.43,-0.14,8.9e-01,1.0e+00,0.9999,4363,21.8,29.7,18.8,18.8,26.8,21.9
GENE-13126,NO,70.9,80.6,61.2,0.76,-0.4,0.28,-1.44,1.5e-01,1.0e+00,0.9999,4364,69.4,84,88.3,57.4,62.5,63.7
GENE-13128,NO,12.6,13.6,11.6,0.855,-0.2,0.58,-0.39,7.0e-01,1.0e+00,0.9999,4365,17.9,7.9,14.9,9.9,15.9,9
GENE-13129,NO,2.5,2.3,2.7,1.145,0.2,1.19,0.16,8.7e-01,1.0e+00,0.9999,4366,3,3,1,5,2,1
GENE-13131,NO,1090.7,1139.4,1041.9,0.914,-0.1,0.17,-0.75,4.5e-01,1.0e+00,0.9999,4367,1122.8,1068.6,1226.9,1056.8,989.7,1079.1
GENE-13134,NO,1000.8,950.1,1051.6,1.107,0.1,0.18,0.82,4.1e-01,1.0e+00,0.9999,4368,905.5,934.2,1010.6,968.7,1131.7,1054.3
GENE-13137,NO,0.8,1,0.7,0.669,-0.6,2.3,-0.25,8.0e-01,1.0e+00,0.9999,4369,1,0,2,0,0,2
GENE-13142,NO,379.1,303.8,454.5,1.496,0.6,0.49,1.18,2.4e-01,1.0e+00,0.9999,4370,420.5,311.4,179.5,354.6,209.5,799.4
GENE-13145,NO,4.3,3.7,5,1.366,0.5,0.94,0.48,6.3e-01,1.0e+00,0.9999,4371,5,1,5,5,3,7
GENE-13150,NO,8.6,8.9,8.3,0.928,-0.1,0.67,-0.16,8.7e-01,1.0e+00,0.9999,4372,9.9,6.9,9.9,11.9,4,9
GENE-13152,NO,3.5,4.6,2.3,0.501,-1,1.05,-0.95,3.4e-01,1.0e+00,0.9999,4373,7.9,3,3,4,1,2
GENE-13153,NO,12.1,11.6,12.6,1.087,0.1,0.58,0.21,8.3e-01,1.0e+00,0.9999,4374,12.9,6.9,14.9,15.8,12.9,9
GENE-13161,NO,1216.9,1175.9,1257.9,1.07,0.1,0.21,0.47,6.4e-01,1.0e+00,0.9999,4375,1181.3,1312.8,1033.5,1206.4,1442.4,1124.9
GENE-13165,NO,983.5,921.8,1045.2,1.134,0.2,0.28,0.65,5.2e-01,1.0e+00,0.9999,4376,870.8,1164.5,730,886.4,914.3,1335
GENE-13166,NO,630,618.3,641.7,1.038,0.1,0.25,0.22,8.3e-01,1.0e+00,0.9999,4377,792.5,515,547.5,607.1,716.7,601.3
GENE-13174,NO,4.8,5.6,4,0.707,-0.5,0.89,-0.56,5.7e-01,1.0e+00,0.9999,4378,8.9,2,6,5,4,3
GENE-13180,NO,3.3,4,2.7,0.668,-0.6,1.04,-0.56,5.8e-01,1.0e+00,0.9999,4379,6,4,2,3,4,1
GENE-13181,NO,115.8,123.2,108.5,0.881,-0.2,0.41,-0.45,6.6e-01,1.0e+00,0.9999,4380,138.9,136.4,94.2,97.1,169.7,58.7
GENE-13182,NO,25.6,28.4,22.8,0.804,-0.3,0.42,-0.74,4.6e-01,1.0e+00,0.9999,4381,18.8,32.6,33.7,24.8,23.8,19.9
GENE-13184,NO,579.6,549.4,609.8,1.11,0.2,0.34,0.45,6.6e-01,1.0e+00,0.9999,4382,316.4,646.5,685.3,727,605.5,496.8
GENE-13188,NO,123.2,125.8,120.5,0.957,-0.1,0.25,-0.25,8.0e-01,1.0e+00,0.9999,4383,131.9,110.7,134.9,130.7,101.3,129.4
GENE-13190,NO,46.4,43.3,49.6,1.147,0.2,0.33,0.6,5.5e-01,1.0e+00,0.9999,4384,45.6,46.5,37.7,60.4,41.7,46.8
GENE-13198,NO,131.2,115.2,147.3,1.278,0.4,0.35,1.03,3.0e-01,1.0e+00,0.9999,4385,106.1,167.1,72.4,139.7,164.8,137.4
GENE-13199,NO,11.2,11.3,11.3,1.001,0,0.76,0,1.0e+00,1.0e+00,0.9999,4386,14.9,3,15.9,6.9,19.9,7
GENE-13201,NO,59.5,62.1,56.9,0.917,-0.1,0.28,-0.45,6.6e-01,1.0e+00,0.9999,4387,57.5,65.2,63.5,56.5,58.6,55.7
GENE-13205,NO,5.6,4.6,6.6,1.432,0.5,0.85,0.61,5.4e-01,1.0e+00,0.9999,4388,1,5.9,6.9,6.9,7.9,5
GENE-13210,NO,1,1,1,1.003,0,1.93,0,1.0e+00,1.0e+00,0.9999,4389,1,2,0,0,2,1
GENE-13215,NO,0.8,0.7,1,1.502,0.6,1.91,0.31,7.6e-01,1.0e+00,0.9999,4390,1,0,1,1,1,1
GENE-13216,NO,42.2,46.6,37.8,0.81,-0.3,0.36,-0.85,4.0e-01,1.0e+00,0.9999,4391,53.6,42.5,43.6,33.7,29.8,49.8
GENE-13219,NO,426.1,445.5,406.8,0.913,-0.1,0.57,-0.23,8.2e-01,1.0e+00,0.9999,4392,488,173,675.4,302.1,180.7,737.7
GENE-13220,NO,12.9,11.5,14.2,1.231,0.3,0.54,0.56,5.8e-01,1.0e+00,0.9999,4393,9.9,13.8,10.9,16.8,9.9,15.9
GENE-13223,NO,3924.8,4225.6,3623.9,0.858,-0.2,0.32,-0.68,4.9e-01,1.0e+00,0.9999,4394,3082.6,6238.8,3355.3,4287.6,3550.8,3033.3
GENE-13225,NO,47.6,44.6,50.6,1.136,0.2,0.32,0.58,5.6e-01,1.0e+00,0.9999,4395,53.6,40.5,39.7,48.5,52.6,50.8
GENE-13226,NO,1.8,2,1.7,0.835,-0.3,1.28,-0.2,8.4e-01,1.0e+00,0.9999,4396,2,2,2,1,2,2
GENE-13232,YES,1.3,1,1.7,1.671,0.7,1.59,0.46,6.4e-01,1.0e+00,0.9999,4397,0,2,1,2,2,1
GENE-13235,NO,12.1,14.5,9.6,0.66,-0.6,0.6,-0.99,3.2e-01,1.0e+00,0.9999,4398,18.8,6.9,17.9,10.9,7.9,10
GENE-13236,NO,2223.7,2053.4,2394,1.166,0.2,0.21,1.03,3.0e-01,1.0e+00,0.9999,4399,2518.3,1802.2,1839.8,2373.1,2311,2497.8
GENE-13237,NO,15.5,18.2,12.9,0.711,-0.5,0.48,-1.02,3.1e-01,1.0e+00,0.9999,4400,20.8,17.8,15.9,14.9,12.9,11
GENE-13239,NO,15.4,15.9,14.9,0.94,-0.1,0.52,-0.17,8.6e-01,1.0e+00,0.9999,4401,17.9,15.8,13.9,10.9,21.8,11.9
GENE-13240,NO,111.2,117.8,104.6,0.887,-0.2,0.29,-0.59,5.6e-01,1.0e+00,0.9999,4402,93.2,153.2,107.1,97.1,118.1,98.6
GENE-13241,NO,32.6,31.7,33.4,1.053,0.1,0.49,0.15,8.8e-01,1.0e+00,0.9999,4403,37.7,24.7,32.7,43.6,42.7,13.9
GENE-13242,NO,90.1,93.1,87.1,0.935,-0.1,0.24,-0.4,6.9e-01,1.0e+00,0.9999,4404,95.2,92.9,91.2,86.2,84.4,90.6
GENE-13246,NO,144,137.1,151,1.101,0.1,0.32,0.43,6.6e-01,1.0e+00,0.9999,4405,142.8,118.6,149.8,147.6,100.3,205.1
GENE-13247,NO,8.3,10.6,6,0.564,-0.8,0.7,-1.19,2.3e-01,1.0e+00,0.9999,4406,15.9,6.9,8.9,5.9,4,8
GENE-13256,NO,66.8,57.8,75.7,1.312,0.4,0.38,1.03,3.0e-01,1.0e+00,0.9999,4407,39.7,83,50.6,83.2,88.3,55.7
GENE-13261,NO,37.9,34.6,41.1,1.184,0.2,0.39,0.63,5.3e-01,1.0e+00,0.9999,4408,30.7,40.5,32.7,43.6,26.8,52.8
GENE-13262,NO,1.3,1.7,1,0.6,-0.7,1.76,-0.42,6.8e-01,1.0e+00,0.9999,4409,2,0,3,2,1,0
GENE-13264,NO,161.7,171.3,152,0.887,-0.2,0.32,-0.55,5.8e-01,1.0e+00,0.9999,4410,139.8,219.5,154.7,138.7,117.1,200.1
GENE-13266,NO,163.3,160.8,165.8,1.031,0,0.22,0.2,8.4e-01,1.0e+00,0.9999,4411,143.8,173,165.6,155.5,162.8,179.2
GENE-13269,NO,9.4,10.2,8.6,0.841,-0.3,0.62,-0.41,6.8e-01,1.0e+00,0.9999,4412,9.9,11.9,8.9,5.9,11.9,8
GENE-13284,NO,403.9,397.6,410.2,1.032,0,0.31,0.14,8.9e-01,1.0e+00,0.9999,4413,493.9,451.8,247,373.4,369.3,487.8
GENE-13285,NO,820.9,821.1,820.7,1,0,0.18,0,1.0e+00,1.0e+00,0.9999,4414,876.8,732.5,853.9,876.5,797.1,788.5
GENE-13286,NO,369.7,368.3,371.1,1.008,0,0.27,0.04,9.7e-01,1.0e+00,0.9999,4415,342.2,309.4,453.3,329.8,320.6,462.9
GENE-13292,NO,8.9,9.6,8.3,0.864,-0.2,0.64,-0.33,7.4e-01,1.0e+00,0.9999,4416,9.9,7.9,10.9,7.9,5,11.9
GENE-13295,NO,1.6,2.3,1,0.43,-1.2,1.77,-0.69,4.9e-01,1.0e+00,0.9999,4417,1,5.9,0,2,1,0
GENE-13296,NO,167,165.1,168.8,1.022,0,0.22,0.14,8.9e-01,1.0e+00,0.9999,4418,168.6,159.2,167.6,155.5,157.8,193.1
GENE-13297,NO,18.4,16.5,20.2,1.223,0.3,0.52,0.56,5.7e-01,1.0e+00,0.9999,4419,9.9,13.8,25.8,16.8,19.9,23.9
GENE-13298,NO,479.7,474.2,485.2,1.023,0,0.42,0.08,9.4e-01,1.0e+00,0.9999,4420,226.1,779,417.5,419,567.8,468.9
GENE-13300,NO,52.2,44.9,59.6,1.326,0.4,0.3,1.34,1.8e-01,1.0e+00,0.9999,4421,48.6,48.4,37.7,62.4,55.6,60.7
GENE-13301,NO,1529.7,1623.4,1435.9,0.884,-0.2,0.34,-0.52,6.1e-01,1.0e+00,0.9999,4422,1014.6,1633.1,2222.6,1523.3,1752.1,1032.4
GENE-13315,YES,0.7,1,0.3,0.359,-1.5,2.44,-0.61,5.5e-01,1.0e+00,0.9999,4423,0,1,2,0,0,1
GENE-13321,NO,66.3,62.7,69.8,1.113,0.2,0.32,0.48,6.3e-01,1.0e+00,0.9999,4424,81.3,59.3,47.6,70.3,77.4,61.7
GENE-13322,NO,35.5,39.6,31.5,0.793,-0.3,0.35,-0.94,3.5e-01,1.0e+00,0.9999,4425,37.7,35.6,45.6,25.8,33.8,34.8
GENE-13325,NO,34.2,28.4,40,1.41,0.5,0.49,1.01,3.1e-01,1.0e+00,0.9999,4426,39.7,19.8,25.8,21.8,61.5,36.8
GENE-13326,NO,287.1,309.7,264.5,0.854,-0.2,0.23,-0.98,3.3e-01,1.0e+00,0.9999,4427,310.4,362.8,255.9,240.7,265,287.7
GENE-13336,NO,58.2,59.8,56.6,0.947,-0.1,0.34,-0.23,8.2e-01,1.0e+00,0.9999,4428,57.5,45.5,76.4,45.6,67.5,56.7
GENE-13341,YES,2,2,2,1.003,0,1.56,0,1.0e+00,1.0e+00,0.9999,4429,4,2,0,2,0,4
GENE-13347,NO,425,513.2,336.9,0.656,-0.6,0.38,-1.59,1.1e-01,1.0e+00,0.9999,4430,560.4,557.6,421.5,241.7,218.4,550.5
GENE-13348,NO,39,34,44,1.295,0.4,0.41,0.92,3.6e-01,1.0e+00,0.9999,4431,30.7,46.5,24.8,37.6,35.7,58.7
GENE-13351,NO,190.1,174,206.1,1.184,0.2,0.24,1.02,3.1e-01,1.0e+00,0.9999,4432,188.4,169,164.6,213.9,236.3,168.2
GENE-13352,NO,293.3,301.5,285,0.945,-0.1,0.26,-0.32,7.5e-01,1.0e+00,0.9999,4433,264.8,265.9,373.9,237.7,294.8,322.5
GENE-13361,NO,24.6,27.1,22.2,0.819,-0.3,0.43,-0.68,5.0e-01,1.0e+00,0.9999,4434,29.8,20.8,30.7,24.8,25.8,15.9
GENE-13365,NO,19.5,19.2,19.8,1.037,0.1,0.46,0.11,9.1e-01,1.0e+00,0.9999,4435,17.9,24.7,14.9,17.8,23.8,17.9
GENE-13366,NO,21.7,21.2,22.2,1.049,0.1,0.44,0.16,8.7e-01,1.0e+00,0.9999,4436,17.9,18.8,26.8,21.8,17.9,26.9
GENE-13379,NO,8.1,8.9,7.3,0.816,-0.3,0.66,-0.44,6.6e-01,1.0e+00,0.9999,4437,6.9,6.9,12.9,6.9,7.9,7
GENE-13385,NO,1374.8,1374.4,1375.1,1,0,0.2,0,1.0e+00,1.0e+00,0.9999,4438,1164.4,1396.8,1562.1,1353.9,1449.3,1322
GENE-13390,NO,414.1,379.7,448.5,1.181,0.2,0.22,1.1,2.7e-01,1.0e+00,0.9999,4439,419.5,385.5,334.2,387.3,510.2,448
GENE-13394,NO,62.6,57.1,68.2,1.193,0.3,0.29,0.87,3.9e-01,1.0e+00,0.9999,4440,65.5,57.3,48.6,75.3,68.5,60.7
GENE-13395,NO,108.6,107.6,109.6,1.018,0,0.28,0.09,9.3e-01,1.0e+00,0.9999,4441,127.9,113.7,81.3,107,123.1,98.6
GENE-13407,NO,24.6,19.5,29.8,1.529,0.6,0.44,1.38,1.7e-01,1.0e+00,0.9999,4442,23.8,23.7,10.9,27.7,28.8,32.9
GENE-13409,NO,11.1,9.2,12.9,1.397,0.5,0.61,0.79,4.3e-01,1.0e+00,0.9999,4443,6.9,13.8,6.9,8.9,12.9,16.9
GENE-13412,NO,798.9,796.9,800.9,1.005,0,0.17,0.04,9.7e-01,1.0e+00,0.9999,4444,850,748.3,792.4,829,799.1,774.5
GENE-13413,NO,384.1,378.1,390.1,1.032,0,0.28,0.16,8.7e-01,1.0e+00,0.9999,4445,383.8,408.3,342.2,370.4,514.2,285.7
GENE-13422,NO,5.6,6.6,4.6,0.701,-0.5,0.91,-0.56,5.7e-01,1.0e+00,0.9999,4446,12.9,4.9,2,3,6.9,4
GENE-13425,NO,1309,1274.1,1343.8,1.055,0.1,0.34,0.23,8.2e-01,1.0e+00,0.9999,4447,1239.8,1524.4,1058.2,2025.5,1042.3,963.7
GENE-13427,NO,0.8,1.7,0,0.111,-3.2,2.17,-1.47,1.4e-01,1.0e+00,0.9999,4448,2,1,2,0,0,0
GENE-13430,NO,21.5,21.1,21.9,1.034,0,0.48,0.1,9.2e-01,1.0e+00,0.9999,4449,27.8,16.8,18.8,12.9,28.8,23.9
GENE-13436,NO,7.8,5,10.6,2.139,1.1,0.83,1.32,1.9e-01,1.0e+00,0.9999,4450,1,8.9,5,13.9,5,12.9
GENE-13438,NO,24.8,20.5,29.1,1.423,0.5,0.43,1.18,2.4e-01,1.0e+00,0.9999,4451,23.8,21.7,15.9,23.8,24.8,38.8
GENE-13440,NO,3.8,1.7,6,3.611,1.9,1.12,1.65,9.8e-02,1.0e+00,0.9999,4452,1,4,0,4,7.9,6
GENE-13441,NO,18.4,13.5,23.2,1.711,0.8,0.46,1.68,9.3e-02,1.0e+00,0.9999,4453,13.9,16.8,9.9,22.8,21.8,24.9
GENE-13442,NO,54,51.8,56.2,1.085,0.1,0.31,0.38,7.1e-01,1.0e+00,0.9999,4454,49.6,61.3,44.6,57.4,63.5,47.8
GENE-13450,NO,346.7,337.6,355.8,1.054,0.1,0.24,0.31,7.5e-01,1.0e+00,0.9999,4455,377.9,279.8,355.1,399.1,289.9,378.3
GENE-13451,NO,2.8,3.3,2.3,0.702,-0.5,1.27,-0.4,6.9e-01,1.0e+00,0.9999,4456,1,4.9,4,2,0,5
GENE-13458,NO,1,1.3,0.7,0.502,-1,1.95,-0.51,6.1e-01,1.0e+00,0.9999,4457,1,2,1,0,0,2
GENE-13459,NO,1188.1,1145.5,1230.8,1.074,0.1,0.25,0.42,6.7e-01,1.0e+00,0.9999,4458,1249.7,1276.2,910.5,1463.9,1206.1,1022.4
GENE-13462,NO,119.7,122.2,117.2,0.959,-0.1,0.27,-0.22,8.2e-01,1.0e+00,0.9999,4459,126,137.4,103.1,122.8,94.3,134.4
GENE-13463,NO,5626.9,5825.9,5427.9,0.932,-0.1,0.2,-0.52,6.0e-01,1.0e+00,0.9999,4460,5002.8,6340.7,6134.3,4960.1,5341.6,5982.1
GENE-13465,NO,1269.9,1200.2,1339.5,1.116,0.2,0.19,0.84,4.0e-01,1.0e+00,0.9999,4461,1294.3,1068.6,1237.8,1237.1,1456.3,1325
GENE-13468,NO,83.3,93.2,73.4,0.789,-0.3,0.34,-1,3.2e-01,1.0e+00,0.9999,4462,87.3,90,102.2,90.1,86.4,43.8
GENE-13476,NO,588.5,517.1,660.1,1.277,0.4,0.32,1.1,2.7e-01,1.0e+00,0.9999,4463,474.1,605,472.1,925.1,425.9,629.2
GENE-13481,NO,59.3,65,53.6,0.824,-0.3,0.32,-0.87,3.8e-01,1.0e+00,0.9999,4464,81.3,57.3,56.5,61.4,54.6,44.8
GENE-13483,NO,1.3,1,1.7,1.669,0.7,1.76,0.42,6.7e-01,1.0e+00,0.9999,4465,3,0,0,2,2,1
GENE-13488,NO,33.9,31.1,36.7,1.183,0.2,0.46,0.53,5.9e-01,1.0e+00,0.9999,4466,17.9,24.7,50.6,36.6,38.7,34.8
GENE-13489,NO,139.5,147.9,131,0.886,-0.2,0.26,-0.67,5.0e-01,1.0e+00,0.9999,4467,166.6,163.1,114.1,141.6,122.1,129.4
GENE-13490,NO,26.1,26.4,25.8,0.977,0,0.4,-0.08,9.3e-01,1.0e+00,0.9999,4468,26.8,24.7,27.8,19.8,24.8,32.9
GENE-13496,NO,36.9,39.7,34.1,0.86,-0.2,0.43,-0.51,6.1e-01,1.0e+00,0.9999,4469,29.8,37.6,51.6,38.6,19.9,43.8
GENE-13498,NO,3.5,3.3,3.7,1.102,0.1,1.16,0.12,9.0e-01,1.0e+00,0.9999,4470,0,3,6.9,4,5,2
GENE-13499,NO,39.3,35.6,43,1.207,0.3,0.47,0.58,5.6e-01,1.0e+00,0.9999,4471,27.8,58.3,20.8,36.6,35.7,56.7
GENE-13500,NO,259,242.1,276,1.14,0.2,0.25,0.76,4.4e-01,1.0e+00,0.9999,4472,285.6,236.3,204.3,279.3,316.7,232
GENE-13501,NO,91.4,77,105.9,1.376,0.5,0.36,1.28,2.0e-01,1.0e+00,0.9999,4473,69.4,54.4,107.1,129.7,77.4,110.5
GENE-13502,NO,8.8,6.3,11.3,1.793,0.8,0.69,1.23,2.2e-01,1.0e+00,0.9999,4474,5,7.9,6,10.9,16.9,6
GENE-13503,NO,9.3,9.6,8.9,0.932,-0.1,0.83,-0.12,9.0e-01,1.0e+00,0.9999,4475,8.9,7.9,11.9,7.9,17.9,1
GENE-13508,NO,31.2,23.5,39,1.664,0.7,0.46,1.58,1.1e-01,1.0e+00,0.9999,4476,27.8,17.8,24.8,58.4,35.7,22.9
GENE-13511,NO,560.2,590.1,530.2,0.898,-0.2,0.19,-0.8,4.2e-01,1.0e+00,0.9999,4477,529.6,585.2,655.6,513,510.2,567.4
GENE-13513,NO,158.2,161.2,155.2,0.963,-0.1,0.29,-0.19,8.5e-01,1.0e+00,0.9999,4478,151.8,125.5,206.3,183.2,149.9,132.4
GENE-13515,NO,3.5,3.3,3.7,1.103,0.1,1,0.14,8.9e-01,1.0e+00,0.9999,4479,4,4.9,1,3,3,5
GENE-13516,NO,0.7,0.3,1,2.796,1.5,2.44,0.61,5.4e-01,1.0e+00,0.9999,4480,0,1,0,2,0,1
GENE-13518,NO,2.5,2.7,2.3,0.877,-0.2,1.1,-0.17,8.6e-01,1.0e+00,0.9999,4481,3,2,3,2,3,2
GENE-13523,NO,132,127.1,137,1.078,0.1,0.32,0.34,7.4e-01,1.0e+00,0.9999,4482,88.3,177.9,115,150.5,133,127.4
GENE-13526,NO,110.6,118.6,102.6,0.865,-0.2,0.27,-0.78,4.4e-01,1.0e+00,0.9999,4483,109.1,104.8,141.8,90.1,118.1,99.6
GENE-13529,NO,11.4,9.6,13.2,1.382,0.5,0.55,0.85,4.0e-01,1.0e+00,0.9999,4484,8.9,11.9,7.9,12.9,13.9,12.9
GENE-13531,NO,26.6,29.7,23.5,0.791,-0.3,0.42,-0.8,4.2e-01,1.0e+00,0.9999,4485,29.8,21.7,37.7,18.8,21.8,29.9
GENE-13534,NO,110.9,115.6,106.2,0.919,-0.1,0.32,-0.37,7.1e-01,1.0e+00,0.9999,4486,101.2,134.4,111.1,92.1,147.9,78.6
GENE-13535,NO,6.9,6.6,7.3,1.102,0.1,0.78,0.18,8.6e-01,1.0e+00,0.9999,4487,9.9,6.9,3,5,11.9,5
GENE-13540,NO,78,72.3,83.7,1.158,0.2,0.27,0.78,4.3e-01,1.0e+00,0.9999,4488,79.3,60.3,77.4,83.2,84.4,83.6
GENE-13553,NO,3342.5,3140.5,3544.4,1.129,0.2,0.19,0.94,3.5e-01,1.0e+00,0.9999,4489,2855.5,3557.9,3008.1,3484.4,3801,3347.9
GENE-13558,NO,1.5,2,1,0.501,-1,1.43,-0.69,4.9e-01,1.0e+00,0.9999,4490,2,2,2,1,1,1
GENE-13560,NO,1209.7,1338.2,1081.3,0.808,-0.3,0.43,-0.72,4.7e-01,1.0e+00,0.9999,4491,1705,1342.5,967,1589.7,1188.2,465.9
GENE-13562,NO,285.8,339.3,232.3,0.685,-0.5,0.44,-1.25,2.1e-01,1.0e+00,0.9999,4492,152.7,491.3,373.9,267.4,151.9,277.7
GENE-13566,NO,1.8,1.3,2.3,1.754,0.8,1.62,0.5,6.2e-01,1.0e+00,0.9999,4493,3,1,0,3,0,4
GENE-13567,NO,163.3,155.9,170.8,1.096,0.1,0.23,0.57,5.7e-01,1.0e+00,0.9999,4494,176.5,136.4,154.7,173.3,157.8,181.2
GENE-13572,NO,4.5,4,5,1.252,0.3,0.91,0.36,7.2e-01,1.0e+00,0.9999,4495,4,3,5,8.9,3,3
GENE-13573,NO,629.4,701.1,557.7,0.796,-0.3,0.38,-0.86,3.9e-01,1.0e+00,0.9999,4496,754.8,461.7,886.7,693.3,303.8,676
GENE-13576,NO,1122.9,1146.4,1099.3,0.959,-0.1,0.21,-0.29,7.7e-01,1.0e+00,0.9999,4497,1161.4,1037,1240.7,1026.1,970.8,1301.1
GENE-13585,NO,1291.8,1278.1,1305.5,1.021,0,0.37,0.08,9.3e-01,1.0e+00,0.9999,4498,1125.7,1828.8,879.7,1796.7,1272.6,847.2
GENE-13586,NO,87.6,80.9,94.3,1.166,0.2,0.35,0.63,5.3e-01,1.0e+00,0.9999,4499,62.5,111.7,68.4,122.8,75.4,84.6
GENE-13588,NO,684.8,669.4,700.2,1.046,0.1,0.23,0.28,7.8e-01,1.0e+00,0.9999,4500,747.8,684.1,576.2,717.1,808,575.4
GENE-13593,NO,343,336,350.1,1.042,0.1,0.28,0.21,8.3e-01,1.0e+00,0.9999,4501,343.2,242.2,422.5,417,311.7,321.6
GENE-13598,NO,7.6,8.3,6.9,0.842,-0.2,0.67,-0.37,7.1e-01,1.0e+00,0.9999,4502,6,8.9,9.9,6.9,8.9,5
GENE-13602,NO,3.3,3,3.7,1.225,0.3,0.98,0.3,7.7e-01,1.0e+00,0.9999,4503,4,2,3,3,3,5
GENE-13603,NO,1.3,2,0.7,0.334,-1.6,1.78,-0.89,3.7e-01,1.0e+00,0.9999,4504,2,1,3,2,0,0
GENE-13604,NO,76.2,83.2,69.1,0.831,-0.3,0.3,-0.9,3.7e-01,1.0e+00,0.9999,4505,90.3,76.1,83.3,58.4,88.3,60.7
GENE-13605,NO,20.3,18.8,21.8,1.16,0.2,0.5,0.43,6.7e-01,1.0e+00,0.9999,4506,25.8,11.9,18.8,29.7,14.9,20.9
GENE-13609,NO,1576.9,1531.1,1622.8,1.06,0.1,0.28,0.3,7.6e-01,1.0e+00,0.9999,4507,1470.9,1730,1392.5,2065.1,1103.9,1699.4
GENE-13613,NO,519.2,489.1,549.4,1.123,0.2,0.21,0.82,4.1e-01,1.0e+00,0.9999,4508,569.3,436.9,461.2,570.5,562.9,514.7
GENE-13617,NO,284,285.3,282.8,0.991,0,0.28,-0.05,9.6e-01,1.0e+00,0.9999,4509,262.8,324.2,268.8,234.7,232.3,381.3
GENE-13618,NO,16.7,18.5,14.9,0.805,-0.3,0.51,-0.61,5.4e-01,1.0e+00,0.9999,4510,18.8,13.8,22.8,20.8,9.9,13.9
GENE-13620,NO,0.8,0.3,1.3,3.734,1.9,2.32,0.82,4.1e-01,1.0e+00,0.9999,4511,0,1,0,1,0,3
GENE-13627,NO,3.1,3.3,3,0.902,-0.1,1.24,-0.12,9.0e-01,1.0e+00,0.9999,4512,0,3,6.9,4,1,4
GENE-13629,NO,291.5,291.7,291.4,0.999,0,0.32,0,1.0e+00,1.0e+00,0.9999,4513,294.6,208.6,371.9,216.9,282.9,374.3
GENE-13633,NO,18.5,20.5,16.5,0.808,-0.3,0.46,-0.67,5.0e-01,1.0e+00,0.9999,4514,21.8,22.7,16.9,14.9,20.8,13.9
GENE-13634,NO,670.9,793.8,548,0.69,-0.5,0.49,-1.09,2.8e-01,1.0e+00,0.9999,4515,279.7,1237.7,863.9,419.9,433.8,790.4
GENE-13636,NO,0.7,0.3,1,2.796,1.5,2.44,0.61,5.4e-01,1.0e+00,0.9999,4516,0,1,0,2,0,1
GENE-13639,NO,28.3,28.7,27.8,0.967,0,0.41,-0.12,9.1e-01,1.0e+00,0.9999,4517,24.8,24.7,36.7,35.7,24.8,22.9
GENE-13643,NO,902.3,758.5,1046,1.379,0.5,0.42,1.11,2.7e-01,1.0e+00,0.9999,4518,1275.5,471.5,528.6,929,1398.7,810.4
GENE-13648,NO,541.5,492.7,590.3,1.198,0.3,0.51,0.51,6.1e-01,1.0e+00,0.9999,4519,713.1,173,592.1,491.3,912.3,367.3
GENE-13655,NO,1191.4,1237.6,1145.3,0.925,-0.1,0.5,-0.22,8.2e-01,1.0e+00,0.9999,4520,1354.8,1687.5,670.5,407.1,1605.2,1423.6
GENE-13656,NO,1.7,1.7,1.7,1.003,0,1.51,0,1.0e+00,1.0e+00,0.9999,4521,0,4,1,2,2,1
GENE-13660,NO,326.1,342.1,310.1,0.906,-0.1,0.19,-0.73,4.6e-01,1.0e+00,0.9999,4522,323.3,356.9,346.1,314,331.6,284.7
GENE-13670,NO,1.3,1.3,1.3,1.003,0,1.49,0,1.0e+00,1.0e+00,0.9999,4523,1,2,1,1,1,2
GENE-13671,NO,6.6,6.9,6.3,0.907,-0.1,0.87,-0.16,8.7e-01,1.0e+00,0.9999,4524,6.9,6.9,6.9,5,1,12.9
GENE-13672,NO,20.7,16.5,24.8,1.503,0.6,0.44,1.33,1.8e-01,1.0e+00,0.9999,4525,15.9,15.8,17.9,18.8,30.8,24.9
GENE-13675,NO,2.6,3.3,2,0.601,-0.7,1.09,-0.67,5.0e-01,1.0e+00,0.9999,4526,4,2,4,2,2,2
GENE-13678,NO,4.1,4.3,4,0.925,-0.1,0.95,-0.12,9.1e-01,1.0e+00,0.9999,4527,3,7.9,2,5.9,3,3
GENE-13681,NO,23.6,25.4,21.8,0.859,-0.2,0.5,-0.44,6.6e-01,1.0e+00,0.9999,4528,20.8,23.7,31.7,17.8,34.7,12.9
GENE-13685,NO,4.3,4.3,4.3,1.002,0,0.93,0,1.0e+00,1.0e+00,0.9999,4529,4,2,6.9,2,6,5
GENE-13686,NO,62,65.7,58.3,0.887,-0.2,0.32,-0.54,5.9e-01,1.0e+00,0.9999,4530,53.6,67.2,76.4,56.5,46.7,71.7
GENE-13691,NO,597.9,587.6,608.3,1.035,0,0.27,0.19,8.5e-01,1.0e+00,0.9999,4531,771.6,488.4,502.8,569.5,703.8,551.5
GENE-13697,NO,117.2,119.9,114.5,0.955,-0.1,0.25,-0.27,7.9e-01,1.0e+00,0.9999,4532,100.2,127.5,131.9,113.9,120.1,109.5
GENE-13698,NO,2.8,3,2.7,0.891,-0.2,1.06,-0.16,8.8e-01,1.0e+00,0.9999,4533,3,4,2,2,2,4
GENE-13711,NO,3.1,3.6,2.7,0.729,-0.5,1.12,-0.41,6.8e-01,1.0e+00,0.9999,4534,1,3,6.9,4,1,3
GENE-13712,NO,133.9,133.4,134.4,1.007,0,0.24,0.04,9.7e-01,1.0e+00,0.9999,4535,112.1,150.3,137.9,140.6,127.1,135.4
GENE-13714,NO,1.3,1.7,1,0.601,-0.7,1.63,-0.45,6.5e-01,1.0e+00,0.9999,4536,1,3,1,1,2,0
GENE-13717,NO,1556.4,1559,1553.8,0.997,0,0.33,-0.01,9.9e-01,1.0e+00,0.9999,4537,2051.1,1294,1332,1435.1,1088,2138.4
GENE-13718,NO,14.4,10.9,17.9,1.639,0.7,0.52,1.38,1.7e-01,1.0e+00,0.9999,4538,11.9,6.9,13.9,18.8,16.9,17.9
GENE-13724,NO,8.9,6.6,11.3,1.704,0.8,0.62,1.23,2.2e-01,1.0e+00,0.9999,4539,5,7.9,6.9,10.9,12.9,10
GENE-13726,NO,276.4,284.6,268.1,0.942,-0.1,0.22,-0.38,7.0e-01,1.0e+00,0.9999,4540,288.6,303.5,261.8,224.8,270,309.6
GENE-13727,NO,203.5,211,195.9,0.928,-0.1,0.21,-0.5,6.2e-01,1.0e+00,0.9999,4541,192.4,205.6,235.1,207,183.6,197.1
GENE-13729,NO,135.7,120.5,151,1.253,0.3,0.48,0.68,5.0e-01,1.0e+00,0.9999,4542,65.5,151.3,144.8,165.4,66.5,221
GENE-13735,NO,5.5,4.3,6.6,1.541,0.6,0.94,0.66,5.1e-01,1.0e+00,0.9999,4543,2,1,9.9,5,6.9,8
GENE-13740,NO,128.1,134.7,121.5,0.902,-0.1,0.26,-0.58,5.6e-01,1.0e+00,0.9999,4544,126,160.1,118,109.9,139,115.5
GENE-13744,NO,3261.3,3643.4,2879.2,0.79,-0.3,0.38,-0.89,3.8e-01,1.0e+00,0.9999,4545,1935.1,5306.6,3688.5,3406.1,3181.6,2049.8
GENE-13745,NO,23.3,23.1,23.5,1.016,0,0.48,0.05,9.6e-01,1.0e+00,0.9999,4546,26.8,18.8,23.8,35.7,20.8,13.9
GENE-13748,NO,566.6,610.7,522.6,0.856,-0.2,0.37,-0.62,5.4e-01,1.0e+00,0.9999,4547,825.2,571.4,435.4,360.5,440.8,766.5
GENE-13751,NO,10.1,8.6,11.6,1.349,0.4,0.64,0.67,5.0e-01,1.0e+00,0.9999,4548,9.9,5.9,9.9,9.9,17.9,7
GENE-13754,NO,1.8,2.3,1.3,0.573,-0.8,1.46,-0.55,5.8e-01,1.0e+00,0.9999,4549,4,2,1,1,0,3
GENE-13755,NO,82.8,80.6,85.1,1.056,0.1,0.29,0.27,7.9e-01,1.0e+00,0.9999,4550,92.2,77.1,72.4,65.4,94.3,95.6
GENE-13756,NO,13.9,15.5,12.2,0.789,-0.3,0.53,-0.65,5.2e-01,1.0e+00,0.9999,4551,15.9,16.8,13.9,16.8,7.9,11.9
GENE-13758,NO,96.4,87.2,105.6,1.212,0.3,0.37,0.76,4.5e-01,1.0e+00,0.9999,4552,49.6,121.6,90.3,99,96.3,121.5
GENE-13759,NO,71.7,70,73.5,1.05,0.1,0.42,0.17,8.7e-01,1.0e+00,0.9999,4553,47.6,77.1,85.3,42.6,111.2,66.7
GENE-13761,NO,147.6,134.8,160.5,1.191,0.3,0.31,0.81,4.2e-01,1.0e+00,0.9999,4554,150.8,99.8,153.7,135.7,209.5,136.4
GENE-13763,NO,134.4,113.6,155.2,1.366,0.5,0.26,1.76,7.8e-02,1.0e+00,0.9999,4555,120,114.7,106.1,169.4,123.1,173.2
GENE-13766,NO,482.2,516.6,447.9,0.867,-0.2,0.23,-0.91,3.6e-01,1.0e+00,0.9999,4556,611,469.6,469.1,383.3,486.4,473.9
GENE-13768,NO,0.8,0.7,1,1.502,0.6,2.07,0.28,7.8e-01,1.0e+00,0.9999,4557,2,0,0,1,1,1
GENE-13770,NO,6.3,5.6,7,1.238,0.3,0.76,0.41,6.8e-01,1.0e+00,0.9999,4558,4,4.9,7.9,7.9,4,9
GENE-13773,NO,799.4,828,770.8,0.931,-0.1,0.18,-0.58,5.6e-01,1.0e+00,0.9999,4559,852,751.3,880.7,770.6,803.1,738.7
GENE-13775,NO,10.2,9.6,10.9,1.139,0.2,0.65,0.29,7.7e-01,1.0e+00,0.9999,4560,9.9,4.9,13.9,15.8,9.9,7
GENE-13779,NO,0.7,0.7,0.7,1.002,0,2.22,0,1.0e+00,1.0e+00,0.9999,4561,1,0,1,0,1,1
GENE-13783,NO,14.2,18.5,9.9,0.537,-0.9,0.51,-1.76,7.8e-02,1.0e+00,0.9999,4562,20.8,17.8,16.9,8.9,11.9,9
GENE-13785,NO,7.3,7.6,7,0.915,-0.1,0.71,-0.18,8.6e-01,1.0e+00,0.9999,4563,7.9,6.9,7.9,5.9,4,11
GENE-13790,NO,98,96.4,99.6,1.033,0,0.26,0.18,8.6e-01,1.0e+00,0.9999,4564,89.3,103.8,96.2,110.9,104.2,83.6
GENE-13792,NO,4.6,2.3,6.9,3.005,1.6,0.98,1.62,1.1e-01,1.0e+00,0.9999,4565,4,2,1,6.9,10.9,3
GENE-13796,NO,71.1,66.7,75.4,1.131,0.2,0.32,0.56,5.7e-01,1.0e+00,0.9999,4566,81.3,57.3,61.5,95.1,65.5,65.7
GENE-13798,NO,276.4,288.1,264.8,0.919,-0.1,0.25,-0.49,6.3e-01,1.0e+00,0.9999,4567,345.2,225.4,293.6,235.7,274,284.7
GENE-13800,YES,2,1.7,2.3,1.404,0.5,1.38,0.35,7.2e-01,1.0e+00,0.9999,4568,0,2,3,1,4,2
GENE-13808,NO,47.4,62.4,32.5,0.52,-0.9,0.58,-1.63,1.0e-01,1.0e+00,0.9999,4569,30.7,74.1,82.3,9.9,38.7,48.8
GENE-13812,NO,35.9,32,39.7,1.24,0.3,0.34,0.91,3.6e-01,1.0e+00,0.9999,4570,33.7,32.6,29.8,38.6,36.7,43.8
GENE-13813,NO,4.5,4.6,4.3,0.931,-0.1,0.86,-0.12,9.0e-01,1.0e+00,0.9999,4571,4,6.9,3,5,4,4
GENE-13814,NO,7.4,6.9,8,1.146,0.2,0.79,0.25,8.0e-01,1.0e+00,0.9999,4572,7.9,10.9,2,4,9.9,10
GENE-13815,NO,1,1,1,1.004,0,2.2,0,1.0e+00,1.0e+00,0.9999,4573,2,1,0,0,0,3
GENE-13816,NO,0.8,1.3,0.3,0.269,-1.9,2.32,-0.82,4.1e-01,1.0e+00,0.9999,4574,3,0,1,0,1,0
GENE-13819,NO,54.1,50.5,57.6,1.14,0.2,0.31,0.6,5.5e-01,1.0e+00,0.9999,4575,58.5,52.4,40.7,59.4,63.5,49.8
GENE-13823,NO,5,5.6,4.3,0.767,-0.4,0.83,-0.46,6.4e-01,1.0e+00,0.9999,4576,4,7.9,5,3,6,4
GENE-13827,NO,11.1,12.9,9.2,0.719,-0.5,0.64,-0.74,4.6e-01,1.0e+00,0.9999,4577,16.9,11.9,9.9,15.8,6.9,5
GENE-13831,NO,120,118.3,121.8,1.03,0,0.29,0.14,8.9e-01,1.0e+00,0.9999,4578,131.9,98.9,124,123.8,150.9,90.6
GENE-13833,NO,46,42.3,49.6,1.175,0.2,0.33,0.7,4.8e-01,1.0e+00,0.9999,4579,41.7,36.6,48.6,39.6,53.6,55.7
GENE-13836,NO,1069,1121.3,1016.7,0.907,-0.1,0.23,-0.62,5.3e-01,1.0e+00,0.9999,4580,1188.2,987.6,1188.2,855.7,958.9,1235.4
GENE-13840,NO,485.3,550.6,420.1,0.763,-0.4,0.36,-1.09,2.8e-01,1.0e+00,0.9999,4581,434.4,484.4,732.9,624,344.5,291.7
GENE-13841,NO,1078.8,1002.8,1154.8,1.152,0.2,0.19,1.06,2.9e-01,1.0e+00,0.9999,4582,940.3,1115.1,953.1,1271.7,1149.5,1043.3
GENE-13844,NO,1139.6,1198.6,1080.6,0.902,-0.1,0.34,-0.45,6.6e-01,1.0e+00,0.9999,4583,1003.7,1026.1,1566,1561.9,893.4,786.5
GENE-13846,NO,102,99.1,104.9,1.059,0.1,0.33,0.25,8.0e-01,1.0e+00,0.9999,4584,96.2,99.8,101.2,129.7,64.5,120.5
GENE-13847,NO,32.9,32,33.8,1.054,0.1,0.37,0.21,8.4e-01,1.0e+00,0.9999,4585,32.7,38.6,24.8,33.7,30.8,36.8
GENE-13849,NO,270.6,238.4,302.8,1.27,0.3,0.5,0.7,4.9e-01,1.0e+00,0.9999,4586,116,265.9,333.2,199.1,185.6,523.6
GENE-13850,NO,122.2,118.9,125.4,1.055,0.1,0.25,0.31,7.5e-01,1.0e+00,0.9999,4587,138.9,106.8,111.1,132.7,117.1,126.4
GENE-13851,NO,70.8,64.4,77.1,1.198,0.3,0.32,0.82,4.1e-01,1.0e+00,0.9999,4588,64.5,71.2,57.5,58.4,99.3,73.7
GENE-13855,NO,831.4,812.8,850,1.046,0.1,0.19,0.35,7.3e-01,1.0e+00,0.9999,4589,832.1,770.1,836.1,857.7,755.4,936.8
GENE-13857,NO,79.7,81.9,77.5,0.946,-0.1,0.26,-0.31,7.6e-01,1.0e+00,0.9999,4590,78.4,80.1,87.3,74.3,86.4,71.7
GENE-13865,NO,4,4,4,1.002,0,0.95,0,1.0e+00,1.0e+00,0.9999,4591,4,5.9,2,5.9,2,4
GENE-13872,NO,32.7,30.4,35.1,1.154,0.2,0.37,0.56,5.8e-01,1.0e+00,0.9999,4592,26.8,30.6,33.7,37.6,40.7,26.9
GENE-13873,NO,436.3,416.7,455.8,1.094,0.1,0.24,0.55,5.8e-01,1.0e+00,0.9999,4593,387.8,456.7,405.6,435.8,373.2,558.5
GENE-13880,NO,3111.7,3078.9,3144.5,1.021,0,0.17,0.18,8.6e-01,1.0e+00,0.9999,4594,3404,2774.9,3057.7,3106,3172.6,3154.8
GENE-13882,NO,16.5,17.8,15.2,0.854,-0.2,0.53,-0.43,6.7e-01,1.0e+00,0.9999,4595,14.9,14.8,23.8,14.9,8.9,21.9
GENE-13886,NO,688.1,692.8,683.5,0.987,0,0.27,-0.07,9.4e-01,1.0e+00,0.9999,4596,554.4,755.3,768.6,824,716.7,509.7
GENE-13894,NO,1763.5,1923.9,1603.1,0.833,-0.3,0.42,-0.63,5.3e-01,1.0e+00,0.9999,4597,2039.2,1968.2,1764.4,2532.6,678,1598.8
GENE-13895,NO,1.2,1.7,0.7,0.401,-1.3,1.88,-0.7,4.8e-01,1.0e+00,0.9999,4598,2,3,0,1,0,1
GENE-13896,NO,1,0.7,1.3,2.005,1,2.16,0.46,6.4e-01,1.0e+00,0.9999,4599,0,0,2,0,2,2
GENE-13902,NO,126.2,112.3,140,1.246,0.3,0.51,0.62,5.4e-01,1.0e+00,0.9999,4600,213.2,43.5,80.3,161.4,117.1,141.4
GENE-13905,NO,81.8,79.9,83.7,1.048,0.1,0.28,0.24,8.1e-01,1.0e+00,0.9999,4601,92.2,77.1,70.4,94.1,83.4,73.7
GENE-13908,NO,156.7,140.4,173.1,1.233,0.3,0.26,1.18,2.4e-01,1.0e+00,0.9999,4602,164.6,111.7,144.8,193.1,161.8,164.3
GENE-13910,NO,2896.4,2750.6,3042.2,1.106,0.1,0.31,0.47,6.4e-01,1.0e+00,0.9999,4603,2043.2,2120.5,4088.2,2959.4,3125,3042.3
GENE-13912,NO,565.1,548.8,581.3,1.059,0.1,0.23,0.37,7.1e-01,1.0e+00,0.9999,4604,491,578.3,577.2,472.4,594.6,677
GENE-13913,NO,26.3,30.7,21.8,0.711,-0.5,0.43,-1.13,2.6e-01,1.0e+00,0.9999,4605,34.7,23.7,33.7,27.7,23.8,13.9
GENE-13914,NO,13.6,12.5,14.5,1.161,0.2,0.54,0.39,6.9e-01,1.0e+00,0.9999,4606,8.9,17.8,10.9,16.8,10.9,15.9
GENE-13917,NO,85,82.6,87.4,1.058,0.1,0.28,0.3,7.7e-01,1.0e+00,0.9999,4607,100.2,68.2,79.3,85.2,85.4,91.6
GENE-13924,NO,24.8,25.1,24.5,0.976,0,0.52,-0.07,9.5e-01,1.0e+00,0.9999,4608,26.8,34.6,13.9,26.7,33.8,12.9
GENE-13928,NO,139.2,143.6,134.7,0.938,-0.1,0.25,-0.37,7.1e-01,1.0e+00,0.9999,4609,141.8,154.2,134.9,113.9,162.8,127.4
GENE-13939,NO,832.6,826.9,838.3,1.014,0,0.25,0.08,9.4e-01,1.0e+00,0.9999,4610,824.2,894.7,761.7,725,711.8,1078.1
GENE-13941,NO,995.9,1005.6,986.3,0.981,0,0.18,-0.15,8.8e-01,1.0e+00,0.9999,4611,988.9,997.5,1030.5,894.4,1113.8,950.7
GENE-13942,NO,5.3,3,7.6,2.562,1.4,0.86,1.57,1.2e-01,1.0e+00,0.9999,4612,2,4,3,7.9,4,11
GENE-13944,NO,391.7,361.3,422,1.168,0.2,0.2,1.13,2.6e-01,1.0e+00,0.9999,4613,396.7,357.9,329.3,408.1,399.1,458.9
GENE-13947,NO,6.4,7.6,5.3,0.697,-0.5,0.72,-0.72,4.7e-01,1.0e+00,0.9999,4614,8.9,7.9,6,5,6.9,4
GENE-13948,NO,985.1,974.8,995.4,1.021,0,0.19,0.16,8.7e-01,1.0e+00,0.9999,4615,920.4,1059.7,944.2,932,955,1099.1
GENE-13950,NO,2.6,2.3,3,1.288,0.4,1.12,0.33,7.4e-01,1.0e+00,0.9999,4616,2,3,2,4,4,1
GENE-13951,NO,9.8,9.9,9.6,0.969,0,0.65,-0.07,9.4e-01,1.0e+00,0.9999,4617,5,9.9,14.9,7.9,12.9,8
GENE-13953,NO,608,604.2,611.8,1.012,0,0.22,0.08,9.4e-01,1.0e+00,0.9999,4618,565.3,682.1,565.3,701.2,626.4,507.7
GENE-13957,NO,329.8,329.3,330.3,1.003,0,0.2,0.02,9.8e-01,1.0e+00,0.9999,4619,321.4,326.2,340.2,292.2,353.4,345.4
GENE-13960,NO,502.9,464.3,541.6,1.167,0.2,0.26,0.84,4.0e-01,1.0e+00,0.9999,4620,464.2,525.9,402.7,697.3,499.3,428.1
GENE-13965,NO,69.3,72.3,66.2,0.915,-0.1,0.27,-0.47,6.4e-01,1.0e+00,0.9999,4621,72.4,70.2,74.4,75.3,58.6,64.7
GENE-13967,NO,1.2,1,1.3,1.337,0.4,1.68,0.25,8.0e-01,1.0e+00,0.9999,4622,0,1,2,1,1,2
GENE-13968,NO,113.4,107,119.8,1.12,0.2,0.25,0.66,5.1e-01,1.0e+00,0.9999,4623,107.1,114.7,99.2,116.9,105.2,137.4
GENE-13970,NO,5.5,6.6,4.3,0.651,-0.6,0.79,-0.78,4.3e-01,1.0e+00,0.9999,4624,7.9,4,7.9,4,4,5
GENE-13975,NO,28.3,29,27.5,0.945,-0.1,0.44,-0.19,8.5e-01,1.0e+00,0.9999,4625,35.7,32.6,18.8,21.8,36.7,23.9
GENE-13981,NO,8.9,7.9,9.9,1.252,0.3,0.74,0.44,6.6e-01,1.0e+00,0.9999,4626,11.9,7.9,4,15.8,9.9,4
GENE-13984,NO,1097,999.5,1194.4,1.195,0.3,0.26,0.97,3.3e-01,1.0e+00,0.9999,4627,1111.8,768.1,1118.7,1433.2,1207.1,942.8
GENE-13985,NO,189.8,185.3,194.3,1.049,0.1,0.2,0.34,7.4e-01,1.0e+00,0.9999,4628,184.5,186.8,184.5,190.2,205.5,187.2
GENE-13986,NO,30.9,31.4,30.5,0.971,0,0.52,-0.08,9.3e-01,1.0e+00,0.9999,4629,43.6,29.7,20.8,28.7,14.9,47.8
GENE-13988,NO,23.5,19.8,27.2,1.369,0.5,0.49,0.93,3.5e-01,1.0e+00,0.9999,4630,20.8,9.9,28.8,21.8,31.8,27.9
GENE-13993,NO,38.3,45.3,31.4,0.695,-0.5,0.37,-1.43,1.5e-01,1.0e+00,0.9999,4631,51.6,38.6,45.6,36.6,35.7,21.9
GENE-14002,NO,31.9,34.7,29.1,0.84,-0.3,0.37,-0.68,5.0e-01,1.0e+00,0.9999,4632,36.7,26.7,40.7,31.7,29.8,25.9
GENE-14006,NO,45,50.9,39,0.768,-0.4,0.49,-0.78,4.3e-01,1.0e+00,0.9999,4633,43.6,46.5,62.5,58.4,14.9,43.8
GENE-14008,NO,10.2,13.2,7.3,0.551,-0.9,0.66,-1.31,1.9e-01,1.0e+00,0.9999,4634,20.8,9.9,8.9,9.9,5,7
GENE-14011,NO,2.5,3,2,0.668,-0.6,1.14,-0.51,6.1e-01,1.0e+00,0.9999,4635,2,3,4,3,1,2
GENE-14014,NO,3.3,5.3,1.3,0.25,-2,1.16,-1.72,8.6e-02,1.0e+00,0.9999,4636,6,4,6,3,0,1
GENE-14019,NO,17.4,16.5,18.2,1.102,0.1,0.53,0.27,7.9e-01,1.0e+00,0.9999,4637,14.9,15.8,18.8,25.8,19.9,9
GENE-14020,NO,57.5,59.1,55.9,0.946,-0.1,0.29,-0.27,7.9e-01,1.0e+00,0.9999,4638,56.5,66.2,54.5,61.4,56.6,49.8
GENE-14022,NO,18.7,18.8,18.5,0.985,0,0.44,-0.05,9.6e-01,1.0e+00,0.9999,4639,18.8,19.8,17.9,17.8,19.9,17.9
GENE-14023,NO,582.8,622.4,543.2,0.873,-0.2,0.26,-0.75,4.5e-01,1.0e+00,0.9999,4640,638.7,693,535.6,415,688.9,525.6
GENE-14026,NO,95.7,99.1,92.4,0.932,-0.1,0.29,-0.35,7.2e-01,1.0e+00,0.9999,4641,86.3,114.7,96.2,75.3,89.3,112.5
GENE-14029,NO,1.7,2,1.3,0.668,-0.6,1.49,-0.39,7.0e-01,1.0e+00,0.9999,4642,1,2,3,1,3,0
GENE-14030,NO,224.6,239.1,210.1,0.879,-0.2,0.29,-0.64,5.2e-01,1.0e+00,0.9999,4643,277.7,241.2,198.4,280.3,172.7,177.2
GENE-14031,NO,315.1,341.2,288.9,0.847,-0.2,0.27,-0.89,3.7e-01,1.0e+00,0.9999,4644,455.3,295.6,272.7,272.4,291.8,302.6
GENE-14036,NO,32.7,35.7,29.8,0.835,-0.3,0.47,-0.55,5.8e-01,1.0e+00,0.9999,4645,54.6,24.7,27.8,19.8,28.8,40.8
GENE-14043,NO,1815.1,1779.5,1850.6,1.04,0.1,0.21,0.27,7.9e-01,1.0e+00,0.9999,4646,1771.4,1958.4,1608.7,1862,1574.4,2115.5
GENE-14047,NO,649.5,734.3,564.8,0.769,-0.4,0.27,-1.41,1.6e-01,1.0e+00,0.9999,4647,696.3,898.6,608,487.3,492.4,714.8
GENE-14049,NO,5.3,5.6,5,0.884,-0.2,0.8,-0.22,8.3e-01,1.0e+00,0.9999,4648,6.9,4,6,3,5,7
GENE-14050,NO,1466.9,1690.4,1243.4,0.736,-0.4,0.4,-1.11,2.7e-01,1.0e+00,0.9999,4649,1080.1,1767.6,2223.6,1764,666.1,1300.1
GENE-14051,NO,74.7,82.2,67.2,0.817,-0.3,0.28,-1.03,3.0e-01,1.0e+00,0.9999,4650,83.3,83,80.3,74.3,74.5,52.8
GENE-14052,NO,2828.7,2850,2807.5,0.985,0,0.19,-0.11,9.1e-01,1.0e+00,0.9999,4651,2785.1,2880.7,2884.1,2808.9,3208.4,2405.2
GENE-14053,NO,4.3,2.7,5.9,2.254,1.2,0.95,1.23,2.2e-01,1.0e+00,0.9999,4652,1,3,4,7.9,6.9,3
GENE-14056,NO,177.7,186.9,168.4,0.901,-0.2,0.23,-0.65,5.2e-01,1.0e+00,0.9999,4653,185.5,180.9,194.4,200.1,148.9,156.3
GENE-14066,NO,573.9,546.3,601.5,1.101,0.1,0.24,0.58,5.7e-01,1.0e+00,0.9999,4654,637.7,461.7,539.5,488.3,625.4,690.9
GENE-14067,NO,6.3,5.9,6.6,1.113,0.2,0.74,0.21,8.3e-01,1.0e+00,0.9999,4655,8.9,4.9,4,5.9,6.9,7
GENE-14074,NO,87.1,92.5,81.7,0.884,-0.2,0.34,-0.52,6.0e-01,1.0e+00,0.9999,4656,119,88,70.4,80.2,105.2,59.7
GENE-14076,NO,616.8,624.9,608.7,0.974,0,0.24,-0.16,8.7e-01,1.0e+00,0.9999,4657,655.6,548.7,670.5,633.9,472.5,719.8
GENE-14082,NO,1.5,1.3,1.7,1.252,0.3,1.45,0.22,8.2e-01,1.0e+00,0.9999,4658,1,2,1,3,1,1
GENE-14083,NO,10.9,12.6,9.3,0.738,-0.4,0.59,-0.75,4.6e-01,1.0e+00,0.9999,4659,10.9,10.9,15.9,6.9,12.9,8
GENE-14084,YES,1.5,2.3,0.7,0.286,-1.8,1.59,-1.14,2.6e-01,1.0e+00,0.9999,4660,2,2,3,1,0,1
GENE-14086,NO,41.8,39,44.7,1.147,0.2,0.34,0.59,5.6e-01,1.0e+00,0.9999,4661,44.6,42.5,29.8,45.6,42.7,45.8
GENE-14095,NO,100.2,93.5,106.9,1.144,0.2,0.32,0.61,5.4e-01,1.0e+00,0.9999,4662,98.2,116.7,65.5,117.9,85.4,117.5
GENE-14100,NO,63.1,66.7,59.6,0.893,-0.2,0.3,-0.54,5.9e-01,1.0e+00,0.9999,4663,73.4,63.3,63.5,51.5,74.5,52.8
GENE-14102,NO,201.3,200.1,202.5,1.012,0,0.21,0.08,9.4e-01,1.0e+00,0.9999,4664,186.5,208.6,205.3,223.8,193.6,190.1
GENE-14106,NO,18.5,22.1,14.9,0.673,-0.6,0.46,-1.23,2.2e-01,1.0e+00,0.9999,4665,21.8,25.7,18.8,17.8,15.9,11
GENE-14113,NO,585.9,497.1,674.6,1.357,0.4,0.25,1.78,7.4e-02,1.0e+00,0.9999,4666,482,412.2,597.1,643.8,577.7,802.4
GENE-14119,NO,2.6,2.3,3,1.289,0.4,1.1,0.33,7.4e-01,1.0e+00,0.9999,4667,2,4,1,3,3,3
GENE-14120,NO,219.7,209.4,230,1.098,0.1,0.21,0.64,5.2e-01,1.0e+00,0.9999,4668,214.2,188.8,225.1,226.8,250.2,213
GENE-14123,NO,82.8,81.5,84.1,1.031,0,0.27,0.16,8.7e-01,1.0e+00,0.9999,4669,83.3,90.9,70.4,78.2,80.4,93.6
GENE-14126,NO,1.2,1,1.3,1.335,0.4,1.68,0.25,8.0e-01,1.0e+00,0.9999,4670,1,0,2,2,1,1
GENE-14128,NO,14.1,13.2,14.9,1.128,0.2,0.67,0.26,8.0e-01,1.0e+00,0.9999,4671,3,16.8,19.8,14.9,10.9,18.9
GENE-14129,NO,154.1,146,162.2,1.111,0.2,0.24,0.65,5.2e-01,1.0e+00,0.9999,4672,139.8,141.4,156.7,151.5,145.9,189.1
GENE-14133,NO,25.8,18.2,33.4,1.84,0.9,0.54,1.64,1.0e-01,1.0e+00,0.9999,4673,9.9,27.7,16.9,45.6,36.7,17.9
GENE-14134,NO,28.3,24.8,31.8,1.283,0.4,0.4,0.89,3.7e-01,1.0e+00,0.9999,4674,24.8,28.7,20.8,22.8,35.7,36.8
GENE-14136,NO,17.9,18.8,16.9,0.897,-0.2,0.5,-0.32,7.5e-01,1.0e+00,0.9999,4675,12.9,25.7,17.9,12.9,16.9,20.9
GENE-14139,NO,1.7,1.7,1.7,1.001,0,1.51,0,1.0e+00,1.0e+00,0.9999,4676,1,2,2,4,1,0
GENE-14141,NO,2.6,2,3.3,1.672,0.7,1.13,0.66,5.1e-01,1.0e+00,0.9999,4677,2,3,1,2,3,5
GENE-14148,NO,10.6,13.2,8,0.602,-0.7,0.65,-1.12,2.6e-01,1.0e+00,0.9999,4678,12.9,18.8,7.9,4,8.9,11
GENE-14161,NO,9.3,10.2,8.3,0.808,-0.3,0.63,-0.49,6.3e-01,1.0e+00,0.9999,4679,11.9,10.9,7.9,8.9,10.9,5
GENE-14166,NO,296.9,307.5,286.2,0.931,-0.1,0.21,-0.5,6.2e-01,1.0e+00,0.9999,4680,275.7,297.6,349.1,285.2,295.8,277.7
GENE-14168,NO,224.8,219.3,230.2,1.05,0.1,0.3,0.24,8.1e-01,1.0e+00,0.9999,4681,240,216.5,201.3,310,218.4,162.3
GENE-14169,NO,3.5,2.7,4.3,1.628,0.7,1.01,0.69,4.9e-01,1.0e+00,0.9999,4682,2,4,2,6.9,4,2
GENE-14170,NO,79.5,87.8,71.2,0.81,-0.3,0.27,-1.13,2.6e-01,1.0e+00,0.9999,4683,82.3,91.9,89.3,60.4,74.5,78.6
GENE-14171,NO,1.8,2,1.7,0.836,-0.3,1.46,-0.18,8.6e-01,1.0e+00,0.9999,4684,1,2,3,1,0,4
GENE-14172,NO,2.5,1.7,3.3,2.005,1,1.33,0.75,4.5e-01,1.0e+00,0.9999,4685,0,4,1,5.9,2,2
GENE-14180,NO,69.6,66.4,72.8,1.097,0.1,0.3,0.45,6.6e-01,1.0e+00,0.9999,4686,78.4,63.3,57.5,66.4,87.4,64.7
GENE-14182,NO,99.7,104.3,94.9,0.91,-0.1,0.3,-0.46,6.5e-01,1.0e+00,0.9999,4687,127.9,99.8,85.3,115.9,90.3,78.6
GENE-14185,NO,1468,1455,1481,1.018,0,0.18,0.14,8.9e-01,1.0e+00,0.9999,4688,1502.6,1524.4,1337.9,1602.5,1333.2,1507.2
GENE-14186,NO,246.1,248.6,243.6,0.98,0,0.25,-0.12,9.1e-01,1.0e+00,0.9999,4689,220.2,296.6,229.1,255.5,196.6,278.7
GENE-14191,NO,4.6,6.3,3,0.475,-1.1,0.94,-1.14,2.5e-01,1.0e+00,0.9999,4690,3,9.9,6,4,4,1
GENE-14192,NO,173.1,169.4,176.7,1.043,0.1,0.23,0.27,7.9e-01,1.0e+00,0.9999,4691,176.5,176,155.7,153.5,198.5,178.2
GENE-14197,NO,786.2,692.5,879.8,1.27,0.3,0.39,0.89,3.7e-01,1.0e+00,0.9999,4692,554.4,693,830.1,512.1,706.8,1420.6
GENE-14202,NO,505.4,369.6,641.1,1.734,0.8,0.52,1.53,1.3e-01,1.0e+00,0.9999,4693,132.9,284.7,691.3,877.5,529.1,516.7
GENE-14205,NO,30.9,30.4,31.4,1.035,0,0.44,0.11,9.1e-01,1.0e+00,0.9999,4694,22.8,20.8,47.6,28.7,31.8,33.8
GENE-14207,NO,1253.8,1106.3,1401.2,1.267,0.3,0.31,1.11,2.7e-01,1.0e+00,0.9999,4695,1117.8,1140.8,1060.2,1551,840.8,1811.8
GENE-14211,NO,116.2,118.2,114.2,0.966,-0.1,0.29,-0.18,8.6e-01,1.0e+00,0.9999,4696,118,92.9,143.8,100,107.2,135.4
GENE-14213,NO,37.2,43.2,31.1,0.719,-0.5,0.47,-1.02,3.1e-01,1.0e+00,0.9999,4697,58.5,48.4,22.8,39.6,19.9,33.8
GENE-14214,NO,69.8,69.4,70.2,1.012,0,0.29,0.06,9.5e-01,1.0e+00,0.9999,4698,77.4,56.3,74.4,60.4,71.5,78.6
GENE-14217,NO,721.7,676.5,767,1.134,0.2,0.27,0.67,5.0e-01,1.0e+00,0.9999,4699,565.3,797.8,666.5,816.1,562.9,921.9
GENE-14224,NO,37,36.4,37.7,1.038,0.1,0.35,0.16,8.8e-01,1.0e+00,0.9999,4700,38.7,29.7,40.7,42.6,32.8,37.8
GENE-14228,NO,20.8,20.5,21.2,1.035,0,0.64,0.08,9.4e-01,1.0e+00,0.9999,4701,20.8,35.6,5,27.7,18.9,16.9
GENE-14230,NO,13.4,14.5,12.2,0.843,-0.2,0.55,-0.45,6.5e-01,1.0e+00,0.9999,4702,9.9,11.9,21.8,10.9,12.9,12.9
GENE-14231,NO,2056.1,1298.9,2813.3,2.166,1.1,2,0.56,5.8e-01,1.0e+00,0.9999,4703,73.4,13.8,3809.5,5799,2499.6,141.4
GENE-14235,NO,3625.4,3795,3455.7,0.911,-0.1,0.18,-0.73,4.6e-01,1.0e+00,0.9999,4704,4077.4,3306.8,4000.9,3457.6,3655.1,3254.4
GENE-14238,NO,748.3,757.6,739,0.975,0,0.18,-0.2,8.4e-01,1.0e+00,0.9999,4705,816.3,697.9,758.7,799.3,719.7,697.9
GENE-14241,NO,207.4,209.4,205.5,0.982,0,0.23,-0.12,9.1e-01,1.0e+00,0.9999,4706,236.1,212.5,179.5,226.8,181.7,208.1
GENE-14245,NO,107,102.4,111.6,1.09,0.1,0.32,0.39,6.9e-01,1.0e+00,0.9999,4707,84.3,93.9,128.9,81.2,120.1,133.4
GENE-14247,NO,23.1,23.1,23.1,1.002,0,0.46,0.01,1.0e+00,1.0e+00,0.9999,4708,32.7,14.8,21.8,27.7,21.8,19.9
GENE-14251,NO,1714.9,1867.1,1562.7,0.837,-0.3,0.42,-0.61,5.4e-01,1.0e+00,0.9999,4709,1228.9,1347.4,3025,1298.5,1116.8,2272.8
GENE-14254,NO,481.4,413.8,548.9,1.326,0.4,0.25,1.64,1.0e-01,1.0e+00,0.9999,4710,419.5,382.6,439.4,563.6,670.1,413.1
GENE-14257,NO,71.6,66.4,76.8,1.157,0.2,0.31,0.68,4.9e-01,1.0e+00,0.9999,4711,70.4,65.2,63.5,70.3,60.6,99.6
GENE-14259,NO,113.4,122.2,104.6,0.856,-0.2,0.26,-0.88,3.8e-01,1.0e+00,0.9999,4712,137.9,102.8,126,113.9,107.2,92.6
GENE-14260,NO,20.5,22.1,18.9,0.853,-0.2,0.46,-0.5,6.2e-01,1.0e+00,0.9999,4713,16.9,30.6,18.8,16.8,19.9,19.9
GENE-14261,NO,715.6,653.6,777.7,1.19,0.3,0.22,1.16,2.5e-01,1.0e+00,0.9999,4714,593.1,660.4,707.2,903.3,649.2,780.5
GENE-14262,NO,975.4,975.3,975.5,1,0,0.19,0,1.0e+00,1.0e+00,0.9999,4715,963.1,934.2,1028.5,843.9,1013.5,1069.2
GENE-14268,NO,150.3,132.4,168.1,1.269,0.3,0.23,1.53,1.3e-01,1.0e+00,0.9999,4716,131.9,118.6,146.8,163.4,176.7,164.3
GENE-14281,NO,204.3,188,220.7,1.174,0.2,0.29,0.79,4.3e-01,1.0e+00,0.9999,4717,232.1,149.3,182.5,281.3,198.5,182.2
GENE-14284,NO,13.5,17.2,9.9,0.578,-0.8,0.58,-1.35,1.8e-01,1.0e+00,0.9999,4718,18.8,18.8,13.9,13.9,11.9,4
GENE-14285,NO,0.7,1,0.3,0.359,-1.5,2.44,-0.6,5.5e-01,1.0e+00,0.9999,4719,0,2,1,0,1,0
GENE-14291,NO,28.8,24.1,33.4,1.386,0.5,0.37,1.27,2.0e-01,1.0e+00,0.9999,4720,22.8,21.7,27.8,34.7,31.8,33.8
GENE-14293,NO,6.3,5,7.6,1.537,0.6,0.88,0.7,4.8e-01,1.0e+00,0.9999,4721,10.9,2,2,5,7.9,10
GENE-14300,NO,53.6,52.5,54.6,1.04,0.1,0.43,0.13,9.0e-01,1.0e+00,0.9999,4722,51.6,39.5,66.5,27.7,74.5,61.7
GENE-14302,NO,5.5,5,6,1.202,0.3,0.8,0.33,7.4e-01,1.0e+00,0.9999,4723,5,3,6.9,7.9,6,4
GENE-14303,NO,146,143,148.9,1.042,0.1,0.29,0.2,8.4e-01,1.0e+00,0.9999,4724,104.1,145.3,179.5,131.7,174.7,140.4
GENE-14309,NO,4.8,5,4.6,0.935,-0.1,0.87,-0.11,9.1e-01,1.0e+00,0.9999,4725,5,4,6,7.9,4,2
GENE-14310,NO,3.6,3,4.3,1.447,0.5,0.98,0.55,5.8e-01,1.0e+00,0.9999,4726,3,1,5,4,4,5
GENE-14311,NO,1.7,1,2.3,2.341,1.2,1.51,0.81,4.2e-01,1.0e+00,0.9999,4727,0,2,1,2,1,4
GENE-14314,NO,62,47.9,76.2,1.591,0.7,0.61,1.1,2.7e-01,1.0e+00,0.9999,4728,38.7,40.5,64.5,15.8,125.1,87.6
GENE-14318,NO,8.4,8.3,8.6,1.042,0.1,0.68,0.09,9.3e-01,1.0e+00,0.9999,4729,11.9,7.9,5,10.9,5,10
GENE-14322,NO,1139,1212.3,1065.7,0.879,-0.2,0.26,-0.7,4.8e-01,1.0e+00,0.9999,4730,1192.2,987.6,1457,801.3,1197.2,1198.6
GENE-14324,NO,602.3,616.2,588.5,0.955,-0.1,0.19,-0.36,7.2e-01,1.0e+00,0.9999,4731,607,664.3,577.2,547.7,634.3,583.4
GENE-14326,NO,2197.1,2491.8,1902.5,0.763,-0.4,0.29,-1.34,1.8e-01,1.0e+00,0.9999,4732,3164,1777.4,2534,2060.1,2183.9,1463.4
GENE-14330,NO,1067.6,1014.3,1120.8,1.105,0.1,2.22,0.06,9.5e-01,1.0e+00,0.9999,4733,3030.1,4.9,7.9,1187.5,66.5,2108.5
GENE-14331,NO,22.8,22.5,23.2,1.031,0,0.48,0.09,9.3e-01,1.0e+00,0.9999,4734,30.7,11.9,24.8,26.7,19.9,22.9
GENE-14332,NO,386.8,294.4,479.2,1.628,0.7,0.62,1.14,2.5e-01,1.0e+00,0.9999,4735,134.9,149.3,599,842.9,227.3,367.3
GENE-14339,NO,11.9,9.9,13.9,1.403,0.5,0.69,0.71,4.8e-01,1.0e+00,0.9999,4736,16.9,6.9,6,8.9,23.8,9
GENE-14342,NO,1054,1156.2,951.9,0.823,-0.3,0.23,-1.22,2.2e-01,1.0e+00,0.9999,4737,1276.5,1124,1068.2,1169.7,901.4,784.5
GENE-14348,NO,617.5,615.1,620,1.008,0,0.24,0.05,9.6e-01,1.0e+00,0.9999,4738,754.8,494.3,596.1,590.3,584.7,684.9
GENE-14355,NO,16,14.5,17.5,1.207,0.3,0.49,0.56,5.8e-01,1.0e+00,0.9999,4739,9.9,16.8,16.9,19.8,16.9,15.9
GENE-14356,NO,322.7,298.5,346.9,1.162,0.2,0.32,0.67,5.0e-01,1.0e+00,0.9999,4740,184.5,370.7,340.2,366.5,278,396.2
GENE-14357,NO,2.1,2.7,1.7,0.626,-0.7,1.24,-0.54,5.9e-01,1.0e+00,0.9999,4741,4,2,2,1,3,1
GENE-14363,NO,1472.5,1497.5,1447.4,0.967,0,0.19,-0.26,7.9e-01,1.0e+00,0.9999,4742,1334,1661.8,1496.6,1375.7,1410.6,1556
GENE-14368,NO,49.9,48.5,51.3,1.057,0.1,0.3,0.26,7.9e-01,1.0e+00,0.9999,4743,47.6,53.4,44.6,53.5,54.6,45.8
GENE-14372,NO,6.1,5.6,6.6,1.179,0.2,0.86,0.28,7.8e-01,1.0e+00,0.9999,4744,8.9,3,5,6.9,2,11
GENE-14377,NO,688.5,644.1,732.8,1.138,0.2,0.25,0.75,4.5e-01,1.0e+00,0.9999,4745,631.8,809.6,490.9,685.4,723.7,789.4
GENE-14378,NO,3418.1,3053.2,3783,1.239,0.3,0.18,1.72,8.5e-02,1.0e+00,0.9999,4746,2666.1,3275.1,3218.4,3784.5,3658,3906.4
GENE-14380,NO,3.3,4.3,2.3,0.54,-0.9,1.13,-0.79,4.3e-01,1.0e+00,0.9999,4747,5,3,5,2,0,5
GENE-14383,NO,172.2,174.3,170.1,0.976,0,0.27,-0.13,8.9e-01,1.0e+00,0.9999,4748,148.8,207.6,166.6,142.6,205.5,162.3
GENE-14386,NO,6.1,6.6,5.6,0.852,-0.2,0.77,-0.3,7.6e-01,1.0e+00,0.9999,4749,5,8.9,6,3,7.9,6
GENE-14392,NO,1473.9,1589.3,1358.5,0.855,-0.2,0.19,-1.21,2.3e-01,1.0e+00,0.9999,4750,1369.7,1707.3,1691,1420.3,1350.1,1305.1
GENE-14394,NO,4.1,4.3,4,0.925,-0.1,0.88,-0.13,9.0e-01,1.0e+00,0.9999,4751,6,4,3,4,5,3
GENE-14396,NO,8.3,6.6,9.9,1.504,0.6,0.72,0.82,4.1e-01,1.0e+00,0.9999,4752,4,10.9,5,9.9,13.9,6
GENE-14401,NO,8.3,6.6,9.9,1.503,0.6,0.71,0.83,4.1e-01,1.0e+00,0.9999,4753,4,4.9,10.9,8.9,13.9,7
GENE-14414,NO,875.7,943.9,807.5,0.855,-0.2,0.18,-1.25,2.1e-01,1.0e+00,0.9999,4754,923.4,891.7,1016.6,868.6,746.5,807.4
GENE-14419,NO,229.5,240.2,218.9,0.911,-0.1,0.33,-0.41,6.8e-01,1.0e+00,0.9999,4755,286.6,177,256.9,165.4,189.6,301.6
GENE-14420,NO,168.7,181,156.5,0.865,-0.2,0.32,-0.67,5.1e-01,1.0e+00,0.9999,4756,169.6,179.9,193.4,169.4,202.5,97.6
GENE-14423,NO,23,20.8,25.2,1.209,0.3,0.52,0.53,6.0e-01,1.0e+00,0.9999,4757,9.9,29.7,22.8,34.7,18.9,21.9
GENE-14427,NO,391.1,421.4,360.7,0.856,-0.2,0.22,-1.01,3.1e-01,1.0e+00,0.9999,4758,421.5,397.4,445.3,418,294.8,369.3
GENE-14433,NO,59.3,65,53.6,0.824,-0.3,0.35,-0.81,4.2e-01,1.0e+00,0.9999,4759,73.4,75.1,46.6,65.4,41.7,53.8
GENE-14436,NO,118.6,170.3,66.9,0.393,-1.3,2.13,-0.63,5.3e-01,1.0e+00,0.9999,4760,415.6,0,95.2,5,94.3,101.5
GENE-14438,NO,18.2,21.4,14.9,0.693,-0.5,0.61,-0.87,3.8e-01,1.0e+00,0.9999,4761,20.8,22.7,20.8,27.7,11.9,5
GENE-14440,NO,13.6,16.2,10.9,0.675,-0.6,0.53,-1.07,2.8e-01,1.0e+00,0.9999,4762,11.9,15.8,20.8,9.9,9.9,12.9
GENE-14442,NO,1.5,1.3,1.7,1.253,0.3,1.54,0.21,8.3e-01,1.0e+00,0.9999,4763,0,1,3,1,2,2
GENE-14443,NO,817.9,701.1,934.7,1.333,0.4,0.32,1.29,2.0e-01,1.0e+00,0.9999,4764,596.1,699.9,807.3,669.5,1372.9,761.6
GENE-14450,NO,42.5,41,44,1.075,0.1,0.32,0.32,7.5e-01,1.0e+00,0.9999,4765,43.6,38.6,40.7,37.6,44.7,49.8
GENE-14452,NO,1.8,2,1.7,0.835,-0.3,1.41,-0.18,8.5e-01,1.0e+00,0.9999,4766,1,3,2,3,0,2
GENE-14454,NO,60.3,55.2,65.5,1.188,0.2,0.38,0.65,5.1e-01,1.0e+00,0.9999,4767,36.7,50.4,78.4,81.2,62.5,52.8
GENE-14456,NO,13.7,14.9,12.6,0.847,-0.2,0.66,-0.36,7.2e-01,1.0e+00,0.9999,4768,9.9,17.8,16.9,4,11.9,21.9
GENE-14460,NO,2,1.3,2.7,2.006,1,1.33,0.75,4.5e-01,1.0e+00,0.9999,4769,2,1,1,1,2,5
GENE-14463,NO,38,35,41.1,1.173,0.2,0.39,0.6,5.5e-01,1.0e+00,0.9999,4770,35.7,31.6,37.7,25.8,47.6,49.8
GENE-14473,NO,30.1,29.1,31.1,1.07,0.1,0.48,0.2,8.4e-01,1.0e+00,0.9999,4771,22.8,28.7,35.7,49.5,17.9,25.9
GENE-14478,NO,176.4,167.1,185.7,1.111,0.2,0.22,0.69,4.9e-01,1.0e+00,0.9999,4772,164.6,181.9,154.7,172.3,178.7,206.1
GENE-14479,NO,1335,1241.6,1428.4,1.15,0.2,0.25,0.8,4.2e-01,1.0e+00,0.9999,4773,1549.2,1029.1,1146.5,1156.8,1593.3,1535.1
GENE-14486,NO,67.6,68,67.2,0.988,0,0.3,-0.06,9.5e-01,1.0e+00,0.9999,4774,77.4,74.1,52.6,63.4,75.4,62.7
GENE-14489,YES,4.1,2,6.3,3.173,1.7,1.03,1.61,1.1e-01,1.0e+00,0.9999,4775,3,0,3,4,6.9,8
GENE-14492,NO,2661.4,2500.3,2822.5,1.129,0.2,0.29,0.61,5.5e-01,1.0e+00,0.9999,4776,2667,1897.1,2936.7,3406.1,2000.3,3061.2
GENE-14499,NO,12.2,11.9,12.6,1.059,0.1,0.63,0.13,9.0e-01,1.0e+00,0.9999,4777,12.9,12.9,9.9,5,12.9,19.9
GENE-14503,NO,62.3,63.1,61.5,0.976,0,0.29,-0.12,9.0e-01,1.0e+00,0.9999,4778,71.4,53.4,64.5,59.4,63.5,61.7
GENE-14505,NO,8.3,8.2,8.3,1.003,0,0.73,0.01,9.9e-01,1.0e+00,0.9999,4779,6.9,10.9,6.9,3,7.9,13.9
GENE-14506,NO,124,120.6,127.5,1.057,0.1,0.33,0.24,8.1e-01,1.0e+00,0.9999,4780,162.7,123.6,75.4,128.8,113.2,140.4
GENE-14508,NO,3006,2983.3,3028.7,1.015,0,0.17,0.13,9.0e-01,1.0e+00,0.9999,4781,2764.2,3064.6,3121.2,3133.8,3120,2832.3
GENE-14512,NO,2.6,4.6,0.7,0.143,-2.8,1.66,-1.69,9.2e-02,1.0e+00,0.9999,4782,0,9.9,4,1,0,1
GENE-14514,NO,18.5,16.2,20.9,1.288,0.4,0.44,0.83,4.1e-01,1.0e+00,0.9999,4783,14.9,14.8,18.8,21.8,19.9,20.9
GENE-14516,NO,23.6,25.8,21.5,0.835,-0.3,0.44,-0.59,5.6e-01,1.0e+00,0.9999,4784,16.9,32.6,27.8,18.8,25.8,19.9
GENE-14521,NO,35.9,35.3,36.4,1.03,0,0.34,0.13,9.0e-01,1.0e+00,0.9999,4785,39.7,33.6,32.7,35.7,36.7,36.8
GENE-14524,NO,11.6,12.2,10.9,0.894,-0.2,0.55,-0.29,7.7e-01,1.0e+00,0.9999,4786,14.9,9.9,11.9,9.9,12.9,10
GENE-14529,NO,3.3,3.7,3,0.82,-0.3,1.09,-0.26,7.9e-01,1.0e+00,0.9999,4787,4,1,6,3,1,5
GENE-14530,NO,109.9,108,111.9,1.036,0.1,0.25,0.2,8.4e-01,1.0e+00,0.9999,4788,95.2,120.6,108.1,122.8,98.3,114.5
GENE-14533,NO,64.3,67.4,61.2,0.909,-0.1,0.32,-0.43,6.7e-01,1.0e+00,0.9999,4789,60.5,82.1,59.5,77.3,53.6,52.8
GENE-14534,NO,1.2,2,0.3,0.18,-2.5,2.11,-1.17,2.4e-01,1.0e+00,0.9999,4790,4,2,0,0,1,0
GENE-14536,NO,12.7,14.2,11.2,0.792,-0.3,0.53,-0.63,5.3e-01,1.0e+00,0.9999,4791,12.9,11.9,17.9,10.9,9.9,12.9
GENE-14538,NO,2.2,2,2.3,1.169,0.2,1.34,0.17,8.7e-01,1.0e+00,0.9999,4792,4,0,2,1,3,3
GENE-14539,NO,282,285.9,278,0.972,0,0.22,-0.19,8.5e-01,1.0e+00,0.9999,4793,305.5,316.3,236,282.3,272,279.7
GENE-14541,NO,938.7,1048.9,828.6,0.79,-0.3,0.23,-1.5,1.3e-01,1.0e+00,0.9999,4794,1151.5,1017.2,977.9,790.4,685.9,1009.5
GENE-14542,NO,1.3,1.7,1,0.601,-0.7,2,-0.37,7.1e-01,1.0e+00,0.9999,4795,3,2,0,0,3,0
GENE-14546,NO,287,313.9,260,0.828,-0.3,0.44,-0.62,5.4e-01,1.0e+00,0.9999,4796,174.6,442.9,324.3,157.5,218.4,404.2
GENE-14547,NO,1094.6,1123,1066.1,0.949,-0.1,0.47,-0.16,8.7e-01,1.0e+00,0.9999,4797,1316.2,930.2,1122.7,1607.5,350.4,1240.4
GENE-14549,NO,13.2,21.5,5,0.231,-2.1,1.23,-1.71,8.6e-02,1.0e+00,0.9999,4798,0,4,60.5,4,5,6
GENE-14550,NO,0.7,0.7,0.7,1.004,0,2.48,0,1.0e+00,1.0e+00,0.9999,4799,0,2,0,1,0,1
GENE-14553,NO,612.2,594.8,629.7,1.059,0.1,0.22,0.37,7.1e-01,1.0e+00,0.9999,4800,502.9,594.1,687.3,676.5,670.1,542.6
GENE-14555,NO,1502.7,1577,1428.4,0.906,-0.1,0.25,-0.57,5.7e-01,1.0e+00,0.9999,4801,1696,1752.7,1282.4,1375.7,1159.5,1750.1
GENE-14559,NO,314.2,320.3,308.2,0.962,-0.1,0.26,-0.21,8.3e-01,1.0e+00,0.9999,4802,259.9,344,357,249.6,381.2,293.7
GENE-14560,NO,0.7,0.7,0.7,1.003,0,2.22,0,1.0e+00,1.0e+00,0.9999,4803,0,1,1,1,0,1
GENE-14563,NO,1.8,2.3,1.3,0.572,-0.8,1.31,-0.62,5.4e-01,1.0e+00,0.9999,4804,2,2,3,2,1,1
GENE-14564,NO,14.4,11.2,17.5,1.562,0.6,0.64,1.01,3.1e-01,1.0e+00,0.9999,4805,3,14.8,15.9,21.8,17.9,12.9
GENE-14568,NO,226,245.8,206.2,0.839,-0.3,0.26,-0.99,3.2e-01,1.0e+00,0.9999,4806,233.1,192.8,311.4,203,210.4,205.1
GENE-14571,NO,0.8,0.3,1.3,3.731,1.9,2.06,0.92,3.6e-01,1.0e+00,0.9999,4807,0,0,1,1,1,2
GENE-14574,NO,20,19.5,20.5,1.053,0.1,0.44,0.17,8.7e-01,1.0e+00,0.9999,4808,22.8,18.8,16.9,24.8,18.9,17.9
GENE-14578,NO,41,50.2,31.8,0.633,-0.7,0.41,-1.63,1.0e-01,1.0e+00,0.9999,4809,40.7,51.4,58.5,38.6,17.9,38.8
GENE-14579,NO,32.1,34.3,29.8,0.867,-0.2,0.39,-0.53,6.0e-01,1.0e+00,0.9999,4810,38.7,33.6,30.7,20.8,36.7,31.9
GENE-14581,NO,24.8,29.1,20.5,0.706,-0.5,0.53,-0.95,3.4e-01,1.0e+00,0.9999,4811,22.8,25.7,38.7,32.7,8.9,19.9
GENE-14582,NO,30.7,27.1,34.4,1.271,0.3,0.42,0.82,4.1e-01,1.0e+00,0.9999,4812,36.7,27.7,16.9,37.6,37.7,27.9
GENE-14583,NO,50.2,46.2,54.3,1.173,0.2,0.4,0.58,5.6e-01,1.0e+00,0.9999,4813,45.6,46.5,46.6,73.3,60.6,28.9
GENE-14585,NO,5.3,5,5.6,1.136,0.2,0.9,0.2,8.4e-01,1.0e+00,0.9999,4814,3,3,8.9,3,9.9,4
GENE-14588,NO,19.3,14.9,23.8,1.603,0.7,0.5,1.37,1.7e-01,1.0e+00,0.9999,4815,18.8,7.9,17.9,28.7,19.9,22.9
GENE-14589,NO,27.4,27.1,27.8,1.027,0,0.4,0.09,9.3e-01,1.0e+00,0.9999,4816,26.8,20.8,33.7,22.8,27.8,32.9
GENE-14590,NO,408.8,395.7,422,1.066,0.1,0.22,0.43,6.7e-01,1.0e+00,0.9999,4817,467.2,350.9,368.9,427.9,449.7,388.3
GENE-14595,NO,313.9,367.4,260.4,0.709,-0.5,0.59,-0.85,4.0e-01,1.0e+00,0.9999,4818,439.4,189.8,473.1,526.9,162.8,91.6
GENE-14598,NO,1,1,1,1,0,2.2,0,1.0e+00,1.0e+00,0.9999,4819,2,1,0,3,0,0
GENE-14601,NO,1.3,2,0.7,0.334,-1.6,1.67,-0.95,3.4e-01,1.0e+00,0.9999,4820,2,1,3,1,0,1
GENE-14605,NO,3.8,4,3.7,0.919,-0.1,1.08,-0.11,9.1e-01,1.0e+00,0.9999,4821,5,3,4,0,5,6
GENE-14609,NO,1060,1106,1013.9,0.917,-0.1,0.2,-0.64,5.2e-01,1.0e+00,0.9999,4822,1004.7,1070.6,1242.7,1089.5,1046.3,905.9
GENE-14610,NO,0.7,0.3,1,2.796,1.5,2.44,0.61,5.4e-01,1.0e+00,0.9999,4823,1,0,0,2,0,1
GENE-14612,NO,88.8,85.5,92,1.075,0.1,0.3,0.34,7.3e-01,1.0e+00,0.9999,4824,95.2,81.1,80.3,109.9,101.3,64.7
GENE-14613,NO,44.3,42.9,45.7,1.064,0.1,0.31,0.28,7.8e-01,1.0e+00,0.9999,4825,38.7,48.4,41.7,46.6,43.7,46.8
GENE-14614,NO,4.3,6.3,2.3,0.369,-1.4,1.02,-1.41,1.6e-01,1.0e+00,0.9999,4826,5,4,9.9,1,1,5
GENE-14617,NO,4.1,3.7,4.7,1.275,0.4,1.05,0.33,7.4e-01,1.0e+00,0.9999,4827,6,0,5,3,5,6
GENE-14624,NO,1,1.3,0.7,0.501,-1,2.59,-0.38,7.0e-01,1.0e+00,0.9999,4828,0,4,0,2,0,0
GENE-14627,NO,1547,1599.8,1494.1,0.934,-0.1,0.21,-0.47,6.4e-01,1.0e+00,0.9999,4829,1496.7,1759.6,1543.2,1266.8,1739.2,1476.4
GENE-14637,YES,0.7,1.3,0,0.138,-2.9,2.71,-1.05,2.9e-01,1.0e+00,0.9999,4830,2,2,0,0,0,0
GENE-14638,NO,107.4,106,108.9,1.027,0,0.25,0.15,8.8e-01,1.0e+00,0.9999,4831,106.1,121.6,90.3,118.9,103.2,104.5
GENE-14643,NO,46.3,41.3,51.3,1.243,0.3,0.34,0.91,3.6e-01,1.0e+00,0.9999,4832,31.7,38.6,53.6,51.5,46.7,55.7
GENE-14645,NO,77.7,77.6,77.8,1.002,0,0.27,0.01,9.9e-01,1.0e+00,0.9999,4833,71.4,85,76.4,87.2,80.4,65.7
GENE-14647,NO,688.1,722.6,653.6,0.904,-0.1,0.19,-0.77,4.4e-01,1.0e+00,0.9999,4834,739.9,646.5,781.5,699.3,619.4,642.1
GENE-14648,NO,47.6,47.6,47.7,1.002,0,0.33,0.01,9.9e-01,1.0e+00,0.9999,4835,40.7,43.5,58.5,54.5,44.7,43.8
GENE-14649,NO,337.9,324.3,351.4,1.084,0.1,0.21,0.56,5.8e-01,1.0e+00,0.9999,4836,355.1,283.7,334.2,382.3,341.5,330.5
GENE-14652,NO,5,6.3,3.7,0.58,-0.8,0.84,-0.93,3.5e-01,1.0e+00,0.9999,4837,6,5.9,6.9,3,2,6
GENE-14653,NO,246.3,237.2,255.4,1.077,0.1,0.26,0.41,6.8e-01,1.0e+00,0.9999,4838,282.7,178.9,249.9,291.2,240.2,234.9
GENE-14673,NO,2.8,1.7,4,2.405,1.3,1.17,1.08,2.8e-01,1.0e+00,0.9999,4839,3,1,1,2,6.9,3
GENE-14675,NO,200.2,199.8,200.5,1.004,0,0.24,0.02,9.8e-01,1.0e+00,0.9999,4840,237,157.2,205.3,205,197.5,199.1
GENE-14679,NO,11.4,8.6,14.2,1.657,0.7,0.56,1.31,1.9e-01,1.0e+00,0.9999,4841,7.9,9.9,7.9,16.8,12.9,12.9
GENE-14683,NO,4.1,3.3,5,1.504,0.6,0.9,0.66,5.1e-01,1.0e+00,0.9999,4842,3,4.9,2,5.9,4,5
GENE-14688,NO,2,2,2,1.002,0,1.26,0,1.0e+00,1.0e+00,0.9999,4843,1,2,3,3,2,1
GENE-14689,NO,1.8,2,1.7,0.835,-0.3,1.64,-0.16,8.7e-01,1.0e+00,0.9999,4844,0,4,2,1,4,0
GENE-14691,NO,77.5,65.4,89.7,1.371,0.5,0.32,1.44,1.5e-01,1.0e+00,0.9999,4845,73.4,60.3,62.5,88.1,115.2,65.7
GENE-14693,NO,348.8,337.8,359.8,1.065,0.1,0.19,0.48,6.3e-01,1.0e+00,0.9999,4846,345.2,334.1,334.2,356.6,334.5,388.3
GENE-14699,NO,6523.4,6625.2,6421.7,0.969,0,0.16,-0.28,7.8e-01,1.0e+00,0.9999,4847,6646.3,6756.9,6472.5,6872.7,6259.9,6132.4
GENE-14703,NO,76.7,81.9,71.5,0.873,-0.2,0.3,-0.66,5.1e-01,1.0e+00,0.9999,4848,95.2,70.2,80.3,62.4,64.5,87.6
GENE-14709,NO,3355.7,3169,3542.4,1.118,0.2,0.27,0.6,5.5e-01,1.0e+00,0.9999,4849,3378.2,3521.3,2607.4,3779.5,4309.2,2538.6
GENE-14712,NO,2.3,2,2.7,1.337,0.4,1.2,0.35,7.3e-01,1.0e+00,0.9999,4850,1,3,2,1,3,4
GENE-14719,NO,20.5,23.1,17.9,0.773,-0.4,0.45,-0.83,4.1e-01,1.0e+00,0.9999,4851,18.8,30.6,19.8,15.8,17.9,19.9
GENE-14720,NO,170.1,160.5,179.7,1.12,0.2,0.23,0.72,4.7e-01,1.0e+00,0.9999,4852,139.8,171,170.6,166.4,193.6,179.2
GENE-14726,NO,39,40,38.1,0.952,-0.1,0.41,-0.17,8.6e-01,1.0e+00,0.9999,4853,41.7,30.6,47.6,32.7,54.6,26.9
GENE-14731,NO,93.9,77.6,110.1,1.42,0.5,0.36,1.4,1.6e-01,1.0e+00,0.9999,4854,86.3,96.9,49.6,142.6,105.2,82.6
GENE-14732,NO,9.6,8.9,10.3,1.15,0.2,0.66,0.31,7.6e-01,1.0e+00,0.9999,4855,8.9,6.9,10.9,15.8,5,10
GENE-14742,NO,191.6,153.6,229.5,1.494,0.6,0.51,1.14,2.5e-01,1.0e+00,0.9999,4856,278.7,93.9,88.3,144.6,189.6,354.4
GENE-14743,NO,65.1,58.1,72.2,1.242,0.3,0.47,0.66,5.1e-01,1.0e+00,0.9999,4857,69.4,82.1,22.8,53.5,87.4,75.7
GENE-14748,NO,169.2,156.9,181.6,1.158,0.2,0.25,0.84,4.0e-01,1.0e+00,0.9999,4858,149.8,181.9,138.9,192.1,203.5,149.3
GENE-14752,NO,583.9,584,583.8,1,0,0.22,0,1.0e+00,1.0e+00,0.9999,4859,604,489.3,658.6,571.5,661.1,518.7
GENE-14755,NO,63.3,67.7,58.9,0.87,-0.2,0.31,-0.65,5.2e-01,1.0e+00,0.9999,4860,85.3,64.3,53.6,61.4,57.6,57.7
GENE-14758,NO,0.8,1,0.7,0.668,-0.6,1.91,-0.3,7.6e-01,1.0e+00,0.9999,4861,1,1,1,1,0,1
GENE-14761,NO,276.2,287.3,265,0.922,-0.1,0.25,-0.47,6.4e-01,1.0e+00,0.9999,4862,250.9,261,350.1,311,242.2,241.9
GENE-14769,NO,180.5,175.3,185.7,1.059,0.1,0.21,0.39,7.0e-01,1.0e+00,0.9999,4863,176.5,181.9,167.6,186.2,168.8,202.1
GENE-14772,NO,1850.3,1778.5,1922,1.081,0.1,0.25,0.46,6.5e-01,1.0e+00,0.9999,4864,1665.3,1917.8,1752.5,1645.1,1624,2496.8
GENE-14781,NO,5.9,7.6,4.3,0.567,-0.8,0.88,-0.93,3.5e-01,1.0e+00,0.9999,4865,6,12.9,4,2,3,8
GENE-14792,NO,673.9,647.8,700.1,1.081,0.1,0.32,0.35,7.2e-01,1.0e+00,0.9999,4866,720.1,787.9,435.4,780.5,819,500.7
GENE-14793,NO,19.3,19.2,19.5,1.02,0,0.47,0.06,9.5e-01,1.0e+00,0.9999,4867,22.8,17.8,16.9,12.9,22.8,22.9
GENE-14796,NO,55.7,53.5,57.9,1.082,0.1,0.31,0.37,7.1e-01,1.0e+00,0.9999,4868,54.6,46.5,59.5,53.5,68.5,51.8
GENE-14799,NO,24.8,23.5,26.2,1.115,0.2,0.53,0.3,7.7e-01,1.0e+00,0.9999,4869,28.8,16.8,24.8,11.9,41.7,24.9
GENE-14801,NO,88.8,76.3,101.3,1.327,0.4,0.44,0.93,3.5e-01,1.0e+00,0.9999,4870,126,39.5,63.5,82.2,128.1,93.6
GENE-14802,NO,22,23.8,20.2,0.849,-0.2,0.44,-0.54,5.9e-01,1.0e+00,0.9999,4871,24.8,21.7,24.8,15.8,27.8,16.9
GENE-14808,NO,1225.7,1259.8,1191.6,0.946,-0.1,0.24,-0.34,7.3e-01,1.0e+00,0.9999,4872,1512.5,1268.3,998.7,1359.9,1119.7,1095.1
GENE-14812,NO,12.7,13.2,12.2,0.927,-0.1,0.57,-0.19,8.5e-01,1.0e+00,0.9999,4873,13.9,16.8,8.9,16.8,11.9,8
GENE-14822,NO,223.7,214,233.3,1.09,0.1,0.2,0.61,5.4e-01,1.0e+00,0.9999,4874,193.4,229.3,219.2,228.8,232.3,238.9
GENE-14823,NO,228.8,210,247.5,1.179,0.2,0.23,1.03,3.0e-01,1.0e+00,0.9999,4875,237,219.5,173.6,268.4,245.2,229
GENE-14827,NO,128.2,127.4,129.1,1.013,0,0.27,0.07,9.5e-01,1.0e+00,0.9999,4876,106.1,162.1,114.1,133.7,137,116.5
GENE-14831,NO,1.5,1.3,1.7,1.252,0.3,1.5,0.22,8.3e-01,1.0e+00,0.9999,4877,2,0,2,2,2,1
GENE-14834,NO,11.7,9.9,13.6,1.37,0.5,0.55,0.82,4.1e-01,1.0e+00,0.9999,4878,6.9,12.9,9.9,12.9,13.9,13.9
GENE-14840,NO,6.1,6,6.3,1.058,0.1,0.81,0.1,9.2e-01,1.0e+00,0.9999,4879,4,3,10.9,5,6,8
GENE-14842,NO,313,301.2,324.8,1.078,0.1,1.25,0.09,9.3e-01,1.0e+00,0.9999,4880,54.6,582.3,266.8,233.7,700.8,39.8
GENE-14853,NO,0.8,0,1.7,9.072,3.2,2.53,1.26,2.1e-01,1.0e+00,0.9999,4881,0,0,0,2,3,0
GENE-14858,NO,362.2,337.5,386.9,1.146,0.2,0.21,0.96,3.4e-01,1.0e+00,0.9999,4882,322.3,302.5,387.8,375.4,409,376.3
GENE-14859,NO,13.9,13.2,14.5,1.103,0.1,0.57,0.25,8.1e-01,1.0e+00,0.9999,4883,12.9,17.8,8.9,15.8,7.9,19.9
GENE-14861,NO,18.8,20.8,16.9,0.811,-0.3,0.44,-0.68,5.0e-01,1.0e+00,0.9999,4884,16.9,23.7,21.8,17.8,15.9,16.9
GENE-14863,NO,257.4,240.1,274.7,1.144,0.2,0.27,0.73,4.7e-01,1.0e+00,0.9999,4885,255.9,179.9,284.6,315,235.3,273.8
GENE-14867,NO,5.6,5.9,5.3,0.891,-0.2,0.79,-0.21,8.3e-01,1.0e+00,0.9999,4886,6.9,6.9,4,7.9,3,5
GENE-14870,NO,4.3,4.3,4.3,1.003,0,0.9,0,1.0e+00,1.0e+00,0.9999,4887,3,5.9,4,5,2,6
GENE-14871,NO,35.4,36.7,34.1,0.929,-0.1,0.52,-0.2,8.4e-01,1.0e+00,0.9999,4888,24.8,38.6,46.6,59.4,18.9,23.9
GENE-14880,NO,16.9,18.8,14.9,0.791,-0.3,0.5,-0.68,5.0e-01,1.0e+00,0.9999,4889,23.8,20.8,11.9,16.8,11.9,15.9
GENE-14882,NO,429.9,499,360.8,0.723,-0.5,0.28,-1.68,9.2e-02,1.0e+00,0.9999,4890,370,519,608,308,334.5,440
GENE-14893,NO,11.1,8.2,13.9,1.682,0.8,0.64,1.18,2.4e-01,1.0e+00,0.9999,4891,9.9,7.9,6.9,21.8,12.9,7
GENE-14897,NO,99.3,89.1,109.5,1.228,0.3,0.48,0.61,5.4e-01,1.0e+00,0.9999,4892,34.7,124.6,108.1,134.7,126.1,67.7
GENE-14899,NO,105.3,100.4,110.2,1.097,0.1,0.37,0.37,7.1e-01,1.0e+00,0.9999,4893,127,98.9,75.4,157.5,75.4,97.6
GENE-14903,NO,0.7,0.7,0.7,1.003,0,2.22,0,1.0e+00,1.0e+00,0.9999,4894,1,1,0,0,1,1
GENE-14908,NO,88.1,84.9,91.4,1.076,0.1,0.26,0.4,6.9e-01,1.0e+00,0.9999,4895,92.2,82.1,80.3,77.3,101.3,95.6
GENE-14909,NO,239.1,221.9,256.3,1.155,0.2,0.33,0.62,5.3e-01,1.0e+00,0.9999,4896,240,241.2,184.5,158.5,256.1,354.4
GENE-14911,NO,12.7,15.8,9.6,0.605,-0.7,0.54,-1.35,1.8e-01,1.0e+00,0.9999,4897,14.9,13.8,18.8,11.9,8.9,8
GENE-14922,NO,2.8,2,3.7,1.837,0.9,1.2,0.73,4.7e-01,1.0e+00,0.9999,4898,4,0,2,2,4,5
GENE-14937,NO,30.7,32.1,29.4,0.92,-0.1,0.38,-0.32,7.5e-01,1.0e+00,0.9999,4899,39.7,29.7,26.8,28.7,25.8,33.8
GENE-14940,NO,14.4,16.2,12.6,0.778,-0.4,0.54,-0.67,5.0e-01,1.0e+00,0.9999,4900,12.9,24.7,10.9,12.9,11.9,12.9
GENE-14942,NO,16.7,19.8,13.6,0.685,-0.5,0.51,-1.07,2.8e-01,1.0e+00,0.9999,4901,11.9,25.7,21.8,11.9,12.9,15.9
GENE-14944,NO,21.7,22.8,20.5,0.9,-0.2,0.46,-0.33,7.4e-01,1.0e+00,0.9999,4902,32.7,18.8,16.9,19.8,17.9,23.9
GENE-14945,NO,884,931.5,836.6,0.898,-0.2,0.27,-0.57,5.7e-01,1.0e+00,0.9999,4903,677.4,1072.6,1044.4,788.4,1006.6,714.8
GENE-14946,NO,307.6,325.6,289.6,0.889,-0.2,0.19,-0.87,3.9e-01,1.0e+00,0.9999,4904,292.6,347,337.2,289.2,287.9,291.7
GENE-14947,NO,4.3,4.6,4,0.86,-0.2,1.01,-0.22,8.3e-01,1.0e+00,0.9999,4905,1,8.9,4,4,2,6
GENE-14951,NO,6.4,4.6,8.3,1.79,0.8,0.77,1.09,2.7e-01,1.0e+00,0.9999,4906,2,5.9,6,7.9,6,11
GENE-14952,NO,182.4,208.1,156.6,0.752,-0.4,0.34,-1.2,2.3e-01,1.0e+00,0.9999,4907,289.6,135.4,199.4,121.8,165.8,182.2
GENE-14957,NO,89.1,93.1,85.1,0.913,-0.1,0.29,-0.45,6.5e-01,1.0e+00,0.9999,4908,87.3,91.9,100.2,94.1,62.5,98.6
GENE-14962,NO,115.5,106.7,124.4,1.166,0.2,0.3,0.73,4.7e-01,1.0e+00,0.9999,4909,80.3,107.8,131.9,121.8,150.9,100.5
GENE-14978,NO,6.9,6.3,7.6,1.213,0.3,0.77,0.36,7.2e-01,1.0e+00,0.9999,4910,6,3,9.9,5,11.9,6
GENE-14982,NO,9.8,11.2,8.3,0.736,-0.4,0.69,-0.64,5.2e-01,1.0e+00,0.9999,4911,9.9,4.9,18.8,10.9,7.9,6
GENE-14986,NO,8.4,7.9,8.9,1.128,0.2,0.64,0.27,7.9e-01,1.0e+00,0.9999,4912,8.9,8.9,6,6.9,8.9,11
GENE-14989,NO,7.9,6.6,9.3,1.402,0.5,0.7,0.7,4.9e-01,1.0e+00,0.9999,4913,10.9,4,5,11.9,7.9,8
GENE-14991,NO,66.3,63.1,69.5,1.102,0.1,0.31,0.45,6.6e-01,1.0e+00,0.9999,4914,73.4,69.2,46.6,63.4,80.4,64.7
GENE-14993,NO,146.1,142,150.2,1.058,0.1,0.26,0.32,7.5e-01,1.0e+00,0.9999,4915,160.7,139.4,126,164.4,164.8,121.5
GENE-14996,NO,36.7,38.3,35.1,0.915,-0.1,0.41,-0.31,7.5e-01,1.0e+00,0.9999,4916,26.8,35.6,52.6,44.6,31.8,28.9
GENE-14997,NO,48.6,47.2,50,1.059,0.1,0.43,0.19,8.5e-01,1.0e+00,0.9999,4917,41.7,72.2,27.8,62.4,39.7,47.8
GENE-15000,NO,515.1,467.4,562.9,1.204,0.3,1.06,0.25,8.0e-01,1.0e+00,0.9999,4918,636.8,672.2,93.2,1216.3,221.4,250.9
GENE-15003,NO,480.3,480.8,479.9,0.998,0,0.19,-0.01,9.9e-01,1.0e+00,0.9999,4919,434.4,515,492.9,521,464.6,454
GENE-15006,NO,8.9,9.9,8,0.801,-0.3,0.64,-0.5,6.2e-01,1.0e+00,0.9999,4920,7.9,10.9,10.9,11.9,6,6
GENE-15015,NO,10.4,10.2,10.6,1.034,0,0.65,0.07,9.4e-01,1.0e+00,0.9999,4921,7.9,5.9,16.9,13.9,6.9,11
GENE-15016,NO,4.3,3,5.6,1.892,0.9,1.04,0.89,3.8e-01,1.0e+00,0.9999,4922,4,0,5,3,7.9,6
GENE-15029,NO,55.3,53.8,56.6,1.053,0.1,0.6,0.12,9.0e-01,1.0e+00,0.9999,4923,79.3,49.4,32.7,16.8,49.6,103.5
GENE-15030,NO,3.3,3,3.6,1.224,0.3,1.07,0.27,7.8e-01,1.0e+00,0.9999,4924,2,3,4,6.9,1,3
GENE-15032,NO,747.5,818.1,676.8,0.827,-0.3,0.28,-0.96,3.4e-01,1.0e+00,0.9999,4925,884.7,740.4,829.1,803.2,785.2,442
GENE-15034,NO,225.1,231.5,218.7,0.945,-0.1,0.22,-0.38,7.0e-01,1.0e+00,0.9999,4926,209.3,247.1,238,225.8,236.3,194.1
GENE-15035,NO,5.3,4,6.6,1.671,0.7,0.87,0.85,4.0e-01,1.0e+00,0.9999,4927,5,4.9,2,5.9,3,11
GENE-15043,NO,9.1,8.3,9.9,1.202,0.3,0.68,0.39,6.9e-01,1.0e+00,0.9999,4928,8.9,9.9,6,8.9,15.9,5
GENE-15047,NO,118.7,115.3,122.1,1.06,0.1,0.24,0.35,7.3e-01,1.0e+00,0.9999,4929,118,106.8,121,113.9,136,116.5
GENE-15048,NO,8.3,7.3,9.3,1.275,0.4,0.7,0.5,6.2e-01,1.0e+00,0.9999,4930,5,4.9,11.9,6.9,12.9,8
GENE-15055,NO,98.5,94.4,102.6,1.086,0.1,0.25,0.49,6.3e-01,1.0e+00,0.9999,4931,84.3,101.8,97.2,97.1,104.2,106.5
GENE-15058,NO,2.6,2.7,2.7,1.002,0,1.11,0,1.0e+00,1.0e+00,0.9999,4932,1,3,4,3,3,2
GENE-15060,NO,2.8,2,3.7,1.838,0.9,1.1,0.8,4.3e-01,1.0e+00,0.9999,4933,1,3,2,5,2,4
GENE-15061,NO,4,3.3,4.7,1.403,0.5,0.91,0.54,5.9e-01,1.0e+00,0.9999,4934,5,3,2,5,4,5
GENE-15069,NO,1,1.7,0.3,0.215,-2.2,1.94,-1.14,2.5e-01,1.0e+00,0.9999,4935,2,1,2,0,0,1
GENE-15072,NO,977.5,1050.3,904.7,0.861,-0.2,0.23,-0.95,3.4e-01,1.0e+00,0.9999,4936,1040.4,940.1,1170.3,719.1,1003.6,991.5
GENE-15075,NO,2.3,1.3,3.3,2.503,1.3,1.28,1.04,3.0e-01,1.0e+00,0.9999,4937,2,0,2,4,4,2
GENE-15076,NO,18.7,17.5,19.8,1.134,0.2,0.46,0.39,6.9e-01,1.0e+00,0.9999,4938,16.9,16.8,18.8,26.7,15.9,16.9
GENE-15077,NO,8.3,8.6,8,0.925,-0.1,0.67,-0.17,8.7e-01,1.0e+00,0.9999,4939,7.9,5.9,11.9,7.9,5,11
GENE-15080,NO,315.1,320.6,309.6,0.966,-0.1,0.32,-0.16,8.8e-01,1.0e+00,0.9999,4940,357.1,400.4,204.3,249.6,295.8,383.3
GENE-15081,NO,21347.1,18446.3,24247.9,1.315,0.4,0.3,1.31,1.9e-01,1.0e+00,0.9999,4941,17707.2,25500.1,12131.7,24125.2,26736,21882.5
GENE-15082,NO,1374.3,1346.8,1401.8,1.041,0.1,0.23,0.25,8.1e-01,1.0e+00,0.9999,4942,1286.4,1254.5,1499.6,1226.2,1219,1760.1
GENE-15084,NO,373.2,323.7,422.7,1.306,0.4,2.14,0.18,8.6e-01,1.0e+00,0.9999,4943,0,891.7,79.3,118.9,617.5,531.6
GENE-15086,NO,737.5,770.2,704.9,0.915,-0.1,0.17,-0.76,4.5e-01,1.0e+00,0.9999,4944,782.6,730.6,797.4,730.9,686.9,696.9
GENE-15093,NO,19.8,28.4,11.3,0.396,-1.3,0.76,-1.75,8.1e-02,1.0e+00,0.9999,4945,7.9,38.6,38.7,4,22.8,7
GENE-15097,NO,631,692.5,569.4,0.822,-0.3,0.42,-0.67,5.1e-01,1.0e+00,0.9999,4946,773.6,672.2,631.8,250.6,933.1,524.6
GENE-15099,NO,4.1,5.3,3,0.564,-0.8,1.04,-0.8,4.3e-01,1.0e+00,0.9999,4947,2,3,10.9,2,2,5
GENE-15100,NO,59.3,64.1,54.6,0.852,-0.2,0.29,-0.79,4.3e-01,1.0e+00,0.9999,4948,61.5,66.2,64.5,62.4,54.6,46.8
GENE-15101,NO,698.4,673.2,723.6,1.075,0.1,0.29,0.36,7.2e-01,1.0e+00,0.9999,4949,688.3,769.1,562.3,731.9,938.1,500.7
GENE-15103,NO,268,244.1,291.9,1.196,0.3,0.21,1.25,2.1e-01,1.0e+00,0.9999,4950,235.1,244.2,252.9,255.5,315.7,304.6
GENE-15109,NO,774.8,779.2,770.5,0.989,0,0.21,-0.08,9.4e-01,1.0e+00,0.9999,4951,790.5,641.6,905.5,777.5,753.4,780.5
GENE-15110,NO,1154.6,1236.3,1072.9,0.868,-0.2,0.22,-0.93,3.5e-01,1.0e+00,0.9999,4952,1309.2,1047.9,1351.8,1179.6,893.4,1145.8
GENE-15112,NO,635.4,647.3,623.5,0.963,-0.1,0.19,-0.29,7.7e-01,1.0e+00,0.9999,4953,714.1,635.6,592.1,657.7,620.4,592.3
GENE-15113,NO,432.9,409.9,455.8,1.112,0.2,0.27,0.56,5.7e-01,1.0e+00,0.9999,4954,442.4,327.2,460.2,337.7,539,490.8
GENE-15117,NO,5.5,5.6,5.3,0.943,-0.1,0.78,-0.11,9.1e-01,1.0e+00,0.9999,4955,5,4,7.9,5.9,5,5
GENE-15121,NO,683.2,789.6,576.9,0.731,-0.5,0.34,-1.33,1.8e-01,1.0e+00,0.9999,4956,739.9,1136.9,491.9,473.4,685.9,571.4
GENE-15122,NO,64.8,61.1,68.5,1.121,0.2,0.29,0.56,5.7e-01,1.0e+00,0.9999,4957,61.5,62.3,59.5,55.5,81.4,68.7
GENE-15123,NO,7.6,6.9,8.3,1.192,0.3,0.77,0.33,7.4e-01,1.0e+00,0.9999,4958,10.9,4.9,5,8.9,12.9,3
GENE-15125,NO,3.8,2.3,5.3,2.291,1.2,0.94,1.27,2.0e-01,1.0e+00,0.9999,4959,2,3,2,5,5,6
GENE-15127,NO,366.6,369.9,363.4,0.983,0,0.2,-0.12,9.0e-01,1.0e+00,0.9999,4960,341.2,376.6,391.8,322.9,405,362.4
GENE-15131,NO,1266.5,1368.2,1164.9,0.851,-0.2,0.18,-1.29,2.0e-01,1.0e+00,0.9999,4961,1432.2,1332.6,1339.9,1041,1181.3,1272.3
GENE-15132,NO,71.7,68.4,75.1,1.099,0.1,0.3,0.45,6.5e-01,1.0e+00,0.9999,4962,54.6,68.2,82.3,74.3,85.4,65.7
GENE-15138,NO,1,1,1,1.003,0,1.78,0,1.0e+00,1.0e+00,0.9999,4963,1,1,1,0,2,1
GENE-15151,NO,860.8,811.3,910.2,1.122,0.2,0.39,0.43,6.7e-01,1.0e+00,0.9999,4964,1054.3,889.7,489.9,1205.4,996.7,528.6
GENE-15153,NO,86.6,88.2,85.1,0.965,-0.1,0.28,-0.19,8.5e-01,1.0e+00,0.9999,4965,78.4,91.9,94.2,68.3,89.3,97.6
GENE-15156,NO,211.2,213.3,209.1,0.98,0,0.23,-0.13,9.0e-01,1.0e+00,0.9999,4966,240,194.7,205.3,238.7,195.6,193.1
GENE-15158,NO,5,5.3,4.6,0.877,-0.2,0.83,-0.23,8.2e-01,1.0e+00,0.9999,4967,5,6.9,4,6.9,3,4
GENE-15165,NO,11.9,10.2,13.5,1.325,0.4,0.56,0.73,4.7e-01,1.0e+00,0.9999,4968,6.9,12.9,10.9,16.8,11.9,11.9
GENE-15166,NO,48.3,56.2,40.4,0.719,-0.5,0.39,-1.21,2.2e-01,1.0e+00,0.9999,4969,41.7,63.3,63.5,52.5,24.8,43.8
GENE-15170,NO,10.9,10.2,11.6,1.131,0.2,0.62,0.29,7.7e-01,1.0e+00,0.9999,4970,8.9,6.9,14.9,16.8,7.9,10
GENE-15171,NO,167.4,158.1,176.7,1.117,0.2,0.36,0.45,6.5e-01,1.0e+00,0.9999,4971,99.2,214.5,160.7,227.8,133,169.2
GENE-15172,NO,31.6,32.1,31.1,0.971,0,0.52,-0.08,9.3e-01,1.0e+00,0.9999,4972,50.6,29.7,15.9,34.7,18.9,39.8
GENE-15174,NO,8.6,9.6,7.6,0.795,-0.3,0.72,-0.46,6.4e-01,1.0e+00,0.9999,4973,13.9,4,10.9,5,6.9,11
GENE-15178,NO,4.3,4,4.6,1.168,0.2,1.04,0.22,8.3e-01,1.0e+00,0.9999,4974,6,1,5,5,7.9,1
GENE-15180,NO,173.6,153.6,193.7,1.261,0.3,0.23,1.46,1.4e-01,1.0e+00,0.9999,4975,150.8,155.2,154.7,172.3,182.7,226
GENE-15191,NO,21.2,26.8,15.6,0.581,-0.8,0.48,-1.63,1.0e-01,1.0e+00,0.9999,4976,24.8,17.8,37.7,14.9,12.9,18.9
GENE-15193,NO,9.6,10.2,8.9,0.873,-0.2,0.65,-0.3,7.6e-01,1.0e+00,0.9999,4977,10.9,11.9,7.9,5.9,14.9,6
GENE-15200,NO,736.6,681.6,791.5,1.161,0.2,0.26,0.82,4.1e-01,1.0e+00,0.9999,4978,812.3,674.2,558.4,806.2,955,613.2
GENE-15201,NO,81.2,90.5,71.8,0.793,-0.3,0.33,-1.01,3.1e-01,1.0e+00,0.9999,4979,109.1,78.1,84.3,65.4,96.3,53.8
GENE-15202,NO,5130.7,4796.6,5464.8,1.139,0.2,0.2,0.94,3.4e-01,1.0e+00,0.9999,4980,5297.4,5012,4080.3,5149.3,6053.4,5191.6
GENE-15206,NO,125.8,141,110.5,0.784,-0.4,0.5,-0.7,4.9e-01,1.0e+00,0.9999,4981,51.6,178.9,192.4,81.2,166.8,83.6
GENE-15209,NO,332.9,319,346.8,1.087,0.1,0.21,0.58,5.6e-01,1.0e+00,0.9999,4982,271.8,355.9,329.3,361.5,335.5,343.5
GENE-15212,NO,226.5,221.6,231.3,1.044,0.1,0.2,0.3,7.6e-01,1.0e+00,0.9999,4983,236.1,205.6,223.2,241.7,236.3,216
GENE-15213,NO,55.9,59.8,52,0.869,-0.2,0.3,-0.66,5.1e-01,1.0e+00,0.9999,4984,63.5,56.3,59.5,62.4,43.7,49.8
GENE-15214,NO,44.3,46.6,42,0.903,-0.1,0.33,-0.45,6.5e-01,1.0e+00,0.9999,4985,41.7,41.5,56.5,37.6,43.7,44.8
GENE-15216,NO,3.8,2.7,5,1.878,0.9,1.04,0.87,3.8e-01,1.0e+00,0.9999,4986,2,1,5,7.9,2,5
GENE-15218,NO,787.1,744.7,829.4,1.114,0.2,0.21,0.73,4.6e-01,1.0e+00,0.9999,4987,630.8,710.8,892.6,820.1,816,852.2
GENE-15221,NO,52.9,45.6,60.2,1.322,0.4,0.38,1.06,2.9e-01,1.0e+00,0.9999,4988,25.8,50.4,60.5,63.4,53.6,63.7
GENE-15227,NO,289,303.9,274.1,0.902,-0.1,0.22,-0.69,4.9e-01,1.0e+00,0.9999,4989,320.4,252.1,339.2,274.4,271,276.8
GENE-15228,NO,1,1.3,0.7,0.502,-1,2.21,-0.45,6.5e-01,1.0e+00,0.9999,4990,1,3,0,0,2,0
GENE-15232,NO,0.8,0.7,1,1.502,0.6,2.07,0.28,7.8e-01,1.0e+00,0.9999,4991,2,0,0,1,1,1
GENE-15233,NO,71.9,72,71.8,0.998,0,0.28,-0.01,9.9e-01,1.0e+00,0.9999,4992,70.4,79.1,66.5,59.4,76.4,79.6
GENE-15236,NO,7.4,8.6,6.3,0.733,-0.4,0.72,-0.63,5.3e-01,1.0e+00,0.9999,4993,10.9,8.9,6,3,8.9,7
GENE-15245,NO,447.1,305.7,588.5,1.925,0.9,1.01,0.94,3.5e-01,1.0e+00,0.9999,4994,61.5,371.7,484,456.6,1123.7,185.2
GENE-15248,NO,129.1,139.7,118.5,0.848,-0.2,0.25,-0.95,3.4e-01,1.0e+00,0.9999,4995,161.7,139.4,118,108.9,116.1,130.4
GENE-15249,NO,768.7,780.7,756.8,0.969,0,0.19,-0.24,8.1e-01,1.0e+00,0.9999,4996,811.3,813.6,717.1,811.2,782.2,677
GENE-15251,NO,5,6.3,3.6,0.58,-0.8,0.98,-0.8,4.2e-01,1.0e+00,0.9999,4997,8.9,6.9,3,7.9,1,2
GENE-15260,NO,33.7,39.3,28.1,0.715,-0.5,0.56,-0.86,3.9e-01,1.0e+00,0.9999,4998,50.6,34.6,32.7,48.5,8.9,26.9
GENE-15261,NO,269.2,255.3,283.1,1.109,0.1,0.24,0.63,5.3e-01,1.0e+00,0.9999,4999,267.8,230.3,267.8,239.7,268,341.5
GENE-15262,NO,112.5,118.9,106.2,0.893,-0.2,0.27,-0.6,5.5e-01,1.0e+00,0.9999,5000,118,132.5,106.1,123.8,111.2,83.6
GENE-15270,NO,3.5,3.6,3.3,0.912,-0.1,1.19,-0.11,9.1e-01,1.0e+00,0.9999,5001,5,4.9,1,4,0,6
GENE-15271,NO,72.4,79.6,65.2,0.819,-0.3,0.28,-1.01,3.1e-01,1.0e+00,0.9999,5002,87.3,85,66.5,65.4,57.6,72.7
GENE-15279,NO,96.7,94.1,99.3,1.055,0.1,0.32,0.24,8.1e-01,1.0e+00,0.9999,5003,76.4,124.6,81.3,103,78.4,116.5
GENE-15282,NO,157.2,135.6,178.8,1.318,0.4,0.41,0.96,3.3e-01,1.0e+00,0.9999,5004,144.8,194.7,67.4,123.8,209.5,203.1
GENE-15284,NO,56.9,56.4,57.2,1.014,0,0.29,0.07,9.5e-01,1.0e+00,0.9999,5005,55.5,59.3,54.5,63.4,52.6,55.7
GENE-15285,NO,79.7,68.7,90.7,1.321,0.4,0.29,1.4,1.6e-01,1.0e+00,0.9999,5006,60.5,81.1,64.5,88.1,78.4,105.5
GENE-15288,NO,1.8,2,1.7,0.836,-0.3,1.3,-0.2,8.4e-01,1.0e+00,0.9999,5007,2,3,1,1,2,2
GENE-15299,NO,461.4,425,497.9,1.172,0.2,0.25,0.92,3.6e-01,1.0e+00,0.9999,5008,325.3,485.4,464.2,447.7,472.5,573.4
GENE-15301,NO,29.3,29.4,29.1,0.991,0,0.39,-0.03,9.7e-01,1.0e+00,0.9999,5009,38.7,26.7,22.8,27.7,29.8,29.9
GENE-15302,NO,25,28.1,21.8,0.778,-0.4,0.44,-0.82,4.1e-01,1.0e+00,0.9999,5010,21.8,24.7,37.7,28.7,18.9,17.9
GENE-15304,NO,5.6,7.6,3.7,0.479,-1.1,0.8,-1.32,1.9e-01,1.0e+00,0.9999,5011,10.9,6.9,5,4,3,4
GENE-15306,NO,29.3,28.1,30.5,1.085,0.1,0.42,0.28,7.8e-01,1.0e+00,0.9999,5012,23.8,37.6,22.8,21.8,31.8,37.8
GENE-15308,NO,1658.1,1705.6,1610.7,0.944,-0.1,0.17,-0.48,6.3e-01,1.0e+00,0.9999,5013,1574,1834.8,1707.9,1695.6,1594.3,1542.1
GENE-15309,NO,24.3,18.8,29.8,1.582,0.7,0.41,1.62,1.0e-01,1.0e+00,0.9999,5014,15.9,20.8,19.8,33.7,30.8,24.9
GENE-15310,NO,501.5,528.1,474.9,0.899,-0.2,0.3,-0.52,6.1e-01,1.0e+00,0.9999,5015,423.5,739.4,421.5,443.7,549.9,431.1
GENE-15313,NO,725.4,714.3,736.4,1.031,0,0.18,0.25,8.0e-01,1.0e+00,0.9999,5016,712.1,679.1,751.8,702.2,713.7,793.4
GENE-15316,NO,374.4,401.6,347.2,0.865,-0.2,0.27,-0.78,4.4e-01,1.0e+00,0.9999,5017,482,405.3,317.4,368.4,269,404.2
GENE-15317,NO,140.8,85.8,195.8,2.281,1.2,0.7,1.7,8.8e-02,1.0e+00,0.9999,5018,126,118.6,12.9,354.6,94.3,138.4
GENE-15323,NO,70,66.1,73.8,1.118,0.2,0.34,0.47,6.4e-01,1.0e+00,0.9999,5019,68.4,47.5,82.3,55.5,76.4,89.6
GENE-15327,NO,75,75,75.1,1.002,0,0.27,0.01,9.9e-01,1.0e+00,0.9999,5020,75.4,78.1,71.4,78.2,65.5,81.6
GENE-15330,NO,15.5,16.8,14.2,0.845,-0.2,0.63,-0.39,7.0e-01,1.0e+00,0.9999,5021,10.9,23.7,15.9,22.8,14.9,5
GENE-15332,NO,19.8,17.8,21.8,1.225,0.3,0.44,0.66,5.1e-01,1.0e+00,0.9999,5022,12.9,18.8,21.8,22.8,21.8,20.9
GENE-15342,NO,983.2,1182.4,783.9,0.663,-0.6,1.1,-0.54,5.9e-01,1.0e+00,0.9999,5023,174.6,1042.9,2329.7,565.5,266,1520.2
GENE-15346,NO,3230.2,3028.4,3431.9,1.133,0.2,0.19,0.93,3.5e-01,1.0e+00,0.9999,5024,2949.7,2636.5,3499.1,3270.4,3511.1,3514.2
GENE-15351,NO,15.2,13.9,16.6,1.193,0.3,0.59,0.43,6.7e-01,1.0e+00,0.9999,5025,11.9,15.8,13.9,22.8,6,20.9
GENE-15352,NO,1326.8,1248.7,1405,1.125,0.2,0.2,0.84,4.0e-01,1.0e+00,0.9999,5026,1116.8,1233.7,1395.5,1258.9,1584.3,1371.8
GENE-15355,NO,166.1,183.2,148.9,0.813,-0.3,0.33,-0.9,3.7e-01,1.0e+00,0.9999,5027,128.9,270.9,149.8,144.6,145.9,156.3
GENE-15358,NO,1713.6,1830.1,1597.2,0.873,-0.2,0.19,-1.02,3.1e-01,1.0e+00,0.9999,5028,2018.4,1640,1831.9,1441.1,1590.3,1760.1
GENE-15364,NO,47,40.3,53.6,1.331,0.4,0.34,1.22,2.2e-01,1.0e+00,0.9999,5029,37.7,46.5,36.7,47.5,45.7,67.7
GENE-15365,NO,1452.6,1382.2,1523,1.102,0.1,0.29,0.48,6.3e-01,1.0e+00,0.9999,5030,1297.3,1532.3,1317.1,1214.3,2165,1189.6
GENE-15366,NO,188.1,184.6,191.7,1.038,0.1,0.25,0.22,8.3e-01,1.0e+00,0.9999,5031,155.7,201.7,196.4,163.4,184.6,227
GENE-15372,NO,311.8,318,305.5,0.961,-0.1,0.18,-0.32,7.5e-01,1.0e+00,0.9999,5032,328.3,304.5,321.3,302.1,309.7,304.6
GENE-15373,NO,9.4,11.9,7,0.585,-0.8,0.63,-1.24,2.2e-01,1.0e+00,0.9999,5033,8.9,11.9,14.9,5,8.9,7
GENE-15376,NO,84,90.5,77.5,0.856,-0.2,0.34,-0.67,5.0e-01,1.0e+00,0.9999,5034,84.3,66.2,121,74.3,63.5,94.6
GENE-15390,NO,173.4,200.9,146,0.726,-0.5,0.53,-0.88,3.8e-01,1.0e+00,0.9999,5035,89.3,392.5,121,114.9,194.6,128.4
GENE-15391,NO,4445.7,4138.6,4752.8,1.148,0.2,0.31,0.64,5.2e-01,1.0e+00,0.9999,5036,3785.8,5940.3,2689.8,4909.6,4249.7,5099
GENE-15392,NO,3.1,2.3,4,1.718,0.8,1.06,0.74,4.6e-01,1.0e+00,0.9999,5037,2,1,4,3,3,6
GENE-15395,NO,854.6,896,813.2,0.908,-0.1,0.19,-0.75,4.5e-01,1.0e+00,0.9999,5038,950.2,880.8,856.9,746.8,909.3,783.5
GENE-15402,NO,7.9,8.6,7.3,0.848,-0.2,0.67,-0.36,7.2e-01,1.0e+00,0.9999,5039,10.9,6.9,7.9,6.9,9.9,5
GENE-15403,NO,4.8,4,5.6,1.422,0.5,1.14,0.44,6.6e-01,1.0e+00,0.9999,5040,6,4.9,1,1,2,13.9
GENE-15405,NO,12.6,12.5,12.6,1.002,0,0.79,0,1.0e+00,1.0e+00,0.9999,5041,19.8,14.8,3,12.9,20.8,4
GENE-15412,NO,38.8,35.3,42.4,1.199,0.3,0.35,0.75,4.5e-01,1.0e+00,0.9999,5042,32.7,39.5,33.7,49.5,44.7,32.9
GENE-15430,NO,16.5,19.5,13.6,0.696,-0.5,0.49,-1.07,2.8e-01,1.0e+00,0.9999,5043,19.8,18.8,19.8,10.9,18.9,11
GENE-15435,NO,2.1,1,3.3,3.338,1.7,1.36,1.28,2.0e-01,1.0e+00,0.9999,5044,2,0,1,4,4,2
GENE-15436,NO,28.8,28.7,28.8,1.003,0,0.43,0.01,9.9e-01,1.0e+00,0.9999,5045,26.8,41.5,17.9,27.7,27.8,30.9
GENE-15437,NO,11.1,10.9,11.3,1.033,0,0.62,0.07,9.4e-01,1.0e+00,0.9999,5046,7.9,10.9,13.9,6.9,17.9,9
GENE-15439,NO,385.5,359.6,411.4,1.144,0.2,0.21,0.95,3.4e-01,1.0e+00,0.9999,5047,322.3,380.6,375.9,400.1,374.2,459.9
GENE-15441,NO,84.6,86.9,82.4,0.949,-0.1,0.28,-0.27,7.9e-01,1.0e+00,0.9999,5048,105.1,70.2,85.3,85.2,87.4,74.7
GENE-15443,NO,3.8,5.3,2.3,0.438,-1.2,1,-1.19,2.3e-01,1.0e+00,0.9999,5049,6.9,3,6,2,1,4
GENE-15447,NO,219,207.3,230.7,1.112,0.2,0.28,0.54,5.9e-01,1.0e+00,0.9999,5050,229.1,229.3,163.6,186.2,293.8,212
GENE-15451,NO,626.9,602.1,651.6,1.082,0.1,0.27,0.43,6.7e-01,1.0e+00,0.9999,5051,479.1,518,809.3,668.5,604.5,681.9
GENE-15458,NO,600.2,599.1,601.3,1.004,0,0.18,0.03,9.8e-01,1.0e+00,0.9999,5052,594.1,596.1,607,641.8,606.5,555.5
GENE-15463,NO,2536.8,2618.5,2455.1,0.938,-0.1,0.23,-0.4,6.9e-01,1.0e+00,0.9999,5053,2646.2,2349.8,2859.4,2911.9,1896,2557.5
GENE-15470,NO,3389.7,3410.5,3368.9,0.988,0,0.18,-0.1,9.2e-01,1.0e+00,0.9999,5054,3010.2,3675.5,3545.7,3441.8,3196.4,3468.4
GENE-15473,NO,903.7,937.2,870.1,0.928,-0.1,0.16,-0.65,5.1e-01,1.0e+00,0.9999,5055,920.4,955.9,935.3,890.4,829.9,890
GENE-15475,NO,739.2,741.6,736.8,0.994,0,0.24,-0.04,9.7e-01,1.0e+00,0.9999,5056,703.2,609,912.5,650.7,785.2,774.5
GENE-15477,NO,19,17.5,20.5,1.172,0.2,0.45,0.51,6.1e-01,1.0e+00,0.9999,5057,14.9,22.7,14.9,22.8,19.9,18.9
GENE-15479,NO,534,600,468,0.78,-0.4,0.44,-0.81,4.2e-01,1.0e+00,0.9999,5058,349.1,625.8,825.2,312,775.3,316.6
GENE-15481,NO,1,1.3,0.7,0.5,-1,2.21,-0.45,6.5e-01,1.0e+00,0.9999,5059,1,0,3,2,0,0
GENE-15492,NO,6.5,6.6,6.3,0.952,-0.1,0.77,-0.09,9.3e-01,1.0e+00,0.9999,5060,7.9,3,8.9,4,6.9,8
GENE-15493,NO,42.3,40.9,43.7,1.067,0.1,0.33,0.29,7.7e-01,1.0e+00,0.9999,5061,33.7,42.5,46.6,42.6,42.7,45.8
GENE-15501,NO,20.3,20.2,20.5,1.019,0,0.43,0.06,9.5e-01,1.0e+00,0.9999,5062,22.8,20.8,16.9,20.8,17.9,22.9
GENE-15503,NO,1.7,2.7,0.7,0.25,-2,1.54,-1.29,2.0e-01,1.0e+00,0.9999,5063,3,2,3,1,1,0
GENE-15505,NO,134.4,137.4,131.4,0.956,-0.1,0.26,-0.25,8.0e-01,1.0e+00,0.9999,5064,128.9,117.6,165.6,120.8,125.1,148.3
GENE-15514,NO,1,1,1,1.003,0,1.93,0,1.0e+00,1.0e+00,0.9999,5065,2,0,1,0,1,2
GENE-15519,NO,18.2,18.5,17.9,0.967,0,0.56,-0.09,9.3e-01,1.0e+00,0.9999,5066,20.8,24.7,9.9,18.8,9.9,24.9
GENE-15520,YES,7.1,7.6,6.6,0.871,-0.2,0.82,-0.24,8.1e-01,1.0e+00,0.9999,5067,7.9,5.9,8.9,10.9,1,8
GENE-15522,NO,6.1,6,6.3,1.057,0.1,0.77,0.1,9.2e-01,1.0e+00,0.9999,5068,5,4,8.9,8.9,4,6
GENE-15526,NO,91.4,82.9,99.9,1.206,0.3,0.26,1.02,3.1e-01,1.0e+00,0.9999,5069,83.3,72.2,93.2,103,108.2,88.6
GENE-15530,NO,13.4,12.2,14.6,1.192,0.3,0.53,0.47,6.4e-01,1.0e+00,0.9999,5070,11.9,15.8,8.9,15.8,16.9,11
GENE-15536,NO,58,58.8,57.3,0.975,0,0.4,-0.09,9.3e-01,1.0e+00,0.9999,5071,53.6,81.1,41.7,50.5,41.7,79.6
GENE-15539,NO,1,1,1,1.003,0,1.93,0,1.0e+00,1.0e+00,0.9999,5072,0,1,2,1,0,2
GENE-15547,NO,39.9,32.7,47,1.438,0.5,0.35,1.48,1.4e-01,1.0e+00,0.9999,5073,29.8,36.6,31.7,40.6,40.7,59.7
GENE-15548,NO,61.8,49.2,74.3,1.512,0.6,0.77,0.77,4.4e-01,1.0e+00,0.9999,5074,11.9,62.3,73.4,166.4,21.8,34.8
GENE-15553,NO,5.5,5.3,5.6,1.064,0.1,0.9,0.1,9.2e-01,1.0e+00,0.9999,5075,3,4.9,7.9,10.9,2,4
GENE-15559,NO,6.9,7.2,6.6,0.911,-0.1,0.7,-0.19,8.5e-01,1.0e+00,0.9999,5076,6.9,5.9,8.9,8.9,6,5
GENE-15563,NO,0.8,1,0.7,0.667,-0.6,2.35,-0.25,8.0e-01,1.0e+00,0.9999,5077,3,0,0,1,1,0
GENE-15564,NO,176.7,165.8,187.6,1.132,0.2,0.21,0.84,4.0e-01,1.0e+00,0.9999,5078,164.6,175,157.7,203,173.7,186.2
GENE-15565,NO,31.9,35,28.8,0.822,-0.3,0.37,-0.75,4.5e-01,1.0e+00,0.9999,5079,44.6,29.7,30.7,27.7,27.8,30.9
GENE-15570,NO,784.5,856,713,0.833,-0.3,0.24,-1.1,2.7e-01,1.0e+00,0.9999,5080,1053.3,814.6,700.2,718.1,622.4,798.4
GENE-15572,NO,53.1,53.5,52.6,0.984,0,0.31,-0.08,9.4e-01,1.0e+00,0.9999,5081,44.6,60.3,55.5,57.4,49.6,50.8
GENE-15573,NO,394.6,373.8,415.3,1.111,0.2,0.18,0.83,4.0e-01,1.0e+00,0.9999,5082,381.9,367.7,371.9,420.9,387.1,438
GENE-15574,NO,953.2,963.4,943,0.979,0,0.23,-0.14,8.9e-01,1.0e+00,0.9999,5083,966,1154.6,769.6,861.7,957.9,1009.5
GENE-15577,NO,52.2,55.5,49,0.883,-0.2,0.31,-0.59,5.6e-01,1.0e+00,0.9999,5084,45.6,59.3,61.5,49.5,46.7,50.8
GENE-15579,NO,123.5,122.2,124.8,1.021,0,0.26,0.11,9.1e-01,1.0e+00,0.9999,5085,120,103.8,142.8,123.8,107.2,143.4
GENE-15588,NO,5.3,4.6,5.9,1.288,0.4,0.85,0.43,6.7e-01,1.0e+00,0.9999,5086,4,2,7.9,5.9,7.9,4
GENE-15590,NO,191.1,176.7,205.5,1.163,0.2,0.28,0.78,4.4e-01,1.0e+00,0.9999,5087,143.8,177.9,208.3,239.7,221.4,155.3
GENE-15592,NO,31.1,31,31.1,1.002,0,0.41,0.01,9.9e-01,1.0e+00,0.9999,5088,21.8,27.7,43.6,33.7,31.8,27.9
GENE-15593,NO,1,0.7,1.3,2.005,1,1.81,0.55,5.8e-01,1.0e+00,0.9999,5089,0,1,1,1,2,1
GENE-15594,NO,1229.2,1240,1218.4,0.983,0,0.2,-0.13,9.0e-01,1.0e+00,0.9999,5090,1308.2,1282.2,1129.7,1382.7,1199.2,1073.2
GENE-15595,NO,0.7,1,0.3,0.359,-1.5,2.44,-0.6,5.5e-01,1.0e+00,0.9999,5091,1,2,0,0,0,1
GENE-15596,NO,526.3,554.5,498.1,0.898,-0.2,0.18,-0.86,3.9e-01,1.0e+00,0.9999,5092,539.6,588.2,535.6,496.2,528.1,469.9
GENE-15601,NO,85.4,107.4,63.5,0.592,-0.8,0.5,-1.53,1.3e-01,1.0e+00,0.9999,5093,64.5,81.1,176.5,102,38.7,49.8
GENE-15606,NO,496.7,515.5,477.8,0.927,-0.1,0.2,-0.56,5.8e-01,1.0e+00,0.9999,5094,483,497.2,566.3,527.9,459.6,446
GENE-15611,NO,33.7,36.3,31.1,0.856,-0.2,0.47,-0.47,6.4e-01,1.0e+00,0.9999,5095,33.7,21.7,53.6,23.8,24.8,44.8
GENE-15615,NO,1.2,1,1.3,1.337,0.4,1.68,0.25,8.0e-01,1.0e+00,0.9999,5096,0,1,2,1,1,2
GENE-15618,NO,75.2,64.8,85.7,1.324,0.4,0.29,1.42,1.6e-01,1.0e+00,0.9999,5097,64.5,63.3,66.5,105,73.5,78.6
GENE-15620,NO,65.5,63.7,67.2,1.054,0.1,0.3,0.25,8.0e-01,1.0e+00,0.9999,5098,69.4,60.3,61.5,81.2,66.5,53.8
GENE-15622,NO,11.9,11.2,12.6,1.12,0.2,0.61,0.27,7.9e-01,1.0e+00,0.9999,5099,16.9,4.9,11.9,10.9,14.9,11.9
GENE-15628,NO,344.6,283.8,405.4,1.428,0.5,0.43,1.2,2.3e-01,1.0e+00,0.9999,5100,118,453.8,279.7,390.2,442.7,383.3
GENE-15630,NO,137.3,126.8,147.9,1.167,0.2,0.31,0.72,4.7e-01,1.0e+00,0.9999,5101,149.8,148.3,82.3,168.4,142,133.4
GENE-15636,NO,18.8,20.2,17.5,0.871,-0.2,0.45,-0.45,6.6e-01,1.0e+00,0.9999,5102,17.9,18.8,23.8,16.8,20.8,14.9
GENE-15638,NO,3.8,5,2.7,0.534,-0.9,1.07,-0.84,4.0e-01,1.0e+00,0.9999,5103,7.9,4,3,1,6,1
GENE-15641,NO,47.1,58.5,35.7,0.611,-0.7,0.43,-1.66,9.7e-02,1.0e+00,0.9999,5104,50.6,44.5,80.3,49.5,36.7,20.9
GENE-15644,NO,77.4,69.4,85.4,1.231,0.3,0.3,0.99,3.2e-01,1.0e+00,0.9999,5105,61.5,61.3,85.3,102,83.4,70.7
GENE-15654,NO,1517.5,1377.5,1657.4,1.203,0.3,0.19,1.37,1.7e-01,1.0e+00,0.9999,5106,1491.7,1340.5,1300.2,1903.6,1572.4,1496.3
GENE-15657,NO,47.1,48.9,45.3,0.928,-0.1,0.43,-0.25,8.0e-01,1.0e+00,0.9999,5107,66.5,35.6,44.6,26.7,63.5,45.8
GENE-15660,NO,926.5,916.1,937,1.023,0,0.17,0.19,8.5e-01,1.0e+00,0.9999,5108,856,963.9,928.3,883.5,945,982.6
GENE-15661,NO,2781.2,2829,2733.3,0.966,0,0.17,-0.29,7.7e-01,1.0e+00,0.9999,5109,2910,2691.9,2885.1,3016.9,2658.4,2524.6
GENE-15664,NO,632.4,621.7,643,1.034,0,0.25,0.2,8.4e-01,1.0e+00,0.9999,5110,461.2,722.6,681.4,693.3,595.6,640.1
GENE-15670,NO,777.6,787.9,767.3,0.974,0,0.2,-0.19,8.5e-01,1.0e+00,0.9999,5111,760.7,792.8,810.3,884.5,742.5,675
GENE-15671,YES,2.6,1.7,3.7,2.204,1.1,1.16,0.98,3.3e-01,1.0e+00,0.9999,5112,3,1,1,5,2,4
GENE-15673,NO,401.2,420.1,382.2,0.91,-0.1,0.19,-0.73,4.6e-01,1.0e+00,0.9999,5113,455.3,413.2,391.8,378.3,395.1,373.3
GENE-15677,NO,73.2,79.9,66.5,0.832,-0.3,0.41,-0.64,5.2e-01,1.0e+00,0.9999,5114,123,72.2,44.6,55.5,80.4,63.7
GENE-15692,NO,456.4,444.4,468.3,1.054,0.1,0.23,0.32,7.5e-01,1.0e+00,0.9999,5115,457.2,528.9,347.1,472.4,440.8,491.8
GENE-15697,NO,12.9,13.5,12.3,0.904,-0.1,0.61,-0.24,8.1e-01,1.0e+00,0.9999,5116,15.9,14.8,9.9,19.8,6,11
GENE-15699,NO,2.5,1.3,3.7,2.758,1.5,1.27,1.15,2.5e-01,1.0e+00,0.9999,5117,0,3,1,3,5,3
GENE-15700,NO,2.6,2.7,2.7,1.003,0,1.2,0,1.0e+00,1.0e+00,0.9999,5118,4,2,2,1,1,6
GENE-15703,NO,46.9,47.9,46,0.961,-0.1,0.39,-0.15,8.8e-01,1.0e+00,0.9999,5119,45.6,62.3,35.7,59.4,46.7,31.9
GENE-15705,NO,26.3,23.7,28.8,1.211,0.3,0.42,0.66,5.1e-01,1.0e+00,0.9999,5120,30.7,21.7,18.8,30.7,21.8,33.8
GENE-15708,NO,2.3,2.7,2,0.752,-0.4,1.32,-0.31,7.6e-01,1.0e+00,0.9999,5121,3,1,4,0,2,4
GENE-15714,NO,17,17.2,16.9,0.983,0,0.48,-0.05,9.6e-01,1.0e+00,0.9999,5122,19.8,15.8,15.9,14.9,12.9,22.9
GENE-15718,NO,56.5,52.8,60.2,1.14,0.2,0.37,0.52,6.1e-01,1.0e+00,0.9999,5123,34.7,51.4,72.4,71.3,56.6,52.8
GENE-15719,NO,287.8,288.6,286.9,0.994,0,0.24,-0.04,9.7e-01,1.0e+00,0.9999,5124,324.3,304.5,237,274.4,327.6,258.8
GENE-15725,NO,27.3,28.4,26.2,0.921,-0.1,0.39,-0.31,7.6e-01,1.0e+00,0.9999,5125,29.8,26.7,28.8,19.8,29.8,28.9
GENE-15728,NO,1998.7,2256.9,1740.4,0.771,-0.4,0.38,-0.98,3.3e-01,1.0e+00,0.9999,5126,1570.1,3735.8,1464.9,1983.9,1771.9,1465.4
GENE-15740,NO,43.6,46.6,40.7,0.874,-0.2,0.36,-0.54,5.9e-01,1.0e+00,0.9999,5127,44.6,44.5,50.6,35.7,55.6,30.9
GENE-15742,NO,125.3,120.2,130.4,1.085,0.1,0.23,0.51,6.1e-01,1.0e+00,0.9999,5128,125,123.6,112.1,133.7,136,121.5
GENE-15743,NO,3,2.7,3.3,1.253,0.3,1.04,0.31,7.5e-01,1.0e+00,0.9999,5129,3,3,2,3,5,2
GENE-15746,NO,722.8,755.4,690.2,0.914,-0.1,0.23,-0.56,5.8e-01,1.0e+00,0.9999,5130,881.7,629.7,754.8,574.5,768.3,727.7
GENE-15747,NO,47.5,50.5,44.4,0.877,-0.2,0.41,-0.46,6.4e-01,1.0e+00,0.9999,5131,67.4,30.6,53.6,48.5,31.8,52.8
GENE-15762,NO,453.1,461.7,444.5,0.963,-0.1,0.18,-0.3,7.6e-01,1.0e+00,0.9999,5132,441.4,447.8,495.9,452.6,452.7,428.1
GENE-15764,NO,210.3,206.4,214.1,1.037,0.1,0.21,0.25,8.0e-01,1.0e+00,0.9999,5133,201.3,202.7,215.2,240.7,196.6,205.1
GENE-15769,NO,17.2,17.8,16.5,0.928,-0.1,0.49,-0.22,8.3e-01,1.0e+00,0.9999,5134,22.8,17.8,12.9,21.8,13.9,13.9
GENE-15774,NO,8.6,10.6,6.6,0.626,-0.7,0.67,-1.01,3.1e-01,1.0e+00,0.9999,5135,11.9,9.9,9.9,6.9,9.9,3
GENE-15778,NO,1.7,2,1.3,0.669,-0.6,1.45,-0.4,6.9e-01,1.0e+00,0.9999,5136,1,3,2,0,2,2
GENE-15779,NO,102.8,99.4,106.3,1.069,0.1,0.27,0.35,7.3e-01,1.0e+00,0.9999,5137,92.2,91.9,114.1,84.2,118.1,116.5
GENE-15780,NO,974,994.5,953.4,0.959,-0.1,0.26,-0.23,8.2e-01,1.0e+00,0.9999,5138,808.3,1153.7,1021.6,713.1,1115.8,1031.4
GENE-15782,NO,22.8,18.8,26.8,1.424,0.5,0.44,1.17,2.4e-01,1.0e+00,0.9999,5139,17.9,24.7,13.9,31.7,22.8,25.9
GENE-15789,NO,2.6,2.3,3,1.288,0.4,1.21,0.3,7.6e-01,1.0e+00,0.9999,5140,4,0,3,3,2,4
GENE-15790,NO,2155.5,1977.5,2333.5,1.18,0.2,0.16,1.52,1.3e-01,1.0e+00,0.9999,5141,1984.7,2026.6,1921.1,2431.5,2273.2,2295.7
GENE-15795,NO,5.3,6.9,3.7,0.526,-0.9,0.93,-0.99,3.2e-01,1.0e+00,0.9999,5142,7.9,9.9,3,1,3,7
GENE-15798,NO,33.1,30.4,35.8,1.176,0.2,0.37,0.62,5.3e-01,1.0e+00,0.9999,5143,30.7,27.7,32.7,35.7,44.7,26.9
GENE-15801,NO,26.8,26.7,26.8,1.002,0,0.41,0.01,9.9e-01,1.0e+00,0.9999,5144,22.8,32.6,24.8,33.7,26.8,19.9
GENE-15802,NO,8.9,7.9,9.9,1.252,0.3,0.66,0.49,6.2e-01,1.0e+00,0.9999,5145,6.9,5.9,10.9,14.9,7.9,7
GENE-15806,NO,52.7,58.8,46.6,0.794,-0.3,0.33,-1,3.2e-01,1.0e+00,0.9999,5146,51.6,51.4,73.4,50.5,52.6,36.8
GENE-15807,NO,2.1,3,1.3,0.445,-1.2,1.25,-0.94,3.5e-01,1.0e+00,0.9999,5147,2,3,4,2,1,1
GENE-15810,NO,19,22.1,15.9,0.718,-0.5,0.48,-0.99,3.2e-01,1.0e+00,0.9999,5148,27.8,15.8,22.8,11.9,20.8,14.9
GENE-15811,NO,2.5,2,3,1.504,0.6,1.16,0.51,6.1e-01,1.0e+00,0.9999,5149,2,2,2,1,5,3
GENE-15814,NO,4.1,4.3,4,0.926,-0.1,1.01,-0.11,9.1e-01,1.0e+00,0.9999,5150,6,4.9,2,3,1,8
GENE-15818,NO,263.3,266.8,259.8,0.974,0,0.31,-0.12,9.0e-01,1.0e+00,0.9999,5151,294.6,335.1,170.6,214.9,278.9,285.7
GENE-15819,NO,2.3,1.7,3,1.804,0.9,1.32,0.64,5.2e-01,1.0e+00,0.9999,5152,3,0,2,1,3,5
GENE-15824,NO,165.7,158.5,172.8,1.091,0.1,0.54,0.23,8.2e-01,1.0e+00,0.9999,5153,221.2,195.7,58.5,79.2,254.1,185.2
GENE-15828,NO,3429.1,3577.9,3280.2,0.917,-0.1,0.23,-0.54,5.9e-01,1.0e+00,0.9999,5154,4010,3218.8,3505,2643.5,3985.6,3211.5
GENE-15829,NO,756.4,766.4,746.5,0.974,0,0.34,-0.11,9.1e-01,1.0e+00,0.9999,5155,862.9,859.1,577.2,525.9,622.4,1091.1
GENE-15838,NO,42.3,41.3,43.3,1.05,0.1,0.34,0.21,8.4e-01,1.0e+00,0.9999,5156,38.7,48.4,36.7,39.6,53.6,36.8
GENE-15845,NO,2.3,1.7,3,1.804,0.9,1.16,0.73,4.6e-01,1.0e+00,0.9999,5157,2,2,1,3,3,3
GENE-15849,NO,18.5,18.5,18.6,1.003,0,0.49,0.01,9.9e-01,1.0e+00,0.9999,5158,22.8,18.8,13.9,14.9,14.9,25.9
GENE-15857,NO,42.1,49.9,34.4,0.69,-0.5,0.39,-1.36,1.7e-01,1.0e+00,0.9999,5159,47.6,61.3,40.7,29.7,48.6,24.9
GENE-15860,NO,33.4,26.4,40.4,1.528,0.6,0.35,1.74,8.1e-02,1.0e+00,0.9999,5160,25.8,29.7,23.8,42.6,39.7,38.8
GENE-15863,NO,361.8,382.4,341.2,0.892,-0.2,0.18,-0.9,3.7e-01,1.0e+00,0.9999,5161,366,397.4,383.8,332.8,337.5,353.4
GENE-15865,NO,155.6,192.1,119.2,0.621,-0.7,0.47,-1.48,1.4e-01,1.0e+00,0.9999,5162,136.9,320.3,119,117.9,69.5,170.2
GENE-15866,NO,70.7,70.7,70.8,1.002,0,0.28,0.01,9.9e-01,1.0e+00,0.9999,5163,66.5,82.1,63.5,63.4,76.4,72.7
GENE-15867,NO,1.7,2,1.3,0.668,-0.6,1.38,-0.42,6.7e-01,1.0e+00,0.9999,5164,1,3,2,2,1,1
GENE-15868,NO,21.3,20.2,22.5,1.117,0.2,0.44,0.37,7.1e-01,1.0e+00,0.9999,5165,15.9,17.8,26.8,20.8,22.8,23.9
GENE-15869,NO,0.8,0.7,1,1.505,0.6,2.07,0.28,7.8e-01,1.0e+00,0.9999,5166,1,1,0,1,0,2
GENE-15872,NO,1.2,1,1.3,1.337,0.4,1.82,0.23,8.2e-01,1.0e+00,0.9999,5167,0,2,1,2,0,2
GENE-15875,NO,190,172.1,207.9,1.208,0.3,0.21,1.28,2.0e-01,1.0e+00,0.9999,5168,182.5,161.1,172.6,189.2,216.4,218
GENE-15876,NO,1849.5,1892.5,1806.6,0.955,-0.1,0.26,-0.26,7.9e-01,1.0e+00,0.9999,5169,1809.1,1409.7,2458.7,1823.4,1892.1,1704.3
GENE-15881,NO,1640.4,1625.4,1655.4,1.018,0,0.24,0.11,9.1e-01,1.0e+00,0.9999,5170,1285.4,1958.4,1632.5,1857.1,1411.6,1697.4
GENE-15882,NO,132.3,121.5,143,1.177,0.2,0.33,0.72,4.7e-01,1.0e+00,0.9999,5171,140.8,126.5,97.2,93.1,163.8,172.2
GENE-15885,NO,420.3,442.8,397.8,0.898,-0.2,0.25,-0.62,5.4e-01,1.0e+00,0.9999,5172,507.8,465.6,355.1,427.9,322.6,443
GENE-15888,YES,1.8,2.3,1.3,0.573,-0.8,1.41,-0.57,5.7e-01,1.0e+00,0.9999,5173,3,3,1,0,2,2
GENE-15891,NO,219.2,210.7,227.7,1.081,0.1,0.22,0.52,6.1e-01,1.0e+00,0.9999,5174,181.5,228.4,222.2,243.6,221.4,218
GENE-15898,NO,694.5,651.5,737.4,1.132,0.2,0.23,0.77,4.4e-01,1.0e+00,0.9999,5175,604,672.2,678.4,597.2,905.3,709.8
GENE-15905,NO,69.9,59.8,80.1,1.34,0.4,0.41,1.04,3.0e-01,1.0e+00,0.9999,5176,53.6,44.5,81.3,100,45.7,94.6
GENE-15906,NO,1212.6,1273.4,1151.7,0.904,-0.1,0.27,-0.54,5.9e-01,1.0e+00,0.9999,5177,1429.2,1247.6,1143.5,1223.2,1417.6,814.3
GENE-15917,NO,1.2,1,1.3,1.336,0.4,1.86,0.22,8.2e-01,1.0e+00,0.9999,5178,1,2,0,3,0,1
GENE-15918,NO,0.8,1,0.7,0.667,-0.6,2.7,-0.22,8.3e-01,1.0e+00,0.9999,5179,0,0,3,0,2,0
GENE-15920,NO,3.3,3,3.7,1.224,0.3,0.99,0.29,7.7e-01,1.0e+00,0.9999,5180,4,2,3,4,5,2
GENE-15923,NO,19.3,20.1,18.5,0.92,-0.1,0.44,-0.27,7.9e-01,1.0e+00,0.9999,5181,20.8,16.8,22.8,15.8,17.9,21.9
GENE-15925,NO,7.4,7.9,6.9,0.877,-0.2,0.84,-0.23,8.2e-01,1.0e+00,0.9999,5182,16.9,4.9,2,6.9,7.9,6
GENE-15926,NO,39,34.3,43.7,1.272,0.3,0.34,1.03,3.0e-01,1.0e+00,0.9999,5183,34.7,35.6,32.7,50.5,36.7,43.8
GENE-15927,NO,75.9,75.6,76.1,1.007,0,0.26,0.04,9.7e-01,1.0e+00,0.9999,5184,72.4,83,71.4,81.2,74.5,72.7
GENE-15932,NO,1,1,1,1.003,0,1.78,0,1.0e+00,1.0e+00,0.9999,5185,1,1,1,0,2,1
GENE-15937,NO,459.8,474.7,444.9,0.937,-0.1,0.29,-0.32,7.5e-01,1.0e+00,0.9999,5186,509.8,329.2,585.2,361.5,462.6,510.7
GENE-15939,NO,1.5,0.7,2.3,3.508,1.8,1.74,1.04,3.0e-01,1.0e+00,0.9999,5187,0,0,2,2,1,4
GENE-15940,NO,214.1,199.5,228.7,1.147,0.2,0.25,0.79,4.3e-01,1.0e+00,0.9999,5188,219.2,163.1,216.2,213.9,201.5,270.8
GENE-15948,NO,251.9,297,206.8,0.696,-0.5,0.61,-0.86,3.9e-01,1.0e+00,0.9999,5189,275.7,471.5,143.8,111.9,425.9,82.6
GENE-15950,NO,1.2,1,1.3,1.335,0.4,1.68,0.25,8.0e-01,1.0e+00,0.9999,5190,1,1,1,2,2,0
GENE-15953,NO,80.4,74.3,86.4,1.162,0.2,0.32,0.67,5.0e-01,1.0e+00,0.9999,5191,76.4,62.3,84.3,67.4,115.2,76.7
GENE-15959,NO,455.5,418.1,492.8,1.179,0.2,0.23,1.02,3.1e-01,1.0e+00,0.9999,5192,347.1,390.5,516.7,485.3,473.5,519.7
GENE-15961,NO,5.1,3.3,7,2.105,1.1,0.88,1.22,2.2e-01,1.0e+00,0.9999,5193,2,3,5,8.9,3,9
GENE-15964,NO,55.2,49.6,60.9,1.229,0.3,0.78,0.38,7.0e-01,1.0e+00,0.9999,5194,5,46.5,97.2,93.1,23.8,65.7
GENE-15965,NO,49.1,50.2,48,0.956,-0.1,0.33,-0.2,8.5e-01,1.0e+00,0.9999,5195,61.5,46.5,42.6,49.5,55.6,38.8
GENE-15969,NO,1.8,2,1.7,0.837,-0.3,1.46,-0.18,8.6e-01,1.0e+00,0.9999,5196,1,4,1,0,2,3
GENE-15970,NO,11.9,12.5,11.3,0.897,-0.2,0.57,-0.28,7.8e-01,1.0e+00,0.9999,5197,9.9,17.8,9.9,9.9,13.9,10
GENE-15971,NO,120.3,124.8,115.8,0.928,-0.1,0.24,-0.45,6.5e-01,1.0e+00,0.9999,5198,117,116.7,140.8,108.9,115.2,123.4
GENE-15975,NO,5.5,6.3,4.7,0.739,-0.4,0.82,-0.53,5.9e-01,1.0e+00,0.9999,5199,4,7.9,6.9,2,6,6
GENE-15984,NO,9.8,10.6,8.9,0.845,-0.2,0.61,-0.39,6.9e-01,1.0e+00,0.9999,5200,6.9,10.9,13.9,8.9,10.9,7
GENE-15987,NO,1351.2,1320.4,1381.9,1.047,0.1,0.18,0.37,7.1e-01,1.0e+00,0.9999,5201,1366.7,1198.1,1396.5,1337.1,1345.1,1463.4
GENE-15988,NO,0.7,0.3,1,2.792,1.5,2.86,0.52,6.0e-01,1.0e+00,0.9999,5202,1,0,0,3,0,0
GENE-15993,NO,34.7,29.4,40.1,1.363,0.4,0.36,1.24,2.1e-01,1.0e+00,0.9999,5203,34.7,25.7,27.8,33.7,45.7,40.8
GENE-15995,NO,2.3,3,1.7,0.557,-0.8,1.23,-0.69,4.9e-01,1.0e+00,0.9999,5204,1,4.9,3,2,2,1
GENE-16002,NO,153.1,132.4,173.8,1.312,0.4,0.28,1.4,1.6e-01,1.0e+00,0.9999,5205,176.5,116.7,104.1,168.4,176.7,176.2
GENE-16012,NO,14.9,14.6,15.2,1.047,0.1,0.52,0.13,9.0e-01,1.0e+00,0.9999,5206,16.9,12.9,13.9,18.8,17.9,9
GENE-16016,NO,2156.8,2095,2218.6,1.059,0.1,0.31,0.27,7.9e-01,1.0e+00,0.9999,5207,1575,2469.4,2240.5,3091.2,1876.2,1688.4
GENE-16028,NO,24,24.8,23.2,0.936,-0.1,0.43,-0.23,8.2e-01,1.0e+00,0.9999,5208,24.8,31.6,17.9,19.8,23.8,25.9
GENE-16030,NO,683.6,655.9,711.2,1.084,0.1,0.25,0.46,6.5e-01,1.0e+00,0.9999,5209,800.4,591.2,576.2,611.1,876.5,646.1
GENE-16035,NO,103.8,94.8,112.9,1.191,0.3,0.24,1.05,3.0e-01,1.0e+00,0.9999,5210,88.3,102.8,93.2,106,116.1,116.5
GENE-16038,NO,20.2,20.2,20.2,1.002,0,0.48,0.01,9.9e-01,1.0e+00,0.9999,5211,22.8,11.9,25.8,16.8,18.9,24.9
GENE-16042,NO,492.8,894.7,91,0.102,-3.3,1.83,-1.8,7.2e-02,1.0e+00,0.9999,5212,4,2333,347.1,86.2,176.7,10
GENE-16045,NO,33.4,32.7,34.1,1.043,0.1,0.41,0.15,8.8e-01,1.0e+00,0.9999,5213,23.8,47.5,26.8,35.7,28.8,37.8
GENE-16047,NO,409.7,476.1,343.4,0.721,-0.5,0.43,-1.11,2.7e-01,1.0e+00,0.9999,5214,777.6,279.8,370.9,370.4,439.8,220
GENE-16048,YES,4.1,5.6,2.6,0.471,-1.1,1.45,-0.75,4.5e-01,1.0e+00,0.9999,5215,0,6.9,9.9,6.9,1,0
GENE-16051,NO,16.2,13.2,19.2,1.453,0.5,0.48,1.12,2.6e-01,1.0e+00,0.9999,5216,12.9,16.8,9.9,17.8,19.9,19.9
GENE-16052,NO,33.9,34,33.8,0.992,0,0.39,-0.03,9.8e-01,1.0e+00,0.9999,5217,22.8,37.6,41.7,39.6,33.8,27.9
GENE-16055,NO,729.9,770.9,688.8,0.893,-0.2,0.23,-0.71,4.8e-01,1.0e+00,0.9999,5218,752.8,633.7,926.3,621,753.4,691.9
GENE-16056,NO,4.3,4.6,4,0.859,-0.2,0.9,-0.24,8.1e-01,1.0e+00,0.9999,5219,7.9,3,3,4,3,5
GENE-16061,NO,356.5,357,356.1,0.998,0,0.19,-0.02,9.8e-01,1.0e+00,0.9999,5220,337.2,375.7,358,366.5,364.3,337.5
GENE-16063,NO,1.3,1.3,1.3,1.001,0,1.8,0,1.0e+00,1.0e+00,0.9999,5221,3,0,1,3,0,1
GENE-16064,NO,17.2,15.5,18.8,1.215,0.3,0.46,0.62,5.4e-01,1.0e+00,0.9999,5222,16.9,14.8,14.9,18.8,20.8,16.9
GENE-16066,NO,4.3,4,4.7,1.17,0.2,0.89,0.25,8.0e-01,1.0e+00,0.9999,5223,5,4.9,2,3,5,6
GENE-16070,NO,52.7,53.2,52.3,0.983,0,0.45,-0.05,9.6e-01,1.0e+00,0.9999,5224,54.6,35.6,69.4,30.7,80.4,45.8
GENE-16072,NO,8.8,7.3,10.2,1.413,0.5,0.65,0.76,4.5e-01,1.0e+00,0.9999,5225,9.9,5.9,6,6.9,9.9,13.9
GENE-16077,NO,1,1.3,0.7,0.5,-1,2.59,-0.39,7.0e-01,1.0e+00,0.9999,5226,4,0,0,2,0,0
GENE-16078,NO,314.9,317.7,312.2,0.983,0,0.21,-0.12,9.0e-01,1.0e+00,0.9999,5227,298.5,311.4,343.2,282.3,302.8,351.4
GENE-16080,NO,109,92.5,125.5,1.357,0.4,0.3,1.46,1.4e-01,1.0e+00,0.9999,5228,81.3,85,111.1,92.1,135,149.3
GENE-16087,NO,1.5,2.3,0.7,0.286,-1.8,1.69,-1.07,2.9e-01,1.0e+00,0.9999,5229,2,3,2,0,2,0
GENE-16090,NO,54.2,56.8,51.6,0.909,-0.1,0.3,-0.46,6.5e-01,1.0e+00,0.9999,5230,61.5,54.4,54.5,53.5,43.7,57.7
GENE-16102,NO,1095.3,1058.9,1131.8,1.069,0.1,0.26,0.37,7.1e-01,1.0e+00,0.9999,5231,828.2,1262.4,1086,1297.5,884.5,1213.5
GENE-16104,NO,168.1,175,161.1,0.921,-0.1,0.24,-0.5,6.2e-01,1.0e+00,0.9999,5232,176.5,154.2,194.4,183.2,159.8,140.4
GENE-16110,NO,3.8,3,4.7,1.559,0.6,0.94,0.68,5.0e-01,1.0e+00,0.9999,5233,2,2,5,5,4,5
GENE-16122,NO,157,158.5,155.6,0.982,0,0.28,-0.1,9.2e-01,1.0e+00,0.9999,5234,119,179.9,176.5,126.8,171.7,168.2
GENE-16126,NO,391,420.6,361.4,0.859,-0.2,0.36,-0.6,5.5e-01,1.0e+00,0.9999,5235,276.7,507.1,478,291.2,528.1,264.8
GENE-16127,NO,37.4,35.7,39.1,1.095,0.1,0.56,0.24,8.1e-01,1.0e+00,0.9999,5236,40.7,20.8,45.6,13.9,60.6,42.8
GENE-16130,NO,636.2,599.8,672.6,1.121,0.2,0.19,0.86,3.9e-01,1.0e+00,0.9999,5237,671.5,542.7,585.2,627.9,694.9,694.9
GENE-16131,NO,45.5,43.3,47.7,1.102,0.1,0.34,0.41,6.8e-01,1.0e+00,0.9999,5238,55.5,36.6,37.7,49.5,40.7,52.8
GENE-16133,NO,0.7,1.3,0,0.138,-2.9,2.76,-1.03,3.0e-01,1.0e+00,0.9999,5239,3,1,0,0,0,0
GENE-16139,NO,191.9,181.6,202.2,1.113,0.2,0.29,0.54,5.9e-01,1.0e+00,0.9999,5240,178.5,180.9,185.5,256.5,139,211.1
GENE-16141,NO,1392.8,1351.2,1434.4,1.062,0.1,0.18,0.48,6.3e-01,1.0e+00,0.9999,5241,1385.6,1220.9,1447,1367.8,1531.7,1403.7
GENE-16146,NO,122.1,142.3,101.9,0.716,-0.5,0.46,-1.04,3.0e-01,1.0e+00,0.9999,5242,107.1,142.4,177.5,69.3,181.7,54.8
GENE-16147,NO,0.7,0,1.3,7.272,2.9,2.71,1.06,2.9e-01,1.0e+00,0.9999,5243,0,0,0,0,2,2
GENE-16148,NO,209.6,204.4,214.8,1.051,0.1,0.24,0.29,7.7e-01,1.0e+00,0.9999,5244,190.4,223.4,199.4,174.3,213.4,256.8
GENE-16154,NO,18,20.5,15.6,0.76,-0.4,0.49,-0.81,4.2e-01,1.0e+00,0.9999,5245,15.9,23.7,21.8,16.8,19.9,10
GENE-16155,NO,11.1,8.9,13.2,1.485,0.6,0.56,1.01,3.1e-01,1.0e+00,0.9999,5246,9.9,6.9,9.9,10.9,14.9,13.9
GENE-16157,NO,17.5,17.2,17.9,1.041,0.1,0.49,0.12,9.1e-01,1.0e+00,0.9999,5247,17.9,18.8,14.9,10.9,20.8,21.9
GENE-16166,NO,5.8,6,5.6,0.947,-0.1,0.78,-0.1,9.2e-01,1.0e+00,0.9999,5248,3,8.9,6,5.9,5,6
GENE-16167,NO,3.5,4.7,2.3,0.501,-1,1.05,-0.95,3.4e-01,1.0e+00,0.9999,5249,6,4,4,5,1,1
GENE-16168,NO,30.2,31.4,29.1,0.928,-0.1,0.41,-0.26,7.9e-01,1.0e+00,0.9999,5250,32.7,22.7,38.7,29.7,36.7,20.9
GENE-16169,NO,48.6,47.2,50,1.058,0.1,0.34,0.24,8.1e-01,1.0e+00,0.9999,5251,34.7,55.4,51.6,59.4,43.7,46.8
GENE-16171,NO,116.1,111.3,120.9,1.086,0.1,0.32,0.37,7.1e-01,1.0e+00,0.9999,5252,122,121.6,90.3,97.1,98.3,167.2
GENE-16174,NO,1.2,2,0.3,0.18,-2.5,1.88,-1.32,1.9e-01,1.0e+00,0.9999,5253,1,2,3,1,0,0
GENE-16176,NO,16.9,18.1,15.5,0.856,-0.2,0.49,-0.46,6.4e-01,1.0e+00,0.9999,5254,18.8,14.8,20.8,20.8,11.9,13.9
GENE-16179,NO,131.7,112.9,150.5,1.333,0.4,0.28,1.46,1.4e-01,1.0e+00,0.9999,5255,111.1,124.6,103.1,191.2,145.9,114.5
GENE-16182,NO,936.4,849.5,1023.2,1.204,0.3,0.49,0.55,5.8e-01,1.0e+00,0.9999,5256,712.1,1315.8,520.7,888.4,1717.3,463.9
GENE-16185,NO,336.5,339.1,333.9,0.985,0,0.26,-0.09,9.3e-01,1.0e+00,0.9999,5257,271.8,420.1,325.3,381.3,330.6,289.7
GENE-16186,NO,1226,1166.8,1285.3,1.102,0.1,0.17,0.82,4.1e-01,1.0e+00,0.9999,5258,1220,1152.7,1127.7,1381.7,1263.7,1210.6
GENE-16188,NO,37,34.7,39.4,1.135,0.2,0.42,0.43,6.6e-01,1.0e+00,0.9999,5259,31.7,20.8,51.6,43.6,40.7,33.8
GENE-16189,NO,25.3,24.8,25.8,1.042,0.1,0.46,0.13,9.0e-01,1.0e+00,0.9999,5260,28.8,27.7,17.9,37.6,21.8,17.9
GENE-16192,NO,1638.3,1729.2,1547.5,0.895,-0.2,0.29,-0.55,5.8e-01,1.0e+00,0.9999,5261,1256.7,1672.7,2258.3,1590.6,1213.1,1838.7
GENE-16194,NO,241,261.2,220.9,0.845,-0.2,0.24,-1,3.2e-01,1.0e+00,0.9999,5262,266.8,251.1,265.8,180.3,208.5,273.8
GENE-16196,NO,376.3,364.3,388.2,1.066,0.1,0.2,0.46,6.4e-01,1.0e+00,0.9999,5263,359,324.2,409.6,399.1,377.2,388.3
GENE-16197,NO,29.8,30.4,29.1,0.958,-0.1,0.36,-0.17,8.7e-01,1.0e+00,0.9999,5264,31.7,29.7,29.8,32.7,28.8,25.9
GENE-16198,NO,1463.4,1053.2,1873.5,1.779,0.8,0.52,1.61,1.1e-01,1.0e+00,0.9999,5265,2016.4,389.5,753.8,1393.6,2432.1,1794.9
GENE-16201,NO,723.6,744.3,702.9,0.944,-0.1,0.18,-0.47,6.4e-01,1.0e+00,0.9999,5266,680.4,788.9,763.7,713.1,709.8,685.9
GENE-16203,NO,12.7,14.5,10.9,0.752,-0.4,0.52,-0.79,4.3e-01,1.0e+00,0.9999,5267,12.9,13.8,16.9,10.9,11.9,10
GENE-16206,NO,10.3,9.6,10.9,1.14,0.2,0.58,0.32,7.5e-01,1.0e+00,0.9999,5268,9.9,7.9,10.9,12.9,7.9,11.9
GENE-16211,NO,7.4,7.6,7.3,0.959,-0.1,0.72,-0.08,9.3e-01,1.0e+00,0.9999,5269,7.9,10.9,4,5,9.9,7
GENE-16213,NO,0.7,0.7,0.7,1.003,0,2.48,0,1.0e+00,1.0e+00,0.9999,5270,1,0,1,0,0,2
GENE-16218,NO,276.7,289,264.4,0.915,-0.1,0.24,-0.53,6.0e-01,1.0e+00,0.9999,5271,284.7,246.2,336.2,307,223.4,262.8
GENE-16221,NO,4.3,3.7,5,1.365,0.4,0.97,0.46,6.4e-01,1.0e+00,0.9999,5272,6,3,2,8.9,4,2
GENE-16222,NO,116.2,116.2,116.2,0.999,0,0.25,0,1.0e+00,1.0e+00,0.9999,5273,96.2,125.5,127,117.9,118.1,112.5
GENE-16224,NO,908.9,894.2,923.6,1.033,0,0.25,0.19,8.5e-01,1.0e+00,0.9999,5274,1005.7,1009.3,667.5,1039,870.6,861.1
GENE-16225,NO,66.8,67.7,65.9,0.974,0,0.44,-0.09,9.3e-01,1.0e+00,0.9999,5275,47.6,91.9,63.5,46.6,45.7,105.5
GENE-16229,NO,209.3,200.1,218.4,1.092,0.1,0.22,0.57,5.7e-01,1.0e+00,0.9999,5276,186.5,231.3,182.5,215.9,231.3,208.1
GENE-16230,NO,296.4,300.5,292.2,0.972,0,0.25,-0.16,8.7e-01,1.0e+00,0.9999,5277,286.6,293.6,321.3,281.3,368.3,227
GENE-16234,NO,43.8,50.5,37.1,0.734,-0.4,0.44,-1.01,3.1e-01,1.0e+00,0.9999,5278,49.6,44.5,57.5,18.8,57.6,34.8
GENE-16236,NO,1795,1763.5,1826.5,1.036,0.1,0.16,0.32,7.5e-01,1.0e+00,0.9999,5279,1728.8,1765.6,1796.1,1897.7,1802.7,1779
GENE-16242,NO,40.2,45.6,34.8,0.763,-0.4,0.34,-1.15,2.5e-01,1.0e+00,0.9999,5280,38.7,53.4,44.6,31.7,39.7,32.9
GENE-16249,NO,53.6,55.1,52,0.942,-0.1,0.33,-0.26,7.9e-01,1.0e+00,0.9999,5281,68.4,51.4,45.6,60.4,43.7,51.8
GENE-16250,NO,921.8,879.8,963.8,1.096,0.1,0.19,0.68,5.0e-01,1.0e+00,0.9999,5282,766.7,902.6,970,891.4,1001.6,998.5
GENE-16253,NO,31.6,34,29.1,0.856,-0.2,0.41,-0.54,5.9e-01,1.0e+00,0.9999,5283,37.7,29.7,34.7,38.6,17.9,30.9
GENE-16254,NO,934.7,614.9,1254.5,2.04,1,1.45,0.71,4.8e-01,1.0e+00,0.9999,5284,1057.3,32.6,754.8,1381.7,2283.2,98.6
GENE-16259,NO,18.2,20.1,16.2,0.805,-0.3,0.47,-0.67,5.0e-01,1.0e+00,0.9999,5285,22.8,21.7,15.9,18.8,11.9,17.9
GENE-16260,NO,145.1,150.3,140,0.932,-0.1,0.33,-0.31,7.6e-01,1.0e+00,0.9999,5286,92.2,159.2,199.4,156.5,121.1,142.4
GENE-16264,NO,39.2,39.3,39.1,0.994,0,0.38,-0.02,9.8e-01,1.0e+00,0.9999,5287,29.8,50.4,37.7,44.6,28.8,43.8
GENE-16265,NO,154.4,161.5,147.3,0.912,-0.1,0.29,-0.46,6.5e-01,1.0e+00,0.9999,5288,191.4,132.5,160.7,113.9,143.9,184.2
GENE-16268,NO,47.9,48.5,47.3,0.975,0,0.3,-0.12,9.0e-01,1.0e+00,0.9999,5289,48.6,52.4,44.6,46.6,49.6,45.8
GENE-16272,NO,161.1,175.6,146.6,0.835,-0.3,0.35,-0.74,4.6e-01,1.0e+00,0.9999,5290,157.7,254.1,115,172.3,117.1,150.3
GENE-16274,NO,11.7,12.6,10.9,0.87,-0.2,0.57,-0.35,7.3e-01,1.0e+00,0.9999,5291,15.9,12.9,8.9,14.9,8.9,9
GENE-16275,NO,26.9,28.1,25.8,0.919,-0.1,0.55,-0.22,8.2e-01,1.0e+00,0.9999,5292,39.7,18.8,25.8,41.6,24.8,11
GENE-16276,NO,4.3,4.6,4,0.859,-0.2,0.99,-0.22,8.3e-01,1.0e+00,0.9999,5293,1,4,8.9,3,6,3
GENE-16277,NO,5.1,4,6.3,1.586,0.7,0.84,0.8,4.3e-01,1.0e+00,0.9999,5294,3,3,6,8.9,4,6
GENE-16280,NO,15,14.9,15.2,1.025,0,0.58,0.06,9.5e-01,1.0e+00,0.9999,5295,17.9,19.8,6.9,15.8,9.9,19.9
GENE-16281,NO,2,2,2,1.002,0,1.28,0,1.0e+00,1.0e+00,0.9999,5296,1,1,4,2,2,2
GENE-16285,NO,37.4,39.9,34.8,0.87,-0.2,0.42,-0.48,6.3e-01,1.0e+00,0.9999,5297,33.7,31.6,54.5,22.8,44.7,36.8
GENE-16288,NO,377.4,380.4,374.4,0.984,0,0.21,-0.11,9.1e-01,1.0e+00,0.9999,5298,336.2,407.3,397.7,359.5,344.5,419.1
GENE-16289,NO,748.9,654,843.8,1.29,0.4,0.22,1.7,8.9e-02,1.0e+00,0.9999,5299,758.8,581.3,621.9,965.7,793.2,772.5
GENE-16290,NO,8.1,7.9,8.3,1.044,0.1,0.76,0.08,9.4e-01,1.0e+00,0.9999,5300,6.9,10.9,6,14.9,3,7
GENE-16294,NO,9.8,9.2,10.3,1.11,0.1,0.65,0.23,8.2e-01,1.0e+00,0.9999,5301,8.9,7.9,10.9,5.9,16.9,8
GENE-16301,NO,37.2,37,37.4,1.011,0,0.4,0.04,9.7e-01,1.0e+00,0.9999,5302,41.7,46.5,22.8,44.6,35.7,31.9
GENE-16303,NO,3.5,5,2,0.401,-1.3,1.02,-1.29,2.0e-01,1.0e+00,0.9999,5303,4,6.9,4,1,2,3
GENE-16311,NO,1.7,2,1.3,0.669,-0.6,1.67,-0.35,7.3e-01,1.0e+00,0.9999,5304,4,2,0,1,0,3
GENE-16312,NO,12.4,10.6,14.2,1.346,0.4,0.62,0.7,4.9e-01,1.0e+00,0.9999,5305,16.9,5.9,8.9,14.9,8.9,18.9
GENE-16315,NO,518.4,568.7,468,0.823,-0.3,0.4,-0.71,4.8e-01,1.0e+00,0.9999,5306,887.7,536.8,281.7,402.1,531.1,470.9
GENE-16318,NO,44.6,38.3,50.9,1.33,0.4,0.38,1.09,2.8e-01,1.0e+00,0.9999,5307,48.6,39.5,26.8,48.5,64.5,39.8
GENE-16327,NO,2320,2253.3,2386.8,1.059,0.1,0.22,0.37,7.1e-01,1.0e+00,0.9999,5308,2022.4,1948.5,2788.9,2320.6,2237.5,2602.3
GENE-16329,NO,467.4,448.1,486.6,1.086,0.1,0.24,0.5,6.2e-01,1.0e+00,0.9999,5309,393.8,522,428.5,399.1,488.4,572.4
GENE-16344,NO,6.6,7.9,5.3,0.668,-0.6,0.82,-0.71,4.8e-01,1.0e+00,0.9999,5310,12.9,2,8.9,5,6,5
GENE-16347,NO,2270.1,2662.1,1878.2,0.706,-0.5,0.4,-1.26,2.1e-01,1.0e+00,0.9999,5311,1229.9,2620.7,4135.8,1775.9,1757.1,2101.5
GENE-16350,NO,49.7,49.5,50,1.009,0,0.34,0.04,9.7e-01,1.0e+00,0.9999,5312,44.6,65.2,38.7,47.5,49.6,52.8
GENE-16354,NO,273.7,265.5,281.9,1.062,0.1,0.27,0.32,7.5e-01,1.0e+00,0.9999,5313,326.3,267.9,202.3,284.3,327.6,233.9
GENE-16356,NO,12.1,8.9,15.2,1.707,0.8,0.58,1.32,1.9e-01,1.0e+00,0.9999,5314,11.9,8.9,6,18.8,9.9,16.9
GENE-16361,NO,176.5,178.5,174.6,0.978,0,0.56,-0.06,9.5e-01,1.0e+00,0.9999,5315,162.7,77.1,295.6,315,117.1,91.6
GENE-16367,NO,1.3,2.3,0.3,0.154,-2.7,1.79,-1.51,1.3e-01,1.0e+00,0.9999,5316,3,2,2,1,0,0
GENE-16369,NO,0.8,0.7,1,1.503,0.6,2.07,0.28,7.8e-01,1.0e+00,0.9999,5317,1,1,0,2,0,1
GENE-16372,NO,38.1,25.5,50.7,1.992,1,0.63,1.58,1.1e-01,1.0e+00,0.9999,5318,50.6,12.9,12.9,22.8,63.5,65.7
GENE-16373,NO,150.4,133.8,167.1,1.249,0.3,0.26,1.26,2.1e-01,1.0e+00,0.9999,5319,138.9,122.6,139.8,206,145.9,149.3
GENE-16376,NO,205.1,222.6,187.6,0.843,-0.2,0.32,-0.77,4.4e-01,1.0e+00,0.9999,5320,248,172,247.9,166.4,260.1,136.4
GENE-16377,NO,229,245.8,212.1,0.863,-0.2,0.31,-0.67,5.0e-01,1.0e+00,0.9999,5321,223.2,187.8,326.3,171.3,274,191.1
GENE-16383,YES,6.1,6.3,5.9,0.949,-0.1,0.78,-0.1,9.2e-01,1.0e+00,0.9999,5322,10.9,4,4,5.9,6.9,5
GENE-16384,NO,463.9,503.9,423.8,0.841,-0.2,0.43,-0.58,5.6e-01,1.0e+00,0.9999,5323,582.2,250.1,679.4,236.7,538,496.8
GENE-16386,NO,1638.3,1741.8,1534.8,0.881,-0.2,0.28,-0.66,5.1e-01,1.0e+00,0.9999,5324,1726.8,1984.1,1514.5,1216.3,1307.4,2080.6
GENE-16391,NO,126.3,126.1,126.4,1.002,0,0.25,0.01,9.9e-01,1.0e+00,0.9999,5325,108.1,118.6,151.7,120.8,130,128.4
GENE-16394,NO,59.5,66,52.9,0.802,-0.3,0.4,-0.79,4.3e-01,1.0e+00,0.9999,5326,96.2,66.2,35.7,57.4,48.6,52.8
GENE-16395,NO,699.9,676.7,723,1.068,0.1,0.23,0.42,6.7e-01,1.0e+00,0.9999,5327,619.9,649.5,760.7,603.2,708.8,857.1
GENE-16396,NO,1325,1406.1,1243.8,0.885,-0.2,0.19,-0.91,3.6e-01,1.0e+00,0.9999,5328,1368.7,1473,1376.6,1348,1330.2,1053.3
GENE-16407,NO,16.4,18.5,14.2,0.769,-0.4,0.48,-0.78,4.3e-01,1.0e+00,0.9999,5329,21.8,16.8,16.9,17.8,10.9,13.9
GENE-16411,NO,757.5,739.9,775,1.048,0.1,0.25,0.27,7.9e-01,1.0e+00,0.9999,5330,560.4,931.2,728,828,741.5,755.6
GENE-16414,NO,53.7,48.5,58.9,1.214,0.3,0.47,0.6,5.5e-01,1.0e+00,0.9999,5331,42.6,42.5,60.5,30.7,99.3,46.8
GENE-16415,NO,689.8,661.3,718.2,1.086,0.1,0.37,0.32,7.5e-01,1.0e+00,0.9999,5332,604,830.4,549.5,883.5,364.3,906.9
GENE-16417,NO,159.4,164.8,153.9,0.934,-0.1,0.26,-0.38,7.0e-01,1.0e+00,0.9999,5333,183.5,144.3,166.6,124.8,184.6,152.3
GENE-16420,NO,6179.4,5979.8,6379,1.067,0.1,0.25,0.37,7.1e-01,1.0e+00,0.9999,5334,5769.5,5900.8,6269.2,7375.8,7234.7,4526.6
GENE-16424,NO,1035.6,1009.5,1061.8,1.052,0.1,0.2,0.37,7.1e-01,1.0e+00,0.9999,5335,1093,1067.7,867.8,1065.7,971.8,1147.8
GENE-16425,NO,225.6,224.6,226.7,1.009,0,0.23,0.06,9.5e-01,1.0e+00,0.9999,5336,233.1,229.3,211.3,241.7,252.1,186.2
GENE-16428,NO,218.6,226.3,210.9,0.932,-0.1,0.26,-0.39,7.0e-01,1.0e+00,0.9999,5337,288.6,183.9,206.3,200.1,202.5,230
GENE-16431,NO,2.5,3.6,1.3,0.364,-1.5,1.25,-1.16,2.5e-01,1.0e+00,0.9999,5338,6.9,2,2,1,2,1
GENE-16438,NO,1.7,1.3,2,1.502,0.6,1.49,0.39,6.9e-01,1.0e+00,0.9999,5339,3,0,1,2,3,1
GENE-16447,NO,4.1,3.7,4.6,1.275,0.4,0.92,0.38,7.0e-01,1.0e+00,0.9999,5340,3,3,5,6.9,2,5
GENE-16449,NO,186,180.3,191.7,1.063,0.1,0.43,0.21,8.4e-01,1.0e+00,0.9999,5341,136.9,242.2,161.7,94.1,297.8,183.2
GENE-16450,NO,1,1,1,1.002,0,1.68,0,1.0e+00,1.0e+00,0.9999,5342,1,1,1,1,1,1
GENE-16452,NO,5,5,5,1.002,0,0.85,0,1.0e+00,1.0e+00,0.9999,5343,6.9,3,5,4,7.9,3
GENE-16454,NO,399.1,381.1,417,1.094,0.1,0.22,0.59,5.5e-01,1.0e+00,0.9999,5344,404.7,354.9,383.8,466.5,340.5,444
GENE-16459,NO,16,13.5,18.5,1.368,0.5,0.53,0.86,3.9e-01,1.0e+00,0.9999,5345,11.9,16.8,11.9,26.7,16.9,11.9
GENE-16463,NO,596.1,577.3,614.9,1.065,0.1,0.18,0.5,6.1e-01,1.0e+00,0.9999,5346,548.5,568.4,614.9,599.2,661.1,584.4
GENE-16466,NO,11.7,10.6,12.9,1.221,0.3,0.69,0.41,6.8e-01,1.0e+00,0.9999,5347,15.9,7.9,7.9,8.9,23.8,6
GENE-16469,NO,269.3,236.4,302.1,1.278,0.4,0.39,0.91,3.6e-01,1.0e+00,0.9999,5348,228.1,233.3,247.9,186.2,218.4,501.7
GENE-16470,NO,897.3,821.6,973,1.184,0.2,0.18,1.35,1.8e-01,1.0e+00,0.9999,5349,735.9,827.4,901.5,999.4,954,965.7
GENE-16471,NO,735.4,770.8,700,0.908,-0.1,0.22,-0.62,5.3e-01,1.0e+00,0.9999,5350,843.1,767.1,702.2,778.5,557.9,763.6
GENE-16473,NO,1,1,1,1,0,1.93,0,1.0e+00,1.0e+00,0.9999,5351,2,0,1,2,1,0
GENE-16476,NO,2559,2805.9,2312.2,0.824,-0.3,0.27,-1.05,2.9e-01,1.0e+00,0.9999,5352,3512.1,2699.8,2205.8,2536.5,1808.7,2591.3
GENE-16477,NO,46.8,46.2,47.3,1.024,0,0.31,0.11,9.1e-01,1.0e+00,0.9999,5353,48.6,46.5,43.6,52.5,43.7,45.8
GENE-16480,NO,4.5,4,5,1.253,0.3,0.84,0.38,7.0e-01,1.0e+00,0.9999,5354,4,4.9,3,5.9,4,5
GENE-16483,NO,51.4,48.9,54,1.104,0.1,0.35,0.41,6.8e-01,1.0e+00,0.9999,5355,53.6,33.6,59.5,46.6,52.6,62.7
GENE-16485,NO,96.5,100,93,0.929,-0.1,0.28,-0.38,7.0e-01,1.0e+00,0.9999,5356,83.3,99.8,117,91.1,107.2,80.6
GENE-16487,NO,4.5,3,6,2.004,1,0.89,1.13,2.6e-01,1.0e+00,0.9999,5357,2,2,5,5,6.9,6
GENE-16489,NO,92.7,96.7,88.7,0.917,-0.1,0.27,-0.46,6.4e-01,1.0e+00,0.9999,5358,88.3,108.7,93.2,73.3,101.3,91.6
GENE-16495,NO,1.2,1,1.3,1.337,0.4,2.12,0.2,8.4e-01,1.0e+00,0.9999,5359,0,0,3,1,0,3
GENE-16499,NO,3.6,3.7,3.7,1.002,0,0.94,0,1.0e+00,1.0e+00,0.9999,5360,4,4,3,5,2,4
GENE-16500,NO,34.7,34,35.4,1.041,0.1,0.4,0.14,8.8e-01,1.0e+00,0.9999,5361,20.8,37.6,43.6,31.7,40.7,33.8
GENE-16502,NO,983.8,989.2,978.4,0.989,0,0.31,-0.05,9.6e-01,1.0e+00,0.9999,5362,992.8,1154.6,820.2,895.4,1357,682.9
GENE-16503,NO,114.2,120.3,108.2,0.9,-0.2,0.31,-0.5,6.2e-01,1.0e+00,0.9999,5363,137.9,82.1,140.8,112.9,118.1,93.6
GENE-16505,NO,29.1,29.7,28.5,0.957,-0.1,0.45,-0.14,8.9e-01,1.0e+00,0.9999,5364,24.8,27.7,36.7,37.6,15.9,31.9
GENE-16508,NO,5.1,5.3,5,0.94,-0.1,0.79,-0.11,9.1e-01,1.0e+00,0.9999,5365,5,6.9,4,5,4,6
GENE-16512,YES,0.8,1.3,0.3,0.269,-1.9,2.32,-0.82,4.1e-01,1.0e+00,0.9999,5366,3,0,1,1,0,0
GENE-16514,NO,2.8,2,3.6,1.836,0.9,1.13,0.77,4.4e-01,1.0e+00,0.9999,5367,2,2,2,5.9,4,1
GENE-16519,NO,11.7,11.9,11.6,0.974,0,0.6,-0.06,9.5e-01,1.0e+00,0.9999,5368,17.9,6.9,10.9,13.9,12.9,8
GENE-16522,NO,12.9,13.9,11.9,0.859,-0.2,0.56,-0.39,7.0e-01,1.0e+00,0.9999,5369,12.9,19.8,8.9,10.9,14.9,10
GENE-16525,NO,42.1,50.2,34.1,0.679,-0.6,0.35,-1.58,1.1e-01,1.0e+00,0.9999,5370,49.6,61.3,39.7,27.7,35.7,38.8
GENE-16534,NO,25.3,29.1,21.5,0.74,-0.4,0.43,-1.01,3.1e-01,1.0e+00,0.9999,5371,30.7,19.8,36.7,17.8,24.8,21.9
GENE-16540,NO,1378.2,1386.9,1369.5,0.987,0,0.19,-0.09,9.2e-01,1.0e+00,0.9999,5372,1225.9,1534.3,1400.4,1289.6,1497,1322
GENE-16542,NO,5.5,4.3,6.6,1.541,0.6,0.87,0.72,4.7e-01,1.0e+00,0.9999,5373,4,5.9,3,8.9,8.9,2
GENE-16544,NO,222.5,218.6,226.3,1.035,0,0.23,0.22,8.3e-01,1.0e+00,0.9999,5374,217.2,194.7,244,249.6,235.3,194.1
GENE-16547,NO,82,78.3,85.7,1.095,0.1,0.32,0.41,6.8e-01,1.0e+00,0.9999,5375,65.5,63.3,106.1,72.3,92.3,92.6
GENE-16554,NO,1289.6,1136.9,1442.3,1.269,0.3,0.23,1.51,1.3e-01,1.0e+00,0.9999,5376,903.6,1223.8,1283.4,1367.8,1632,1327
GENE-16557,NO,1.7,2.3,1,0.429,-1.2,1.51,-0.81,4.2e-01,1.0e+00,0.9999,5377,1,2,4,2,1,0
GENE-16563,NO,114,116.2,111.8,0.962,-0.1,0.25,-0.22,8.2e-01,1.0e+00,0.9999,5378,105.1,111.7,131.9,126.8,103.2,105.5
GENE-16564,NO,4.8,5.6,4,0.707,-0.5,0.99,-0.5,6.1e-01,1.0e+00,0.9999,5379,3,3,10.9,4,6.9,1
GENE-16565,NO,86.1,86.5,85.7,0.991,0,0.27,-0.05,9.6e-01,1.0e+00,0.9999,5380,82.3,90.9,86.3,86.2,99.3,71.7
GENE-16567,NO,3,3,3,1.002,0,1.07,0,1.0e+00,1.0e+00,0.9999,5381,2,3,4,5,1,3
GENE-16572,NO,475.9,440.6,511.2,1.16,0.2,0.2,1.05,2.9e-01,1.0e+00,0.9999,5382,495.9,397.4,428.5,544.7,530.1,458.9
GENE-16573,NO,16.7,15.9,17.6,1.107,0.1,0.52,0.28,7.8e-01,1.0e+00,0.9999,5383,17.9,9.9,19.8,12.9,15.9,23.9
GENE-16574,NO,154.5,161.5,147.6,0.914,-0.1,0.25,-0.52,6.0e-01,1.0e+00,0.9999,5384,153.7,172,158.7,181.3,136,125.4
GENE-16577,NO,67.6,58.5,76.8,1.314,0.4,0.29,1.34,1.8e-01,1.0e+00,0.9999,5385,59.5,55.4,60.5,67.4,94.3,68.7
GENE-16578,NO,1.8,1.3,2.3,1.755,0.8,1.35,0.6,5.5e-01,1.0e+00,0.9999,5386,1,1,2,1,2,4
GENE-16583,NO,1021,1003.8,1038.2,1.034,0,0.36,0.14,8.9e-01,1.0e+00,0.9999,5387,597.1,1132.9,1281.4,1058.8,715.7,1340
GENE-16584,NO,586,614.3,557.7,0.908,-0.1,0.19,-0.75,4.5e-01,1.0e+00,0.9999,5388,568.3,588.2,686.3,548.7,565.8,558.5
GENE-16592,NO,23.3,25.4,21.2,0.833,-0.3,0.45,-0.59,5.6e-01,1.0e+00,0.9999,5389,20.8,19.8,35.7,19.8,25.8,17.9
GENE-16599,NO,370.8,325,416.7,1.282,0.4,0.31,1.14,2.5e-01,1.0e+00,0.9999,5390,426.5,325.2,223.2,354.6,527.1,368.3
GENE-16601,NO,4342.8,4372.4,4313.2,0.986,0,0.23,-0.09,9.3e-01,1.0e+00,0.9999,5391,4053.6,4067,4996.7,3545.8,4155.4,5238.4
GENE-16605,NO,0.7,1,0.3,0.359,-1.5,2.44,-0.61,5.4e-01,1.0e+00,0.9999,5392,1,0,2,1,0,0
GENE-16607,NO,66.5,62.1,70.9,1.141,0.2,0.29,0.66,5.1e-01,1.0e+00,0.9999,5393,60.5,69.2,56.5,76.3,58.6,77.7
GENE-16608,NO,333.2,346.1,320.3,0.925,-0.1,0.26,-0.43,6.7e-01,1.0e+00,0.9999,5394,301.5,315.4,421.5,316.9,384.2,259.8
GENE-16610,NO,55.4,53.9,56.9,1.057,0.1,0.34,0.23,8.2e-01,1.0e+00,0.9999,5395,59.5,37.6,64.5,49.5,52.6,68.7
GENE-16611,NO,316.2,313.1,319.4,1.02,0,0.28,0.1,9.2e-01,1.0e+00,0.9999,5396,221.2,310.4,407.6,350.6,287.9,319.6
GENE-16615,NO,25.5,19.2,31.8,1.66,0.7,0.48,1.53,1.3e-01,1.0e+00,0.9999,5397,13.9,29.7,13.9,27.7,25.8,41.8
GENE-16629,NO,545.4,520.5,570.2,1.096,0.1,0.2,0.67,5.0e-01,1.0e+00,0.9999,5398,489,473.5,599,570.5,572.8,567.4
GENE-16637,NO,33.2,34,32.4,0.953,-0.1,0.56,-0.13,9.0e-01,1.0e+00,0.9999,5399,34.7,15.8,51.6,51.5,16.9,28.9
GENE-16638,NO,958.8,860.5,1057.1,1.229,0.3,0.45,0.66,5.1e-01,1.0e+00,0.9999,5400,790.5,692,1098.9,1580.7,404,1186.7
GENE-16646,NO,70.6,70.4,70.8,1.006,0,0.38,0.02,9.8e-01,1.0e+00,0.9999,5401,88.3,42.5,80.3,76.3,86.4,49.8
GENE-16652,NO,1.3,1.7,1,0.602,-0.7,1.76,-0.42,6.8e-01,1.0e+00,0.9999,5402,0,3,2,0,1,2
GENE-16666,NO,30.1,31.4,28.8,0.917,-0.1,0.44,-0.28,7.8e-01,1.0e+00,0.9999,5403,25.8,23.7,44.6,38.6,24.8,22.9
GENE-16669,NO,8.3,7.3,9.3,1.275,0.4,0.7,0.5,6.2e-01,1.0e+00,0.9999,5404,11.9,3,6.9,9.9,8.9,9
GENE-16671,NO,590.5,635.1,545.9,0.86,-0.2,0.42,-0.53,6.0e-01,1.0e+00,0.9999,5405,413.6,889.7,602,584.4,281.9,771.5
GENE-16675,NO,75.9,81,70.8,0.875,-0.2,0.34,-0.56,5.8e-01,1.0e+00,0.9999,5406,65.5,63.3,114.1,60.4,71.5,80.6
GENE-16677,NO,24.6,24.8,24.5,0.989,0,0.4,-0.04,9.7e-01,1.0e+00,0.9999,5407,23.8,20.8,29.8,24.8,21.8,26.9
GENE-16681,NO,1863.6,1769.9,1957.2,1.106,0.1,0.2,0.72,4.7e-01,1.0e+00,0.9999,5408,1986.6,1649.9,1673.2,2257.2,1828.5,1786
GENE-16682,NO,201.1,199.8,202.5,1.013,0,0.28,0.07,9.5e-01,1.0e+00,0.9999,5409,176.5,174,248.9,255.5,185.6,166.3
GENE-16686,NO,261.6,242.1,281.1,1.161,0.2,0.27,0.79,4.3e-01,1.0e+00,0.9999,5410,288.6,253.1,184.5,239.7,262.1,341.5
GENE-16687,NO,0.7,0.7,0.7,1.002,0,2.48,0,1.0e+00,1.0e+00,0.9999,5411,0,1,1,0,2,0
GENE-16688,NO,6.6,5.6,7.6,1.356,0.4,0.82,0.54,5.9e-01,1.0e+00,0.9999,5412,5,5.9,6,5,14.9,3
GENE-16691,NO,47.8,30,65.6,2.183,1.1,0.75,1.5,1.3e-01,1.0e+00,0.9999,5413,9.9,61.3,18.8,85.2,13.9,97.6
GENE-16693,NO,5.6,6.6,4.7,0.702,-0.5,0.79,-0.65,5.2e-01,1.0e+00,0.9999,5414,5,7.9,6.9,3,4,7
GENE-16695,NO,114.2,93.1,135.3,1.453,0.5,0.4,1.34,1.8e-01,1.0e+00,0.9999,5415,133.9,87,58.5,147.6,173.7,84.6
GENE-16696,NO,0.8,0.7,1,1.504,0.6,2.35,0.25,8.0e-01,1.0e+00,0.9999,5416,0,1,1,0,3,0
GENE-16700,NO,6.6,7.3,6,0.82,-0.3,0.84,-0.34,7.3e-01,1.0e+00,0.9999,5417,5,6.9,9.9,7.9,1,9
GENE-16702,YES,3.8,3.7,4,1.093,0.1,0.95,0.13,8.9e-01,1.0e+00,0.9999,5418,5,4,2,4,6,2
GENE-16703,NO,8.9,8.2,9.6,1.162,0.2,0.66,0.33,7.4e-01,1.0e+00,0.9999,5419,9.9,7.9,6.9,13.9,5,10
GENE-16712,NO,800.1,800.9,799.3,0.998,0,0.18,-0.02,9.9e-01,1.0e+00,0.9999,5420,785.5,745.4,871.8,810.2,777.3,810.4
GENE-16715,NO,12.4,15.5,9.3,0.597,-0.7,0.58,-1.29,2.0e-01,1.0e+00,0.9999,5421,12.9,18.8,14.9,12.9,9.9,5
GENE-16739,NO,18292.1,18813.8,17770.4,0.945,-0.1,0.24,-0.35,7.3e-01,1.0e+00,0.9999,5422,19121.6,21115.8,16204,18217.2,13905.5,21188.6
GENE-16740,NO,217,239.7,194.2,0.81,-0.3,0.24,-1.25,2.1e-01,1.0e+00,0.9999,5423,191.4,268.9,258.9,212.9,173.7,196.1
GENE-16741,NO,1,0.7,1.3,2.004,1,1.81,0.55,5.8e-01,1.0e+00,0.9999,5424,0,1,1,2,1,1
GENE-16749,NO,76.4,79.3,73.5,0.927,-0.1,0.33,-0.33,7.4e-01,1.0e+00,0.9999,5425,97.2,79.1,61.5,65.4,59.6,95.6
GENE-16750,NO,3.6,4.3,3,0.694,-0.5,1.02,-0.52,6.0e-01,1.0e+00,0.9999,5426,6.9,4,2,4,1,4
GENE-16755,NO,45.5,45.2,45.7,1.009,0,0.33,0.04,9.7e-01,1.0e+00,0.9999,5427,44.6,36.6,54.5,44.6,45.7,46.8
GENE-16759,NO,470.2,489.4,450.9,0.921,-0.1,0.26,-0.46,6.5e-01,1.0e+00,0.9999,5428,390.8,502.2,575.2,355.6,474.5,522.6
GENE-16762,NO,19.2,18.5,19.9,1.074,0.1,0.5,0.21,8.4e-01,1.0e+00,0.9999,5429,20.8,12.9,21.8,13.9,16.9,28.9
GENE-16763,NO,9.4,8.2,10.6,1.283,0.4,0.61,0.59,5.6e-01,1.0e+00,0.9999,5430,10.9,5.9,7.9,10.9,8.9,11.9
GENE-16765,NO,8.9,9.9,7.9,0.802,-0.3,0.66,-0.49,6.3e-01,1.0e+00,0.9999,5431,15.9,6.9,6.9,7.9,7.9,8
GENE-16772,NO,35.4,38,32.7,0.863,-0.2,0.36,-0.59,5.6e-01,1.0e+00,0.9999,5432,35.7,41.5,36.7,38.6,35.7,23.9
GENE-16776,NO,9.3,7.9,10.6,1.337,0.4,0.67,0.62,5.4e-01,1.0e+00,0.9999,5433,3,11.9,8.9,9.9,12.9,9
GENE-16778,NO,1567.7,1661.3,1474.2,0.887,-0.2,0.18,-0.94,3.5e-01,1.0e+00,0.9999,5434,1876.6,1504.6,1602.7,1415.3,1498,1509.2
GENE-16779,NO,13.4,17.2,9.6,0.559,-0.8,0.67,-1.26,2.1e-01,1.0e+00,0.9999,5435,19.8,13.8,17.9,15.8,2,11
GENE-16781,NO,1.3,1,1.7,1.67,0.7,1.53,0.48,6.3e-01,1.0e+00,0.9999,5436,1,1,1,1,3,1
GENE-16782,NO,1858.2,1747.2,1969.3,1.127,0.2,0.2,0.85,4.0e-01,1.0e+00,0.9999,5437,1707.9,1547.1,1986.6,1750.1,1957.6,2200.1
GENE-16784,NO,2,1.3,2.7,2.004,1,1.27,0.79,4.3e-01,1.0e+00,0.9999,5438,2,1,1,2,3,3
GENE-16785,NO,8.4,7.3,9.6,1.321,0.4,0.68,0.59,5.5e-01,1.0e+00,0.9999,5439,6,9.9,6,11.9,11.9,5
GENE-16788,NO,588.3,535,641.6,1.199,0.3,0.24,1.07,2.8e-01,1.0e+00,0.9999,5440,564.4,553.6,487,655.7,780.3,488.8
GENE-16795,NO,1.3,1.7,1,0.601,-0.7,1.59,-0.46,6.4e-01,1.0e+00,0.9999,5441,2,1,2,2,1,0
GENE-16796,NO,38,40.3,35.7,0.887,-0.2,0.36,-0.47,6.4e-01,1.0e+00,0.9999,5442,36.7,50.4,33.7,42.6,35.7,28.9
GENE-16803,NO,34.2,37.3,31.1,0.834,-0.3,0.37,-0.71,4.8e-01,1.0e+00,0.9999,5443,27.8,41.5,42.6,35.7,28.8,28.9
GENE-16805,NO,1202.2,1307.3,1097,0.839,-0.3,0.23,-1.1,2.7e-01,1.0e+00,0.9999,5444,1008.7,1405.7,1507.5,1124.2,1162.4,1004.5
GENE-16809,NO,0.7,0.7,0.7,1.003,0,2.22,0,1.0e+00,1.0e+00,0.9999,5445,1,1,0,0,1,1
GENE-16812,NO,19.2,17.2,21.2,1.233,0.3,0.47,0.64,5.2e-01,1.0e+00,0.9999,5446,18.8,11.9,20.8,15.8,22.8,24.9
GENE-16817,NO,144.5,159.2,129.8,0.815,-0.3,0.35,-0.85,4.0e-01,1.0e+00,0.9999,5447,105.1,134.4,238,120.8,126.1,142.4
GENE-16820,NO,672.9,702.9,642.8,0.915,-0.1,0.23,-0.56,5.7e-01,1.0e+00,0.9999,5448,673.5,587.2,848,572.5,652.2,703.8
GENE-16825,NO,293.6,300.2,287,0.956,-0.1,0.2,-0.32,7.5e-01,1.0e+00,0.9999,5449,269.8,328.2,302.5,279.3,278,303.6
GENE-16828,NO,4299.2,4353.4,4245,0.975,0,0.29,-0.12,9.0e-01,1.0e+00,0.9999,5450,3711.4,3272.2,6076.7,3777.5,4910.8,4046.8
GENE-16834,NO,58.7,64,53.3,0.832,-0.3,0.36,-0.73,4.6e-01,1.0e+00,0.9999,5451,82.3,66.2,43.6,40.6,56.6,62.7
GENE-16835,NO,5.5,4,7,1.754,0.8,0.82,0.98,3.3e-01,1.0e+00,0.9999,5452,5,3,4,5.9,4,11
GENE-16839,NO,58.5,54.2,62.9,1.161,0.2,0.31,0.69,4.9e-01,1.0e+00,0.9999,5453,57.5,45.5,59.5,50.5,71.5,66.7
GENE-16840,NO,93.9,107,80.8,0.755,-0.4,0.29,-1.39,1.7e-01,1.0e+00,0.9999,5454,119,118.6,83.3,72.3,97.3,72.7
GENE-16843,NO,31.1,31.4,30.8,0.981,0,0.37,-0.08,9.4e-01,1.0e+00,0.9999,5455,31.7,32.6,29.8,37.6,25.8,28.9
GENE-16847,NO,1,1.3,0.7,0.5,-1,2.21,-0.45,6.5e-01,1.0e+00,0.9999,5456,1,0,3,2,0,0
GENE-16854,NO,80.5,81.6,79.4,0.973,0,0.32,-0.12,9.0e-01,1.0e+00,0.9999,5457,67.4,89,88.3,104,72.5,61.7
GENE-16855,NO,441.2,448.9,433.5,0.966,-0.1,0.19,-0.26,8.0e-01,1.0e+00,0.9999,5458,461.2,399.4,486,424.9,462.6,413.1
GENE-16858,NO,1098.3,1167.7,1028.8,0.881,-0.2,0.44,-0.41,6.8e-01,1.0e+00,0.9999,5459,1339,1190.2,973.9,466.5,814,1805.9
GENE-16860,NO,12.1,13.6,10.6,0.782,-0.4,0.56,-0.64,5.2e-01,1.0e+00,0.9999,5460,16.9,10.9,12.9,9.9,13.9,8
GENE-16869,NO,451.5,517.3,385.6,0.745,-0.4,0.39,-1.1,2.7e-01,1.0e+00,0.9999,5461,444.3,366.8,740.9,257.5,572.8,326.5
GENE-16876,NO,617.7,590.8,644.6,1.091,0.1,0.19,0.67,5.0e-01,1.0e+00,0.9999,5462,562.4,588.2,621.9,703.2,649.2,581.4
GENE-16878,NO,694.7,706,683.4,0.968,0,0.21,-0.22,8.2e-01,1.0e+00,0.9999,5463,592.1,708.8,817.2,685.4,732.6,632.2
GENE-16880,NO,2.3,1.7,3,1.805,0.9,1.2,0.71,4.8e-01,1.0e+00,0.9999,5464,1,3,1,3,2,4
GENE-16882,NO,15.4,17.8,12.9,0.724,-0.5,0.54,-0.86,3.9e-01,1.0e+00,0.9999,5465,10.9,20.8,21.8,7.9,15.9,14.9
GENE-16883,NO,616.6,616.7,616.5,1,0,0.21,0,1.0e+00,1.0e+00,0.9999,5466,641.7,517,691.3,645.8,644.3,559.5
GENE-16884,NO,21,16.2,25.8,1.595,0.7,0.45,1.49,1.4e-01,1.0e+00,0.9999,5467,18.8,18.8,10.9,30.7,24.8,21.9
GENE-16885,NO,33.5,41.6,25.5,0.612,-0.7,0.58,-1.22,2.2e-01,1.0e+00,0.9999,5468,20.8,36.6,67.4,42.6,11.9,21.9
GENE-16887,NO,19,20.2,17.9,0.887,-0.2,0.5,-0.35,7.3e-01,1.0e+00,0.9999,5469,17.9,18.8,23.8,25.8,17.9,10
GENE-16892,NO,83.1,91.4,74.8,0.818,-0.3,0.38,-0.76,4.5e-01,1.0e+00,0.9999,5470,76.4,125.5,72.4,87.2,91.3,45.8
GENE-16893,NO,166.1,147.9,184.3,1.246,0.3,0.21,1.51,1.3e-01,1.0e+00,0.9999,5471,143.8,155.2,144.8,188.2,188.6,176.2
GENE-16902,NO,5.5,5.9,5,0.834,-0.3,0.93,-0.28,7.8e-01,1.0e+00,0.9999,5472,4,4.9,8.9,9.9,1,4
GENE-16903,NO,12.2,12.9,11.6,0.899,-0.2,0.56,-0.27,7.8e-01,1.0e+00,0.9999,5473,10.9,12.9,14.9,13.9,6.9,13.9
GENE-16904,NO,5,4.6,5.3,1.145,0.2,0.87,0.22,8.2e-01,1.0e+00,0.9999,5474,4,3,6.9,3,8.9,4
GENE-16907,NO,1.5,1.3,1.7,1.252,0.3,1.57,0.21,8.4e-01,1.0e+00,0.9999,5475,3,1,0,1,3,1
GENE-16909,NO,492.7,529.4,456,0.861,-0.2,0.19,-1.11,2.7e-01,1.0e+00,0.9999,5476,557.4,530.9,499.9,442.7,510.2,415.1
GENE-16910,YES,0.7,0.3,1,2.797,1.5,2.2,0.68,5.0e-01,1.0e+00,0.9999,5477,0,0,1,1,1,1
GENE-16911,NO,1.2,1.3,1,0.752,-0.4,1.86,-0.22,8.3e-01,1.0e+00,0.9999,5478,1,0,3,0,1,2
GENE-16912,NO,15.4,16.2,14.6,0.9,-0.2,0.56,-0.27,7.9e-01,1.0e+00,0.9999,5479,18.8,6.9,22.8,14.9,12.9,15.9
GENE-16918,NO,1,1.3,0.7,0.502,-1,2.21,-0.45,6.5e-01,1.0e+00,0.9999,5480,3,1,0,0,0,2
GENE-16919,NO,508.8,435.2,582.3,1.338,0.4,0.54,0.78,4.3e-01,1.0e+00,0.9999,5481,482,159.2,664.5,260.5,633.3,853.2
GENE-16920,NO,339.2,339.8,338.6,0.996,0,0.18,-0.03,9.8e-01,1.0e+00,0.9999,5482,342.2,338.1,339.2,335.8,335.5,344.4
GENE-16923,NO,86.3,85.2,87.4,1.026,0,0.29,0.13,9.0e-01,1.0e+00,0.9999,5483,89.3,93.9,72.4,76.3,78.4,107.5
GENE-16926,NO,14.1,15.5,12.6,0.81,-0.3,0.54,-0.56,5.7e-01,1.0e+00,0.9999,5484,20.8,13.8,11.9,9.9,10.9,16.9
GENE-16927,NO,9670.7,9836.2,9505.2,0.966,0,0.19,-0.26,8.0e-01,1.0e+00,0.9999,5485,11096.6,8974.2,9437.9,10546.2,9367,8602.3
GENE-16934,NO,10.1,13.2,7,0.526,-0.9,0.61,-1.51,1.3e-01,1.0e+00,0.9999,5486,15.9,11.9,11.9,5,9.9,6
GENE-16935,NO,3,3,3,1.002,0,1.05,0,1.0e+00,1.0e+00,0.9999,5487,5,2,2,4,3,2
GENE-16937,NO,365.6,395.7,335.5,0.848,-0.2,0.21,-1.11,2.7e-01,1.0e+00,0.9999,5488,433.4,356.9,396.7,384.3,325.6,296.7
GENE-16938,NO,1,1.3,0.7,0.502,-1,1.99,-0.5,6.2e-01,1.0e+00,0.9999,5489,0,3,1,0,1,1
GENE-16939,NO,331.4,356.5,306.2,0.859,-0.2,0.31,-0.71,4.8e-01,1.0e+00,0.9999,5490,306.5,501.2,261.8,274.4,282.9,361.4
GENE-16940,NO,20.3,16.2,24.5,1.514,0.6,0.45,1.33,1.8e-01,1.0e+00,0.9999,5491,16.9,14.8,16.9,17.8,30.8,24.9
GENE-16943,NO,58.7,57.1,60.2,1.054,0.1,0.34,0.22,8.2e-01,1.0e+00,0.9999,5492,53.6,59.3,58.5,71.3,69.5,39.8
GENE-16945,NO,4.1,4,4.3,1.086,0.1,1.08,0.11,9.1e-01,1.0e+00,0.9999,5493,7.9,4,0,3,6,4
GENE-16946,NO,372.4,397,347.8,0.876,-0.2,0.19,-0.98,3.3e-01,1.0e+00,0.9999,5494,406.7,399.4,384.8,371.4,307.7,364.4
GENE-16948,NO,370.3,323.9,416.7,1.286,0.4,0.21,1.7,8.9e-02,1.0e+00,0.9999,5495,336.2,367.7,267.8,416,411,423.1
GENE-16954,NO,14.7,11.9,17.5,1.476,0.6,0.6,0.94,3.5e-01,1.0e+00,0.9999,5496,5,20.8,9.9,19.8,17.9,14.9
GENE-16956,NO,69.3,67.4,71.2,1.056,0.1,0.3,0.26,8.0e-01,1.0e+00,0.9999,5497,73.4,51.4,77.4,62.4,70.5,80.6
GENE-16958,NO,2.5,2,3,1.503,0.6,1.19,0.49,6.2e-01,1.0e+00,0.9999,5498,3,2,1,3,5,1
GENE-16959,NO,13.1,15.2,10.9,0.719,-0.5,0.55,-0.87,3.9e-01,1.0e+00,0.9999,5499,12.9,20.8,11.9,12.9,7.9,11.9
GENE-16961,NO,855.3,964.3,746.2,0.774,-0.4,0.39,-0.96,3.4e-01,1.0e+00,0.9999,5500,1033.5,642.6,1216.9,447.7,672,1119
GENE-16962,NO,2,1.3,2.7,2.005,1,1.39,0.72,4.7e-01,1.0e+00,0.9999,5501,1,2,1,1,6,1
GENE-16967,NO,37.8,41.6,34.1,0.819,-0.3,0.44,-0.65,5.1e-01,1.0e+00,0.9999,5502,60.5,35.6,28.8,43.6,36.7,21.9
GENE-16968,NO,932.5,922.5,942.6,1.022,0,0.2,0.15,8.8e-01,1.0e+00,0.9999,5503,1050.4,795.8,921.4,889.4,1022.5,915.9
GENE-16972,NO,744.6,668.7,820.6,1.227,0.3,0.31,0.94,3.5e-01,1.0e+00,0.9999,5504,690.3,419.2,896.6,948.8,779.3,733.7
GENE-16974,NO,13.4,12.6,14.2,1.134,0.2,0.53,0.34,7.3e-01,1.0e+00,0.9999,5505,9.9,10.9,16.9,16.8,11.9,13.9
GENE-16975,NO,16,18.2,13.9,0.765,-0.4,0.52,-0.74,4.6e-01,1.0e+00,0.9999,5506,10.9,19.8,23.8,10.9,15.9,14.9
GENE-16977,NO,4.8,5.3,4.3,0.814,-0.3,0.87,-0.34,7.3e-01,1.0e+00,0.9999,5507,5,3,7.9,5,6,2
GENE-16983,NO,74.7,75,74.5,0.993,0,0.27,-0.04,9.7e-01,1.0e+00,0.9999,5508,82.3,67.2,75.4,71.3,76.4,75.7
GENE-16985,NO,251.2,256.6,245.9,0.958,-0.1,0.22,-0.28,7.8e-01,1.0e+00,0.9999,5509,297.6,250.1,222.2,262.5,230.3,244.9
GENE-16986,NO,5.9,6.6,5.3,0.801,-0.3,0.84,-0.38,7.0e-01,1.0e+00,0.9999,5510,7.9,6.9,5,7.9,6.9,1
GENE-16991,NO,15,15.2,14.9,0.98,0,0.53,-0.05,9.6e-01,1.0e+00,0.9999,5511,17.9,17.8,9.9,17.8,9.9,16.9
GENE-16992,NO,27.8,27.4,28.1,1.026,0,0.46,0.08,9.4e-01,1.0e+00,0.9999,5512,39.7,18.8,23.8,24.8,38.7,20.9
GENE-16998,NO,16.2,15.5,16.9,1.087,0.1,0.47,0.25,8.0e-01,1.0e+00,0.9999,5513,15.9,16.8,13.9,20.8,14.9,14.9
GENE-16999,NO,162.1,181.9,142.3,0.782,-0.4,0.34,-1.04,3.0e-01,1.0e+00,0.9999,5514,108.1,235.3,202.3,123.8,164.8,138.4
GENE-17002,NO,2.3,3.7,1,0.273,-1.9,1.27,-1.48,1.4e-01,1.0e+00,0.9999,5515,4,3,4,1,1,1
GENE-17009,NO,736.8,784.4,689.4,0.879,-0.2,0.21,-0.9,3.7e-01,1.0e+00,0.9999,5516,750.8,765.2,837.1,777.5,573.8,716.8
GENE-17017,NO,1.8,1,2.7,2.673,1.4,1.42,1,3.2e-01,1.0e+00,0.9999,5517,0,2,1,3,3,2
GENE-17019,NO,0.7,0.7,0.7,1.001,0,2.22,0,1.0e+00,1.0e+00,0.9999,5518,1,0,1,1,1,0
GENE-17022,NO,17.2,20.8,13.6,0.652,-0.6,0.48,-1.27,2.0e-01,1.0e+00,0.9999,5519,20.8,26.7,14.9,13.9,11.9,14.9
GENE-17027,NO,67.4,67.7,67.2,0.992,0,0.28,-0.04,9.7e-01,1.0e+00,0.9999,5520,67.4,65.2,70.4,59.4,74.5,67.7
GENE-17029,NO,10.9,11.9,9.9,0.835,-0.3,0.7,-0.37,7.1e-01,1.0e+00,0.9999,5521,10.9,16.8,7.9,15.8,3,11
GENE-17039,NO,6,6.3,5.6,0.897,-0.2,0.74,-0.21,8.3e-01,1.0e+00,0.9999,5522,5,5.9,7.9,5.9,6,5
GENE-17040,NO,369.1,402.9,335.3,0.832,-0.3,0.18,-1.46,1.4e-01,1.0e+00,0.9999,5523,404.7,421.1,382.8,334.8,328.6,342.5
GENE-17042,NO,783.4,784.7,782.2,0.997,0,0.23,-0.02,9.8e-01,1.0e+00,0.9999,5524,658.6,776,919.4,779.5,675,892
GENE-17047,NO,3.3,3.7,3,0.82,-0.3,1.02,-0.28,7.8e-01,1.0e+00,0.9999,5525,3,3,5,3,1,5
GENE-17050,NO,1.7,1.7,1.7,1,0,1.67,0,1.0e+00,1.0e+00,0.9999,5526,1,0,4,3,2,0
GENE-17051,NO,150.4,152.2,148.6,0.976,0,0.22,-0.16,8.7e-01,1.0e+00,0.9999,5527,164.6,144.3,147.8,143.6,156.8,145.3
GENE-17053,NO,0.7,1,0.3,0.359,-1.5,2.2,-0.67,5.0e-01,1.0e+00,0.9999,5528,1,1,1,0,0,1
GENE-17055,NO,1126.9,1117,1136.7,1.018,0,0.2,0.12,9.0e-01,1.0e+00,0.9999,5529,1244.8,1036,1070.1,970.6,1194.2,1245.4
GENE-17062,NO,16.5,15.5,17.6,1.13,0.2,0.5,0.35,7.2e-01,1.0e+00,0.9999,5530,19.8,16.8,9.9,13.9,18.9,19.9
GENE-17077,NO,0.7,0.7,0.7,1.002,0,2.22,0,1.0e+00,1.0e+00,0.9999,5531,1,0,1,0,1,1
GENE-17078,NO,377,374.2,379.7,1.015,0,0.26,0.08,9.3e-01,1.0e+00,0.9999,5532,390.8,382.6,349.1,484.3,374.2,280.7
GENE-17082,NO,50.9,48.9,53,1.083,0.1,0.32,0.36,7.2e-01,1.0e+00,0.9999,5533,42.6,46.5,57.5,45.6,60.6,52.8
GENE-17085,NO,159.2,154.9,163.5,1.056,0.1,0.32,0.25,8.1e-01,1.0e+00,0.9999,5534,208.3,143.3,113.1,150.5,138,202.1
GENE-17091,NO,75,68.3,81.8,1.197,0.3,0.4,0.64,5.2e-01,1.0e+00,0.9999,5535,58.5,107.8,38.7,82.2,72.5,90.6
GENE-17093,YES,2.3,2,2.7,1.338,0.4,1.26,0.33,7.4e-01,1.0e+00,0.9999,5536,2,2,2,1,1,6
GENE-17094,NO,162.5,177.1,147.9,0.836,-0.3,0.35,-0.74,4.6e-01,1.0e+00,0.9999,5537,198.4,102.8,230.1,152.5,118.1,173.2
GENE-17097,NO,5.3,5,5.6,1.136,0.2,0.78,0.24,8.1e-01,1.0e+00,0.9999,5538,5,4.9,5,4,6.9,6
GENE-17099,NO,60.2,60.1,60.2,1.002,0,0.29,0.01,9.9e-01,1.0e+00,0.9999,5539,53.6,60.3,66.5,57.4,64.5,58.7
GENE-17102,NO,10.1,11.2,8.9,0.796,-0.3,0.63,-0.52,6.0e-01,1.0e+00,0.9999,5540,6.9,12.9,13.9,6.9,6.9,12.9
GENE-17104,NO,1383.7,1377,1390.4,1.01,0,0.16,0.09,9.3e-01,1.0e+00,0.9999,5541,1370.7,1432.4,1328,1420.3,1347.1,1403.7
GENE-17106,NO,15.2,16.8,13.6,0.806,-0.3,0.52,-0.6,5.5e-01,1.0e+00,0.9999,5542,14.9,21.7,13.9,16.8,14.9,9
GENE-17109,NO,2.1,2.3,2,0.859,-0.2,1.23,-0.18,8.6e-01,1.0e+00,0.9999,5543,3,3,1,2,1,3
GENE-17110,NO,108,94.8,121.1,1.278,0.4,0.35,1,3.2e-01,1.0e+00,0.9999,5544,66.5,82.1,135.9,129.7,92.3,141.4
GENE-17111,NO,52.4,54.2,50.6,0.935,-0.1,0.31,-0.31,7.6e-01,1.0e+00,0.9999,5545,54.6,56.3,51.6,51.5,40.7,59.7
GENE-17114,NO,1323.5,1446,1201,0.831,-0.3,0.2,-1.31,1.9e-01,1.0e+00,0.9999,5546,1451.1,1269.3,1617.6,1145.9,1363.9,1093.1
GENE-17122,NO,25.9,24.7,27.1,1.096,0.1,0.49,0.27,7.9e-01,1.0e+00,0.9999,5547,13.9,39.5,20.8,34.7,23.8,22.9
GENE-17124,NO,1.7,1.3,2,1.504,0.6,1.54,0.38,7.0e-01,1.0e+00,0.9999,5548,0,1,3,1,1,4
GENE-17126,NO,18,18.8,17.2,0.914,-0.1,0.48,-0.27,7.9e-01,1.0e+00,0.9999,5549,20.8,18.8,16.9,12.9,23.8,14.9
GENE-17127,NO,5,5,5,1.002,0,0.83,0,1.0e+00,1.0e+00,0.9999,5550,5,4.9,5,7.9,3,4
GENE-17128,NO,42.2,38.6,45.7,1.183,0.2,0.7,0.34,7.3e-01,1.0e+00,0.9999,5551,23.8,31.6,60.5,50.5,6.9,79.6
GENE-17130,NO,474.1,396.5,551.7,1.392,0.5,0.39,1.22,2.2e-01,1.0e+00,0.9999,5552,333.3,218.5,637.7,600.2,441.7,613.2
GENE-17138,NO,150.9,166.5,135.4,0.813,-0.3,0.22,-1.33,1.8e-01,1.0e+00,0.9999,5553,174.6,167.1,157.7,146.6,120.1,139.4
GENE-17139,NO,622.2,578.3,666,1.152,0.2,0.33,0.61,5.4e-01,1.0e+00,0.9999,5554,818.3,526.9,389.8,698.3,794.1,505.7
GENE-17141,NO,17,17.8,16.2,0.909,-0.1,0.52,-0.26,7.9e-01,1.0e+00,0.9999,5555,21.8,13.8,17.9,11.9,24.8,11.9
GENE-17145,NO,9.3,11.9,6.6,0.557,-0.8,0.62,-1.36,1.7e-01,1.0e+00,0.9999,5556,12.9,10.9,11.9,8.9,5,6
GENE-17146,NO,202.3,235.1,169.5,0.721,-0.5,0.37,-1.27,2.0e-01,1.0e+00,0.9999,5557,282.7,248.1,174.6,163.4,99.3,245.9
GENE-17148,NO,12.9,13.9,11.9,0.858,-0.2,0.82,-0.27,7.9e-01,1.0e+00,0.9999,5558,19.8,18.8,3,22.8,8.9,4
GENE-17150,NO,4360.9,4371.9,4350,0.995,0,0.25,-0.03,9.8e-01,1.0e+00,0.9999,5559,3893.9,3970.1,5251.6,5137.4,4524.7,3387.8
GENE-17151,NO,718.6,803.3,634,0.789,-0.3,0.4,-0.85,4.0e-01,1.0e+00,0.9999,5560,1155.5,671.2,583.2,987.5,504.3,410.2
GENE-17152,NO,73.7,69.3,78.1,1.126,0.2,0.28,0.61,5.4e-01,1.0e+00,0.9999,5561,72.4,77.1,58.5,72.3,87.4,74.7
GENE-17154,NO,522.8,548.6,497.1,0.906,-0.1,0.25,-0.57,5.7e-01,1.0e+00,0.9999,5562,609,514.1,522.7,567.5,368.3,555.5
GENE-17157,NO,3.1,4,2.3,0.584,-0.8,1.12,-0.69,4.9e-01,1.0e+00,0.9999,5563,4,3,5,4,3,0
GENE-17160,NO,71.4,66,76.8,1.162,0.2,0.32,0.69,4.9e-01,1.0e+00,0.9999,5564,68.4,58.3,71.4,66.4,101.3,62.7
GENE-17161,NO,2.1,2.3,2,0.859,-0.2,1.2,-0.18,8.5e-01,1.0e+00,0.9999,5565,2,3,2,2,3,1
GENE-17163,NO,4.8,4.3,5.3,1.233,0.3,0.85,0.36,7.2e-01,1.0e+00,0.9999,5566,6.9,3,3,5.9,4,6
GENE-17164,NO,291.8,236.7,346.8,1.465,0.6,0.45,1.23,2.2e-01,1.0e+00,0.9999,5567,120,281.7,308.4,284.3,541,215
GENE-17165,NO,28.6,28.4,28.8,1.014,0,0.39,0.05,9.6e-01,1.0e+00,0.9999,5568,25.8,22.7,36.7,30.7,24.8,30.9
GENE-17167,NO,670.2,636.9,703.4,1.104,0.1,0.25,0.58,5.6e-01,1.0e+00,0.9999,5569,505.8,724.6,680.4,571.5,768.3,770.5
GENE-17170,NO,24,26.4,21.5,0.814,-0.3,0.43,-0.68,4.9e-01,1.0e+00,0.9999,5570,26.8,34.6,17.9,19.8,22.8,21.9
GENE-17171,NO,47.9,47.9,48,1.003,0,0.36,0.01,9.9e-01,1.0e+00,0.9999,5571,52.6,57.3,33.7,41.6,42.7,59.7
GENE-17173,NO,1020.7,1026,1015.4,0.99,0,0.17,-0.09,9.3e-01,1.0e+00,0.9999,5572,969,1066.7,1042.4,1041.9,980.8,1023.4
GENE-17176,NO,1389.7,1342.1,1437.4,1.071,0.1,0.25,0.39,7.0e-01,1.0e+00,0.9999,5573,1303.3,1604.4,1118.7,1782.8,1185.3,1344
GENE-17177,NO,6.8,4.6,8.9,1.933,1,0.73,1.31,1.9e-01,1.0e+00,0.9999,5574,4,6.9,3,8.9,9.9,8
GENE-17186,NO,0.7,0.3,1,2.796,1.5,2.44,0.61,5.4e-01,1.0e+00,0.9999,5575,0,1,0,2,0,1
GENE-17192,NO,115,122.9,107.2,0.873,-0.2,0.27,-0.72,4.7e-01,1.0e+00,0.9999,5576,127,131.5,110.1,133.7,101.3,86.6
GENE-17193,NO,113.1,107.7,118.5,1.101,0.1,0.32,0.43,6.7e-01,1.0e+00,0.9999,5577,112.1,87,124,88.1,107.2,160.3
GENE-17194,NO,830.5,918.7,742.3,0.808,-0.3,0.27,-1.16,2.5e-01,1.0e+00,0.9999,5578,647.7,933.2,1175.3,734.9,746.5,745.6
GENE-17195,NO,1341.8,1339.9,1343.7,1.003,0,0.18,0.02,9.8e-01,1.0e+00,0.9999,5579,1343.9,1209,1466.9,1327.2,1337.1,1366.8
GENE-17198,NO,8.9,7,10.9,1.574,0.7,0.71,0.92,3.6e-01,1.0e+00,0.9999,5580,11.9,3,6,11.9,6.9,13.9
GENE-17200,NO,7,4.3,9.6,2.236,1.2,0.89,1.31,1.9e-01,1.0e+00,0.9999,5581,6,1,6,3,11.9,13.9
GENE-17204,NO,5,6,4,0.668,-0.6,0.86,-0.68,5.0e-01,1.0e+00,0.9999,5582,5,8.9,4,5.9,4,2
GENE-17206,NO,50.4,43.3,57.6,1.331,0.4,0.34,1.22,2.2e-01,1.0e+00,0.9999,5583,52.6,39.5,37.7,59.4,44.7,68.7
GENE-17207,NO,4.1,3.3,5,1.504,0.6,0.97,0.61,5.4e-01,1.0e+00,0.9999,5584,2,5.9,2,5.9,2,7
GENE-17214,NO,46.8,46.9,46.7,0.995,0,0.35,-0.02,9.8e-01,1.0e+00,0.9999,5585,38.7,56.3,45.6,40.6,60.6,38.8
GENE-17215,NO,10.9,11.2,10.6,0.943,-0.1,0.57,-0.15,8.8e-01,1.0e+00,0.9999,5586,9.9,12.9,10.9,10.9,12.9,8
GENE-17219,NO,6.4,7,6,0.859,-0.2,0.75,-0.29,7.7e-01,1.0e+00,0.9999,5587,6,4,10.9,5,6.9,6
GENE-17223,NO,254.4,275.1,233.8,0.85,-0.2,0.36,-0.66,5.1e-01,1.0e+00,0.9999,5588,342.2,263.9,219.2,201.1,153.9,346.4
GENE-17230,NO,105.5,106.7,104.3,0.977,0,0.26,-0.13,9.0e-01,1.0e+00,0.9999,5589,90.3,105.8,124,104,111.2,97.6
GENE-17234,NO,110.6,107,114.2,1.067,0.1,0.26,0.36,7.2e-01,1.0e+00,0.9999,5590,109.1,123.6,88.3,125.8,100.3,116.5
GENE-17237,NO,57.2,49.5,64.8,1.309,0.4,0.35,1.12,2.6e-01,1.0e+00,0.9999,5591,37.7,57.3,53.6,80.2,66.5,47.8
GENE-17239,NO,16.9,19.1,14.6,0.761,-0.4,0.68,-0.58,5.6e-01,1.0e+00,0.9999,5592,8.9,22.7,25.8,4,22.8,16.9
GENE-17240,NO,1320,1226.3,1413.6,1.153,0.2,0.24,0.86,3.9e-01,1.0e+00,0.9999,5593,1210,1146.7,1322.1,1726.3,1430.5,1084.1
GENE-17253,NO,5.1,4.3,6,1.388,0.5,0.92,0.51,6.1e-01,1.0e+00,0.9999,5594,3,4,6,2,11.9,4
GENE-17255,NO,78.2,78.9,77.4,0.981,0,0.29,-0.1,9.2e-01,1.0e+00,0.9999,5595,77.4,79.1,80.3,98.1,67.5,66.7
GENE-17257,NO,14.4,12.9,15.9,1.233,0.3,0.52,0.58,5.6e-01,1.0e+00,0.9999,5596,10.9,12.9,14.9,21.8,12.9,12.9
GENE-17258,NO,11.6,8.6,14.5,1.696,0.8,0.59,1.29,2.0e-01,1.0e+00,0.9999,5597,12.9,7.9,5,16.8,13.9,12.9
GENE-17260,NO,695.8,614.8,776.9,1.264,0.3,0.47,0.72,4.7e-01,1.0e+00,0.9999,5598,426.5,1042.9,374.9,934,399.1,997.5
GENE-17263,NO,239.4,250.6,228.1,0.91,-0.1,0.33,-0.41,6.8e-01,1.0e+00,0.9999,5599,230.1,261,260.8,237.7,133,313.6
GENE-17270,NO,1178,1208.1,1147.9,0.95,-0.1,0.21,-0.35,7.3e-01,1.0e+00,0.9999,5600,1162.4,1124,1337.9,1195.5,1293.5,954.7
GENE-17271,NO,0.8,1,0.7,0.668,-0.6,2.07,-0.28,7.8e-01,1.0e+00,0.9999,5601,1,0,2,0,1,1
GENE-17272,NO,35.7,35.3,36.1,1.021,0,0.37,0.08,9.3e-01,1.0e+00,0.9999,5602,32.7,42.5,30.7,28.7,33.8,45.8
GENE-17274,NO,3322.4,3347.2,3297.6,0.985,0,0.21,-0.1,9.2e-01,1.0e+00,0.9999,5603,3898.9,2875.7,3267,3033.7,3104.1,3755.1
GENE-17279,NO,18.5,22.5,14.6,0.648,-0.6,0.61,-1.02,3.1e-01,1.0e+00,0.9999,5604,23.8,12.9,30.7,16.8,5,21.9
GENE-17285,NO,1.2,0.7,1.7,2.506,1.3,1.88,0.7,4.8e-01,1.0e+00,0.9999,5605,1,0,1,0,3,2
GENE-17288,NO,3.6,3.3,4,1.203,0.3,0.97,0.28,7.8e-01,1.0e+00,0.9999,5606,4,4,2,4,2,6
GENE-17299,NO,718.1,760.3,675.8,0.889,-0.2,0.3,-0.56,5.8e-01,1.0e+00,0.9999,5607,916.5,680.1,684.3,806.2,433.8,787.5
GENE-17302,NO,3060.6,3100.4,3020.8,0.974,0,0.16,-0.24,8.1e-01,1.0e+00,0.9999,5608,3116.3,2961.7,3223.3,2930.7,3026.7,3105
GENE-17304,NO,57.4,51.8,62.9,1.213,0.3,0.34,0.82,4.1e-01,1.0e+00,0.9999,5609,38.7,67.2,49.6,65.4,71.5,51.8
GENE-17307,NO,210.4,214.3,206.5,0.963,-0.1,0.22,-0.24,8.1e-01,1.0e+00,0.9999,5610,218.2,208.6,216.2,198.1,242.2,179.2
GENE-17308,NO,4,4,4,1.002,0,0.92,0,1.0e+00,1.0e+00,0.9999,5611,3,5.9,3,5.9,3,3
GENE-17314,NO,1.7,1.7,1.7,1.003,0,1.34,0,1.0e+00,1.0e+00,0.9999,5612,1,2,2,1,2,2
GENE-17318,NO,27.1,29.4,24.8,0.844,-0.2,0.42,-0.59,5.6e-01,1.0e+00,0.9999,5613,33.7,21.7,32.7,30.7,18.9,24.9
GENE-17320,NO,8.6,6.3,10.9,1.74,0.8,0.66,1.22,2.2e-01,1.0e+00,0.9999,5614,6.9,5.9,6,14.9,10.9,7
GENE-17323,NO,80.3,77.3,83.4,1.079,0.1,0.26,0.42,6.7e-01,1.0e+00,0.9999,5615,74.4,81.1,76.4,83.2,92.3,74.7
GENE-17331,NO,6990.8,6494.1,7487.5,1.153,0.2,0.21,0.97,3.3e-01,1.0e+00,0.9999,5616,6354.7,6305.1,6822.6,6462.6,9150.6,6849.2
GENE-17334,NO,367.4,361.3,373.4,1.033,0,0.21,0.22,8.2e-01,1.0e+00,0.9999,5617,393.8,346,344.2,316,388.1,416.1
GENE-17337,NO,616.4,622.3,610.5,0.981,0,0.31,-0.09,9.3e-01,1.0e+00,0.9999,5618,646.7,471.5,748.8,411,767.3,653.1
GENE-17338,NO,22,23.8,20.2,0.849,-0.2,0.44,-0.54,5.9e-01,1.0e+00,0.9999,5619,22.8,29.7,18.8,22.8,21.8,15.9
GENE-17341,NO,104.1,99.7,108.5,1.088,0.1,0.3,0.4,6.9e-01,1.0e+00,0.9999,5620,83.3,99.8,116,141.6,95.3,88.6
GENE-17342,NO,316.2,307.4,325,1.057,0.1,0.2,0.4,6.9e-01,1.0e+00,0.9999,5621,325.3,312.4,284.6,348.6,328.6,297.7
GENE-17346,NO,1.2,1.7,0.7,0.402,-1.3,2.08,-0.63,5.3e-01,1.0e+00,0.9999,5622,0,3,2,0,0,2
GENE-17349,NO,430.6,431.3,429.9,0.997,0,0.18,-0.02,9.8e-01,1.0e+00,0.9999,5623,430.5,458.7,404.7,414,452.7,423.1
GENE-17350,NO,54.5,52.5,56.6,1.077,0.1,0.37,0.29,7.7e-01,1.0e+00,0.9999,5624,35.7,50.4,71.4,67.4,56.6,45.8
GENE-17351,NO,61.5,61.8,61.2,0.991,0,0.29,-0.04,9.7e-01,1.0e+00,0.9999,5625,64.5,56.3,64.5,67.4,53.6,62.7
GENE-17352,NO,8.3,8.9,7.6,0.854,-0.2,0.73,-0.31,7.5e-01,1.0e+00,0.9999,5626,5,10.9,10.9,5.9,12.9,4
GENE-17360,NO,88.1,88.5,87.7,0.991,0,0.25,-0.05,9.6e-01,1.0e+00,0.9999,5627,82.3,98.9,84.3,91.1,89.3,82.6
GENE-17363,NO,29.8,32.4,27.1,0.839,-0.3,0.43,-0.59,5.5e-01,1.0e+00,0.9999,5628,32.7,34.6,29.8,18.8,21.8,40.8
GENE-17372,NO,448.1,436.1,460.1,1.055,0.1,0.26,0.29,7.7e-01,1.0e+00,0.9999,5629,415.6,566.4,326.3,449.7,431.8,498.8
GENE-17378,NO,185.4,193.5,177.4,0.917,-0.1,0.26,-0.48,6.3e-01,1.0e+00,0.9999,5630,153.7,208.6,218.2,206,151.9,174.2
GENE-17382,NO,373,391.1,354.8,0.907,-0.1,0.24,-0.59,5.5e-01,1.0e+00,0.9999,5631,435.4,298.5,439.4,346.7,353.4,364.4
GENE-17383,NO,8847.8,9036.1,8659.6,0.958,-0.1,0.33,-0.19,8.5e-01,1.0e+00,0.9999,5632,12947.4,7885.8,6275.1,6557.7,10320,9101
GENE-17387,NO,19.2,19.8,18.6,0.935,-0.1,0.5,-0.19,8.5e-01,1.0e+00,0.9999,5633,26.8,12.9,19.8,12.9,18.9,23.9
GENE-17390,NO,42.5,31.7,53.3,1.682,0.7,0.66,1.14,2.5e-01,1.0e+00,0.9999,5634,6,62.3,26.8,73.3,44.7,41.8
GENE-17394,NO,93.2,87.5,99,1.131,0.2,0.26,0.68,5.0e-01,1.0e+00,0.9999,5635,82.3,100.8,79.3,96.1,91.3,109.5
GENE-17400,NO,198.3,201.1,195.6,0.972,0,0.21,-0.19,8.5e-01,1.0e+00,0.9999,5636,201.3,209.6,192.4,212,188.6,186.2
GENE-17402,NO,1782.6,1862,1703.2,0.915,-0.1,0.21,-0.62,5.4e-01,1.0e+00,0.9999,5637,1825,1811.1,1949.9,1985.8,1405.6,1718.3
GENE-17405,NO,7.3,6.3,8.3,1.319,0.4,0.76,0.53,6.0e-01,1.0e+00,0.9999,5638,6.9,8.9,3,9.9,4,11
GENE-17408,NO,0.7,0.3,1,2.801,1.5,2.44,0.61,5.4e-01,1.0e+00,0.9999,5639,0,0,1,0,1,2
GENE-17409,NO,81.5,79.6,83.4,1.048,0.1,0.33,0.21,8.4e-01,1.0e+00,0.9999,5640,95.2,71.2,72.4,87.2,57.6,105.5
GENE-17421,NO,603.2,639.1,567.3,0.888,-0.2,0.2,-0.84,4.0e-01,1.0e+00,0.9999,5641,706.2,535.8,675.4,537.8,571.8,592.3
GENE-17427,NO,479.5,440.5,518.5,1.177,0.2,0.43,0.54,5.9e-01,1.0e+00,0.9999,5642,690.3,201.7,429.4,403.1,459.6,692.9
GENE-17429,NO,29.9,33.7,26.1,0.775,-0.4,0.7,-0.53,6.0e-01,1.0e+00,0.9999,5643,66.5,13.8,20.8,19.8,47.6,11
GENE-17430,NO,7.3,8.3,6.3,0.762,-0.4,0.69,-0.57,5.7e-01,1.0e+00,0.9999,5644,11.9,6.9,6,5.9,6,7
GENE-17432,NO,1460.4,1393.4,1527.4,1.096,0.1,0.5,0.26,7.9e-01,1.0e+00,0.9999,5645,610,2493.2,1077.1,2055.2,867.6,1659.5
GENE-17436,NO,6,4.6,7.3,1.576,0.7,0.76,0.87,3.9e-01,1.0e+00,0.9999,5646,4,5.9,4,5,7.9,9
GENE-17442,NO,86.1,78.3,94,1.2,0.3,0.33,0.81,4.2e-01,1.0e+00,0.9999,5647,80.3,71.2,83.3,127.8,87.4,66.7
GENE-17443,NO,0.7,0.7,0.7,1.006,0,2.86,0,1.0e+00,1.0e+00,0.9999,5648,0,2,0,0,0,2
GENE-17451,NO,15.9,13.5,18.2,1.345,0.4,0.57,0.75,4.5e-01,1.0e+00,0.9999,5649,17.9,13.8,8.9,21.8,8.9,23.9
GENE-17455,NO,9.1,8.9,9.3,1.039,0.1,0.61,0.09,9.3e-01,1.0e+00,0.9999,5650,10.9,7.9,7.9,8.9,10.9,8
GENE-17466,NO,1,1,1,1.003,0,1.93,0,1.0e+00,1.0e+00,0.9999,5651,0,2,1,1,0,2
GENE-17476,NO,444.7,514.6,374.7,0.728,-0.5,0.29,-1.56,1.2e-01,1.0e+00,0.9999,5652,352.1,690,501.8,386.3,332.5,405.2
GENE-17477,NO,95.4,76.3,114.5,1.502,0.6,0.36,1.63,1.0e-01,1.0e+00,0.9999,5653,65.5,114.7,48.6,121.8,105.2,116.5
GENE-17478,NO,4314.1,4615.8,4012.3,0.869,-0.2,0.19,-1.09,2.8e-01,1.0e+00,0.9999,5654,4737,4655.2,4455.2,4599.6,3864.5,3572.9
GENE-17482,NO,534.3,584.9,483.8,0.827,-0.3,0.2,-1.38,1.7e-01,1.0e+00,0.9999,5655,612,578.3,564.3,541.8,419.9,489.8
GENE-17483,NO,1039,1013.4,1064.6,1.051,0.1,0.24,0.29,7.7e-01,1.0e+00,0.9999,5656,1120.8,1178.4,740.9,1123.2,1047.3,1023.4
GENE-17485,NO,256.4,265.5,247.2,0.931,-0.1,0.27,-0.39,7.0e-01,1.0e+00,0.9999,5657,306.5,262,228.1,283.3,184.6,273.8
GENE-17487,NO,78.7,91.8,65.5,0.714,-0.5,0.28,-1.72,8.6e-02,1.0e+00,0.9999,5658,79.3,110.7,85.3,64.4,71.5,60.7
GENE-17495,NO,6.1,6.6,5.6,0.852,-0.2,0.81,-0.29,7.8e-01,1.0e+00,0.9999,5659,8.9,7.9,3,8.9,3,5
GENE-17497,NO,31.4,30.7,32.1,1.045,0.1,0.4,0.16,8.7e-01,1.0e+00,0.9999,5660,39.7,25.7,26.8,23.8,31.8,40.8
GENE-17502,NO,253.6,267.8,239.3,0.893,-0.2,0.2,-0.83,4.1e-01,1.0e+00,0.9999,5661,265.8,277.8,259.9,225.8,254.1,237.9
GENE-17506,NO,251.1,253.3,248.9,0.983,0,0.24,-0.11,9.2e-01,1.0e+00,0.9999,5662,267.8,225.4,266.8,204,296.8,245.9
GENE-17508,NO,0.7,1,0.3,0.359,-1.5,2.2,-0.67,5.0e-01,1.0e+00,0.9999,5663,1,1,1,1,0,0
GENE-17512,NO,5.5,5,6,1.204,0.3,0.87,0.31,7.6e-01,1.0e+00,0.9999,5664,5,6.9,3,2,6,10
GENE-17516,NO,152.2,157.2,147.3,0.937,-0.1,0.23,-0.42,6.8e-01,1.0e+00,0.9999,5665,170.6,156.2,144.8,160.5,135,146.3
GENE-17517,NO,421.8,390.7,452.9,1.159,0.2,0.29,0.74,4.6e-01,1.0e+00,0.9999,5666,349.1,391.5,431.4,298.1,539,521.7
GENE-17521,NO,208.3,204.1,212.5,1.041,0.1,0.25,0.23,8.2e-01,1.0e+00,0.9999,5667,238,184.9,189.4,174.3,248.2,215
GENE-17524,NO,69.3,68.4,70.2,1.027,0,0.3,0.13,9.0e-01,1.0e+00,0.9999,5668,68.4,59.3,77.4,60.4,64.5,85.6
GENE-17531,NO,7.4,7.9,6.9,0.877,-0.2,0.67,-0.28,7.8e-01,1.0e+00,0.9999,5669,7.9,9.9,6,5.9,7.9,7
GENE-17532,NO,134.2,131.7,136.7,1.037,0.1,0.25,0.21,8.3e-01,1.0e+00,0.9999,5670,140.8,143.3,111.1,118.9,155.9,135.4
GENE-17545,NO,8.1,11.2,5,0.442,-1.2,0.7,-1.68,9.4e-02,1.0e+00,0.9999,5671,7.9,15.8,9.9,5.9,3,6
GENE-17549,NO,10.1,11.5,8.6,0.745,-0.4,0.6,-0.71,4.8e-01,1.0e+00,0.9999,5672,7.9,13.8,12.9,8.9,6.9,10
GENE-17553,NO,76.7,75,78.4,1.046,0.1,0.33,0.2,8.4e-01,1.0e+00,0.9999,5673,67.4,56.3,101.2,84.2,64.5,86.6
GENE-17560,NO,136.9,154.6,119.2,0.771,-0.4,0.3,-1.27,2.1e-01,1.0e+00,0.9999,5674,126,167.1,170.6,90.1,152.9,114.5
GENE-17562,NO,9.9,9.6,10.3,1.071,0.1,0.6,0.17,8.7e-01,1.0e+00,0.9999,5675,10.9,9.9,7.9,11.9,11.9,7
GENE-17563,NO,479.7,482.5,476.9,0.989,0,0.18,-0.09,9.3e-01,1.0e+00,0.9999,5676,497.9,504.2,445.3,461.5,487.4,481.8
GENE-17565,NO,1.2,1.3,1,0.753,-0.4,1.86,-0.22,8.3e-01,1.0e+00,0.9999,5677,1,1,2,0,0,3
GENE-17569,NO,19.7,23.5,15.9,0.677,-0.6,0.56,-1,3.2e-01,1.0e+00,0.9999,5678,26.8,12.9,30.7,25.8,10.9,11
GENE-17575,NO,564.6,523.3,605.9,1.158,0.2,0.44,0.48,6.3e-01,1.0e+00,0.9999,5679,337.2,318.3,914.4,774.5,410,633.2
GENE-17587,NO,663.5,685.5,641.5,0.936,-0.1,0.2,-0.48,6.3e-01,1.0e+00,0.9999,5680,598.1,749.3,709.1,605.2,616.5,702.8
GENE-17589,NO,2,1.7,2.3,1.403,0.5,1.24,0.39,6.9e-01,1.0e+00,0.9999,5681,1,2,2,2,3,2
GENE-17591,NO,44,43.6,44.3,1.017,0,0.32,0.08,9.4e-01,1.0e+00,0.9999,5682,42.6,41.5,46.6,39.6,51.6,41.8
GENE-17593,NO,18.5,20.1,16.9,0.838,-0.3,0.52,-0.49,6.2e-01,1.0e+00,0.9999,5683,11.9,26.7,21.8,10.9,19.9,19.9
GENE-17594,NO,1341.5,1327.2,1355.7,1.021,0,0.25,0.12,9.0e-01,1.0e+00,0.9999,5684,1436.2,1045.9,1499.6,1628.3,1136.6,1302.1
GENE-17596,NO,1,1,1,1.004,0,1.93,0,1.0e+00,1.0e+00,0.9999,5685,0,2,1,0,1,2
GENE-17601,NO,99.7,106.7,92.6,0.869,-0.2,0.31,-0.65,5.2e-01,1.0e+00,0.9999,5686,76.4,112.7,130.9,110.9,89.3,77.7
GENE-17606,NO,4.1,3,5.3,1.781,0.8,0.97,0.86,3.9e-01,1.0e+00,0.9999,5687,2,1,6,6.9,4,5
GENE-17607,NO,222.6,227.8,217.5,0.955,-0.1,0.29,-0.23,8.2e-01,1.0e+00,0.9999,5688,184.5,315.4,183.5,201.1,233.3,218
GENE-17610,NO,32.2,32.4,32.1,0.992,0,0.41,-0.03,9.8e-01,1.0e+00,0.9999,5689,21.8,37.6,37.7,22.8,37.7,35.8
GENE-17612,NO,67.3,71,63.6,0.895,-0.2,0.3,-0.53,5.9e-01,1.0e+00,0.9999,5690,70.4,70.2,72.4,67.4,47.6,75.7
GENE-17616,NO,846.8,750.3,943.4,1.257,0.3,0.27,1.21,2.3e-01,1.0e+00,0.9999,5691,765.7,776,709.1,657.7,944,1228.5
GENE-17619,NO,6.3,5.6,7,1.238,0.3,0.75,0.41,6.8e-01,1.0e+00,0.9999,5692,6,4,6.9,7.9,4,9
GENE-17622,NO,128.1,132.4,123.8,0.935,-0.1,0.25,-0.38,7.0e-01,1.0e+00,0.9999,5693,159.7,128.5,109.1,127.8,122.1,121.5
GENE-17623,NO,652.3,805.5,499.1,0.62,-0.7,0.43,-1.59,1.1e-01,1.0e+00,0.9999,5694,417.6,779,1219.9,686.4,513.2,297.7
GENE-17626,NO,218.4,222.3,214.5,0.965,-0.1,0.37,-0.14,8.9e-01,1.0e+00,0.9999,5695,274.7,130.5,261.8,213.9,148.9,280.7
GENE-17627,NO,87.6,78,97.3,1.249,0.3,0.31,1.03,3.0e-01,1.0e+00,0.9999,5696,84.3,73.2,76.4,91.1,72.5,128.4
GENE-17633,NO,162.8,159.5,166.2,1.042,0.1,0.22,0.27,7.9e-01,1.0e+00,0.9999,5697,160.7,153.2,164.6,148.6,175.7,174.2
GENE-17636,NO,1200.7,1160.6,1240.8,1.069,0.1,0.18,0.53,6.0e-01,1.0e+00,0.9999,5698,1152.5,1036,1293.3,1209.3,1264.7,1248.4
GENE-17637,NO,12.2,12.6,11.9,0.949,-0.1,0.54,-0.14,8.9e-01,1.0e+00,0.9999,5699,14.9,8.9,13.9,9.9,12.9,12.9
GENE-17638,NO,8.3,7.6,9,1.177,0.2,0.73,0.32,7.5e-01,1.0e+00,0.9999,5700,8.9,5.9,7.9,3,13.9,10
GENE-17639,NO,1.7,2.7,0.7,0.25,-2,1.54,-1.29,2.0e-01,1.0e+00,0.9999,5701,3,3,2,1,1,0
GENE-17644,NO,114,113.2,114.8,1.014,0,0.37,0.05,9.6e-01,1.0e+00,0.9999,5702,92.2,150.3,97.2,168.4,95.3,80.6
GENE-17648,NO,11.9,15.9,8,0.501,-1,0.98,-1.02,3.1e-01,1.0e+00,0.9999,5703,14.9,3,29.8,1,17.9,5
GENE-17657,NO,5.1,5.6,4.7,0.826,-0.3,0.84,-0.33,7.4e-01,1.0e+00,0.9999,5704,6.9,5.9,4,2,5,7
GENE-17659,NO,521.1,528.8,513.3,0.971,0,0.23,-0.19,8.5e-01,1.0e+00,0.9999,5705,556.4,424.1,606,472.4,559.9,507.7
GENE-17664,NO,2599.2,2803.2,2395.1,0.854,-0.2,0.34,-0.67,5.0e-01,1.0e+00,0.9999,5706,3939.6,1823.9,2646.1,2991.1,2383.4,1810.8
GENE-17667,NO,1.3,1.3,1.3,1.002,0,1.49,0,1.0e+00,1.0e+00,0.9999,5707,1,1,2,1,1,2
GENE-17673,NO,210.1,194.5,225.7,1.16,0.2,0.22,0.99,3.2e-01,1.0e+00,0.9999,5708,211.3,195.7,176.5,238.7,202.5,235.9
GENE-17674,NO,175,181.7,168.4,0.927,-0.1,0.33,-0.33,7.4e-01,1.0e+00,0.9999,5709,177.5,124.6,243,212,162.8,130.4
GENE-17675,NO,1.8,1.7,2,1.202,0.3,1.41,0.19,8.5e-01,1.0e+00,0.9999,5710,2,0,3,1,3,2
GENE-17676,NO,4133.3,4363.5,3903.1,0.895,-0.2,0.19,-0.85,3.9e-01,1.0e+00,0.9999,5711,3862.2,5015,4213.2,4069.7,3808.9,3830.8
GENE-17678,NO,55.4,58.8,52,0.884,-0.2,0.31,-0.58,5.6e-01,1.0e+00,0.9999,5712,50.6,65.2,60.5,43.6,58.6,53.8
GENE-17680,NO,10.7,12.9,8.6,0.668,-0.6,0.66,-0.88,3.8e-01,1.0e+00,0.9999,5713,19.8,7.9,10.9,5.9,6,13.9
GENE-17685,NO,456.6,442.9,470.2,1.062,0.1,0.21,0.42,6.8e-01,1.0e+00,0.9999,5714,458.2,405.3,465.2,540.8,421.9,448
GENE-17687,NO,709.8,655.7,764,1.165,0.2,0.23,0.98,3.3e-01,1.0e+00,0.9999,5715,708.2,523,735.9,677.5,801.1,813.3
GENE-17689,NO,12.1,14.5,9.6,0.661,-0.6,0.56,-1.07,2.8e-01,1.0e+00,0.9999,5716,12.9,19.8,10.9,9.9,9.9,9
GENE-17692,NO,39.3,37,41.7,1.127,0.2,0.44,0.39,6.9e-01,1.0e+00,0.9999,5717,51.6,25.7,33.7,60.4,31.8,32.9
GENE-17694,NO,47,54.9,39.1,0.712,-0.5,0.65,-0.75,4.5e-01,1.0e+00,0.9999,5718,110.1,10.9,43.6,41.6,43.7,31.9
GENE-17695,NO,1,1.3,0.7,0.501,-1,1.81,-0.55,5.8e-01,1.0e+00,0.9999,5719,1,1,2,1,1,0
GENE-17703,NO,13.4,13.9,12.9,0.93,-0.1,0.59,-0.18,8.6e-01,1.0e+00,0.9999,5720,12.9,12.9,15.9,20.8,6,11.9
GENE-17705,NO,110.6,115.3,105.9,0.919,-0.1,0.28,-0.44,6.6e-01,1.0e+00,0.9999,5721,125,98.9,122,124.8,83.4,109.5
GENE-17708,NO,489.6,500,479.2,0.958,-0.1,0.2,-0.31,7.6e-01,1.0e+00,0.9999,5722,570.3,465.6,464.2,517,452.7,467.9
GENE-17710,NO,133.9,145.3,122.4,0.843,-0.2,0.28,-0.88,3.8e-01,1.0e+00,0.9999,5723,113.1,169,153.7,145.6,103.2,118.5
GENE-17711,NO,50.2,50.8,49.6,0.976,0,0.34,-0.1,9.2e-01,1.0e+00,0.9999,5724,49.6,58.3,44.6,58.4,35.7,54.8
GENE-17714,NO,425.1,384.5,465.8,1.212,0.3,0.31,0.89,3.8e-01,1.0e+00,0.9999,5725,479.1,308.4,366,638.8,348.4,410.2
GENE-17722,NO,5.6,8.2,3,0.361,-1.5,0.87,-1.7,9.0e-02,1.0e+00,0.9999,5726,9.9,4.9,9.9,5,1,3
GENE-17723,NO,56.2,49.9,62.5,1.254,0.3,0.29,1.12,2.6e-01,1.0e+00,0.9999,5727,50.6,49.4,49.6,57.4,70.5,59.7
GENE-17725,NO,3.5,2.7,4.3,1.627,0.7,1.06,0.66,5.1e-01,1.0e+00,0.9999,5728,3,2,3,8.9,2,2
GENE-17727,NO,1.3,1.3,1.3,1.002,0,1.76,0,1.0e+00,1.0e+00,0.9999,5729,2,2,0,3,0,1
GENE-17729,NO,3.8,4.3,3.3,0.77,-0.4,0.95,-0.4,6.9e-01,1.0e+00,0.9999,5730,5,4,4,5.9,2,2
GENE-17735,NO,859,857.7,860.2,1.003,0,0.31,0.01,9.9e-01,1.0e+00,0.9999,5731,656.6,1063.7,852.9,691.3,718.7,1170.7
GENE-17736,NO,2,3,1,0.334,-1.6,1.42,-1.11,2.6e-01,1.0e+00,0.9999,5732,2,4.9,2,1,0,2
GENE-17737,NO,18.8,21.8,15.9,0.729,-0.5,0.47,-0.97,3.3e-01,1.0e+00,0.9999,5733,18.8,20.8,25.8,13.9,21.8,11.9
GENE-17739,NO,218.9,213.4,224.4,1.052,0.1,0.21,0.35,7.2e-01,1.0e+00,0.9999,5734,231.1,202.7,206.3,236.7,210.4,226
GENE-17742,NO,122.3,116,128.7,1.11,0.2,0.29,0.53,6.0e-01,1.0e+00,0.9999,5735,149.8,95.9,102.2,121.8,148.9,115.5
GENE-17744,NO,30.6,25.7,35.4,1.375,0.5,0.41,1.12,2.6e-01,1.0e+00,0.9999,5736,20.8,31.6,24.8,36.6,24.8,44.8
GENE-17751,NO,536.7,552.1,521.3,0.944,-0.1,0.19,-0.43,6.7e-01,1.0e+00,0.9999,5737,516.7,613.9,525.7,476.4,541,546.5
GENE-17752,NO,4.1,5.6,2.7,0.472,-1.1,0.94,-1.16,2.5e-01,1.0e+00,0.9999,5738,6,6.9,4,1,3,4
GENE-17755,NO,16.7,14.9,18.5,1.247,0.3,0.47,0.67,5.0e-01,1.0e+00,0.9999,5739,18.8,11.9,13.9,19.8,17.9,17.9
GENE-17758,NO,309.2,341,277.4,0.813,-0.3,0.26,-1.14,2.5e-01,1.0e+00,0.9999,5740,338.2,424.1,260.8,247.6,276,308.6
GENE-17764,NO,3.1,2,4.3,2.171,1.1,1.13,0.99,3.2e-01,1.0e+00,0.9999,5741,3,3,0,5.9,4,3
GENE-17765,NO,372.8,354.4,391.3,1.104,0.1,0.25,0.56,5.7e-01,1.0e+00,0.9999,5742,393.8,361.8,307.5,307,385.2,481.8
GENE-17767,NO,224.5,231.9,217.1,0.936,-0.1,0.23,-0.4,6.9e-01,1.0e+00,0.9999,5743,279.7,208.6,207.3,207,210.4,233.9
GENE-17770,NO,5.1,5.6,4.6,0.825,-0.3,0.82,-0.34,7.3e-01,1.0e+00,0.9999,5744,6,4,6.9,3,6.9,4
GENE-17774,NO,56.9,48.9,64.9,1.327,0.4,0.32,1.29,2.0e-01,1.0e+00,0.9999,5745,46.6,43.5,56.5,76.3,51.6,66.7
GENE-17778,NO,396.5,374.1,418.9,1.12,0.2,0.21,0.76,4.4e-01,1.0e+00,0.9999,5746,389.8,394.4,338.2,487.3,380.2,389.2
GENE-17780,NO,8.9,8.3,9.6,1.162,0.2,0.62,0.35,7.3e-01,1.0e+00,0.9999,5747,9.9,8.9,6,11.9,8.9,8
GENE-17787,NO,187.3,195.5,179.1,0.916,-0.1,0.25,-0.5,6.2e-01,1.0e+00,0.9999,5748,211.3,206.6,168.6,142.6,208.5,186.2
GENE-17794,NO,23.3,24.8,21.8,0.882,-0.2,0.42,-0.43,6.7e-01,1.0e+00,0.9999,5749,25.8,28.7,19.8,16.8,22.8,25.9
GENE-17799,NO,1239.1,1486.6,991.5,0.667,-0.6,0.44,-1.34,1.8e-01,1.0e+00,0.9999,5750,1348.9,1596.5,1514.5,420.9,1683.6,870.1
GENE-17800,NO,7.1,5.9,8.3,1.392,0.5,0.72,0.67,5.1e-01,1.0e+00,0.9999,5751,8.9,5.9,3,6.9,8.9,9
GENE-17803,NO,1,1,1,1.002,0,1.93,0,1.0e+00,1.0e+00,0.9999,5752,2,1,0,2,0,1
GENE-17804,NO,35.2,37.7,32.8,0.87,-0.2,0.43,-0.47,6.4e-01,1.0e+00,0.9999,5753,31.7,29.7,51.6,24.8,46.7,26.9
GENE-17805,NO,3.3,5.3,1.3,0.251,-2,1.2,-1.66,9.7e-02,1.0e+00,0.9999,5754,2,5.9,7.9,2,0,2
GENE-17806,NO,10729.2,10451.1,11007.3,1.053,0.1,0.21,0.35,7.2e-01,1.0e+00,0.9999,5755,9781.5,11458.5,10113.4,13249.1,10237.6,9535.1
GENE-17809,NO,34.9,33,36.8,1.112,0.2,0.41,0.37,7.1e-01,1.0e+00,0.9999,5756,46.6,29.7,22.8,45.6,33.8,30.9
GENE-17811,NO,180.6,170.8,190.4,1.115,0.2,0.24,0.64,5.2e-01,1.0e+00,0.9999,5757,184.5,139.4,188.4,169.4,192.6,209.1
GENE-17812,NO,62.5,67.7,57.2,0.846,-0.2,0.38,-0.64,5.2e-01,1.0e+00,0.9999,5758,44.6,72.2,86.3,59.4,72.5,39.8
GENE-17815,NO,1571.8,1767.4,1376.1,0.779,-0.4,0.91,-0.39,6.9e-01,1.0e+00,0.9999,5759,2752.3,630.7,1919.1,908.2,428.8,2791.4
GENE-17821,NO,1654.5,1715,1594,0.929,-0.1,0.32,-0.33,7.4e-01,1.0e+00,0.9999,5760,2266.3,1693.4,1185.2,1274.7,1409.6,2097.6
GENE-17826,NO,17.5,17.9,17.2,0.965,-0.1,0.47,-0.11,9.1e-01,1.0e+00,0.9999,5761,17.9,19.8,15.9,13.9,22.8,14.9
GENE-17827,NO,127.9,130.4,125.5,0.962,-0.1,0.29,-0.2,8.4e-01,1.0e+00,0.9999,5762,95.2,144.3,151.7,123.8,109.2,143.4
GENE-17829,NO,0.8,1,0.7,0.669,-0.6,2.07,-0.28,7.8e-01,1.0e+00,0.9999,5763,1,2,0,1,0,1
GENE-17832,NO,33.5,34.3,32.8,0.954,-0.1,0.43,-0.16,8.7e-01,1.0e+00,0.9999,5764,39.7,41.5,21.8,44.6,23.8,29.9
GENE-17837,NO,433.2,472.6,393.7,0.833,-0.3,0.44,-0.59,5.5e-01,1.0e+00,0.9999,5765,431.4,698.9,287.6,383.3,594.6,203.1
GENE-17839,NO,252.1,253.3,250.9,0.99,0,0.2,-0.07,9.4e-01,1.0e+00,0.9999,5766,252.9,233.3,273.7,239.7,266,246.9
GENE-17840,NO,15.5,14.5,16.5,1.139,0.2,0.57,0.33,7.4e-01,1.0e+00,0.9999,5767,15.9,17.8,9.9,9.9,26.8,12.9
GENE-17846,NO,40.7,39.3,42,1.069,0.1,0.45,0.21,8.3e-01,1.0e+00,0.9999,5768,60.5,31.6,25.8,57.4,31.8,36.8
GENE-17849,NO,56,26.4,85.7,3.248,1.7,2.36,0.72,4.7e-01,1.0e+00,0.9999,5769,0,57.3,21.8,7.9,248.2,1
GENE-17851,NO,155.9,144.9,166.9,1.151,0.2,0.28,0.73,4.7e-01,1.0e+00,0.9999,5770,137.9,178.9,118,133.7,178.7,188.2
GENE-17857,NO,2.8,4.3,1.3,0.309,-1.7,1.2,-1.42,1.6e-01,1.0e+00,0.9999,5771,3,4.9,5,0,2,2
GENE-17858,NO,43.6,40.9,46.3,1.131,0.2,0.35,0.5,6.1e-01,1.0e+00,0.9999,5772,31.7,45.5,45.6,57.4,37.7,43.8
GENE-17860,NO,117.5,109.3,125.7,1.151,0.2,0.34,0.6,5.5e-01,1.0e+00,0.9999,5773,107.1,120.6,100.2,99,184.6,93.6
GENE-17864,NO,53.4,50.8,55.9,1.1,0.1,0.35,0.39,7.0e-01,1.0e+00,0.9999,5774,38.7,57.3,56.5,73.3,51.6,42.8
GENE-17865,NO,989.4,826.5,1152.3,1.394,0.5,0.3,1.62,1.1e-01,1.0e+00,0.9999,5775,999.8,908.5,571.3,1187.5,885.5,1383.8
GENE-17867,NO,29.1,25.7,32.4,1.259,0.3,0.4,0.83,4.1e-01,1.0e+00,0.9999,5776,27.8,30.6,18.8,39.6,26.8,30.9
GENE-17869,NO,3.6,3.3,4,1.201,0.3,1.09,0.24,8.1e-01,1.0e+00,0.9999,5777,4,1,5,7.9,1,3
GENE-17878,NO,6.4,6.3,6.6,1.054,0.1,0.79,0.1,9.2e-01,1.0e+00,0.9999,5778,6,4.9,7.9,7.9,9.9,2
GENE-17880,NO,2.5,2,3,1.503,0.6,1.1,0.53,5.9e-01,1.0e+00,0.9999,5779,2,2,2,3,3,3
GENE-17892,NO,608.8,621.2,596.3,0.96,-0.1,0.27,-0.22,8.3e-01,1.0e+00,0.9999,5780,593.1,602,668.5,535.8,449.7,803.4
GENE-17898,NO,2019.2,1954.3,2084.1,1.066,0.1,0.16,0.59,5.5e-01,1.0e+00,0.9999,5781,1893.4,2001.8,1967.7,2077,2029,2146.3
GENE-17899,NO,21.2,23.4,18.9,0.805,-0.3,0.46,-0.68,5.0e-01,1.0e+00,0.9999,5782,23.8,22.7,23.8,11.9,26.8,17.9
GENE-17901,NO,64.6,67.7,61.5,0.909,-0.1,0.38,-0.36,7.2e-01,1.0e+00,0.9999,5783,78.4,72.2,52.6,80.2,68.5,35.8
GENE-17904,NO,21.5,23.1,19.9,0.86,-0.2,0.49,-0.44,6.6e-01,1.0e+00,0.9999,5784,25.8,26.7,16.9,10.9,20.8,27.9
GENE-17909,NO,1407.2,1272.4,1542.2,1.212,0.3,0.19,1.45,1.5e-01,1.0e+00,0.9999,5785,1169.4,1350.4,1297.3,1723.4,1360,1543.1
GENE-17915,NO,52.2,51.8,52.7,1.015,0,0.4,0.06,9.6e-01,1.0e+00,0.9999,5786,44.6,67.2,43.6,54.5,31.8,71.7
GENE-17916,NO,1011.1,1079.7,942.4,0.873,-0.2,0.37,-0.54,5.9e-01,1.0e+00,0.9999,5787,1149.5,629.7,1459.9,754.7,780.3,1292.2
GENE-17920,NO,30.7,32.4,29.1,0.9,-0.2,0.39,-0.39,7.0e-01,1.0e+00,0.9999,5788,28.8,42.5,25.8,26.7,28.8,31.9
GENE-17929,NO,88.5,75.7,101.3,1.338,0.4,0.37,1.15,2.5e-01,1.0e+00,0.9999,5789,88.3,40.5,98.2,106,105.2,92.6
GENE-17930,NO,1.2,1,1.3,1.334,0.4,1.82,0.23,8.2e-01,1.0e+00,0.9999,5790,2,0,1,2,2,0
GENE-17934,NO,15.2,15.9,14.6,0.918,-0.1,0.52,-0.24,8.1e-01,1.0e+00,0.9999,5791,16.9,15.8,14.9,20.8,13.9,9
GENE-17938,NO,10.2,11.2,9.2,0.826,-0.3,0.61,-0.45,6.5e-01,1.0e+00,0.9999,5792,8.9,12.9,11.9,6.9,6.9,13.9
GENE-17941,NO,2.1,1.3,3,2.254,1.2,1.25,0.94,3.5e-01,1.0e+00,0.9999,5793,2,1,1,3,4,2
GENE-17942,NO,40.7,44.9,36.4,0.811,-0.3,0.36,-0.85,4.0e-01,1.0e+00,0.9999,5794,44.6,39.5,50.6,30.7,30.8,47.8
GENE-17946,NO,39.3,65.3,13.2,0.203,-2.3,1.58,-1.45,1.5e-01,1.0e+00,0.9999,5795,60.5,126.5,8.9,2,36.7,1
GENE-17947,NO,44.3,50.9,37.8,0.742,-0.4,0.36,-1.19,2.4e-01,1.0e+00,0.9999,5796,61.5,41.5,49.6,30.7,32.8,49.8
GENE-17949,NO,2.8,2.7,3,1.127,0.2,1.16,0.15,8.8e-01,1.0e+00,0.9999,5797,6,1,1,2,3,4
GENE-17950,NO,1.2,1.3,1,0.752,-0.4,2.12,-0.19,8.5e-01,1.0e+00,0.9999,5798,1,0,3,0,0,3
GENE-17954,NO,417.2,402.9,431.6,1.071,0.1,0.18,0.54,5.9e-01,1.0e+00,0.9999,5799,399.7,393.4,415.6,459.6,400.1,435
GENE-17958,NO,6.3,6,6.6,1.113,0.2,0.79,0.2,8.5e-01,1.0e+00,0.9999,5800,10.9,4,3,5.9,7.9,6
GENE-17963,NO,45.8,47.9,43.7,0.913,-0.1,0.34,-0.39,7.0e-01,1.0e+00,0.9999,5801,56.5,49.4,37.7,36.6,42.7,51.8
GENE-17966,NO,107.8,97.1,118.4,1.22,0.3,0.32,0.9,3.7e-01,1.0e+00,0.9999,5802,69.4,96.9,125,140.6,118.1,96.6
GENE-17970,NO,908.1,956.8,859.5,0.898,-0.2,0.17,-0.9,3.7e-01,1.0e+00,0.9999,5803,982.9,917.4,970,810.2,925.2,843.2
GENE-17971,NO,123,123.2,122.7,0.997,0,0.33,-0.01,9.9e-01,1.0e+00,0.9999,5804,112.1,130.5,127,166.4,75.4,126.4
GENE-17984,NO,8.4,9.3,7.6,0.823,-0.3,0.65,-0.43,6.7e-01,1.0e+00,0.9999,5805,10.9,10.9,6,7.9,6,9
GENE-17985,NO,477.9,441.6,514.3,1.165,0.2,0.21,1.05,2.9e-01,1.0e+00,0.9999,5806,431.4,380.6,512.8,546.7,491.4,504.7
GENE-17990,NO,1.7,1.3,2,1.504,0.6,1.42,0.42,6.8e-01,1.0e+00,0.9999,5807,1,1,2,1,1,4
GENE-18009,NO,0.8,0,1.7,9.092,3.2,2.53,1.26,2.1e-01,1.0e+00,0.9999,5808,0,0,0,0,2,3
GENE-18026,NO,4.5,3.3,5.6,1.704,0.8,1.02,0.76,4.5e-01,1.0e+00,0.9999,5809,0,4,6,4,7.9,5
GENE-18029,NO,137.7,180.6,94.8,0.525,-0.9,1.22,-0.76,4.4e-01,1.0e+00,0.9999,5810,10.9,195.7,335.2,52.5,51.6,180.2
GENE-18036,NO,631.8,631.8,631.9,1,0,0.17,0,1.0e+00,1.0e+00,0.9999,5811,635.8,633.7,625.8,616.1,617.5,662
GENE-18039,NO,50.7,44.9,56.6,1.26,0.3,0.44,0.75,4.5e-01,1.0e+00,0.9999,5812,42.6,52.4,39.7,58.4,84.4,26.9
GENE-18041,NO,4.6,4.6,4.6,1.002,0,0.87,0,1.0e+00,1.0e+00,0.9999,5813,4,3,6.9,4,6.9,3
GENE-18045,NO,5.1,7,3.3,0.477,-1.1,0.99,-1.09,2.8e-01,1.0e+00,0.9999,5814,6,2,12.9,5,4,1
GENE-18051,NO,126.8,124.5,129.1,1.037,0.1,0.26,0.2,8.4e-01,1.0e+00,0.9999,5815,119,125.5,128.9,102,157.8,127.4
GENE-18062,NO,6.4,7.6,5.3,0.697,-0.5,0.73,-0.71,4.8e-01,1.0e+00,0.9999,5816,9.9,4.9,7.9,4,6,6
GENE-18063,NO,91.6,80.2,102.9,1.282,0.4,0.31,1.15,2.5e-01,1.0e+00,0.9999,5817,84.3,84,72.4,134.7,99.3,74.7
GENE-18069,NO,50.1,55.5,44.7,0.805,-0.3,0.46,-0.68,4.9e-01,1.0e+00,0.9999,5818,58.5,52.4,55.5,20.8,73.5,39.8
GENE-18074,NO,6.6,6.9,6.3,0.907,-0.1,0.7,-0.2,8.4e-01,1.0e+00,0.9999,5819,6,7.9,6.9,6.9,5,7
GENE-18075,NO,515.5,503.9,527,1.046,0.1,0.21,0.31,7.5e-01,1.0e+00,0.9999,5820,483,526.9,501.8,441.7,562.9,576.4
GENE-18076,NO,5.6,4,7.3,1.837,0.9,0.77,1.14,2.5e-01,1.0e+00,0.9999,5821,4,4,4,7.9,7.9,6
GENE-18083,NO,11.7,11.2,12.3,1.091,0.1,0.62,0.2,8.4e-01,1.0e+00,0.9999,5822,11.9,12.9,8.9,10.9,6,19.9
GENE-18084,NO,43.8,37,50.6,1.37,0.5,0.45,1,3.2e-01,1.0e+00,0.9999,5823,37.7,55.4,17.9,39.6,49.6,62.7
GENE-18085,NO,55.6,49.2,61.9,1.258,0.3,0.32,1.04,3.0e-01,1.0e+00,0.9999,5824,54.6,40.5,52.6,49.5,68.5,67.7
GENE-18087,NO,4,5.6,2.3,0.413,-1.3,1.04,-1.22,2.2e-01,1.0e+00,0.9999,5825,4,7.9,5,0,3,4
GENE-18089,YES,1,1.3,0.7,0.501,-1,1.95,-0.51,6.1e-01,1.0e+00,0.9999,5826,2,2,0,1,0,1
GENE-18091,NO,77.7,77.3,78.1,1.011,0,0.3,0.05,9.6e-01,1.0e+00,0.9999,5827,82.3,85,64.5,81.2,60.6,92.6
GENE-18092,NO,14.5,14.9,14.2,0.958,-0.1,0.52,-0.12,9.1e-01,1.0e+00,0.9999,5828,14.9,14.8,14.9,8.9,19.9,13.9
GENE-18109,NO,3.5,4.3,2.7,0.617,-0.7,1.11,-0.63,5.3e-01,1.0e+00,0.9999,5829,5,6.9,1,2,1,5
GENE-18114,NO,969.1,929.3,1008.8,1.086,0.1,0.21,0.56,5.8e-01,1.0e+00,0.9999,5830,958.1,914.4,915.4,877.5,1224,924.8
GENE-18120,NO,1.5,1.3,1.7,1.252,0.3,1.79,0.18,8.6e-01,1.0e+00,0.9999,5831,2,1,1,0,5,0
GENE-18122,NO,307.3,289.3,325.3,1.125,0.2,0.21,0.82,4.1e-01,1.0e+00,0.9999,5832,315.4,285.7,266.8,349.6,287.9,338.5
GENE-18128,NO,1391.5,1505.6,1277.3,0.848,-0.2,0.23,-1.03,3.0e-01,1.0e+00,0.9999,5833,1460,1472,1584.9,1032,1596.2,1203.6
GENE-18132,NO,45.3,43,47.7,1.11,0.2,0.34,0.45,6.5e-01,1.0e+00,0.9999,5834,51.6,36.6,40.7,41.6,56.6,44.8
GENE-18136,NO,573.9,586.5,561.3,0.957,-0.1,0.18,-0.36,7.2e-01,1.0e+00,0.9999,5835,572.3,610.9,576.2,582.4,518.2,583.4
GENE-18139,NO,1401.6,1508.9,1294.4,0.858,-0.2,0.22,-1.03,3.1e-01,1.0e+00,0.9999,5836,1671.2,1204.1,1651.3,1244,1393.7,1245.4
GENE-18140,NO,32.2,31.4,33.1,1.055,0.1,0.39,0.2,8.4e-01,1.0e+00,0.9999,5837,22.8,32.6,38.7,35.7,36.7,26.9
GENE-18155,NO,11.2,10.6,11.9,1.127,0.2,0.63,0.27,7.9e-01,1.0e+00,0.9999,5838,10.9,10.9,9.9,20.8,7.9,7
GENE-18157,NO,2.1,1,3.3,3.338,1.7,1.42,1.23,2.2e-01,1.0e+00,0.9999,5839,2,1,0,5,4,1
GENE-18158,NO,652.9,689.9,616,0.893,-0.2,0.19,-0.88,3.8e-01,1.0e+00,0.9999,5840,713.1,692,664.5,597.2,563.8,686.9
GENE-18161,NO,12.1,14.6,9.6,0.66,-0.6,0.6,-0.99,3.2e-01,1.0e+00,0.9999,5841,16.9,12.9,13.9,13.9,4,11
GENE-18163,NO,96.5,92.8,100.3,1.08,0.1,0.26,0.43,6.7e-01,1.0e+00,0.9999,5842,92.2,85,101.2,106,110.2,84.6
GENE-18164,NO,14.2,10.6,17.8,1.691,0.8,0.53,1.43,1.5e-01,1.0e+00,0.9999,5843,6.9,12.9,11.9,17.8,21.8,13.9
GENE-18166,NO,460.5,468.7,452.4,0.965,-0.1,0.21,-0.24,8.1e-01,1.0e+00,0.9999,5844,539.6,408.3,458.2,487.3,416.9,453
GENE-18177,NO,3680.2,4128.9,3231.5,0.783,-0.4,0.29,-1.21,2.3e-01,1.0e+00,0.9999,5845,5671.3,3612.2,3103.3,3381.4,2631.6,3681.4
GENE-18183,NO,21.7,20.8,22.5,1.082,0.1,0.43,0.26,7.9e-01,1.0e+00,0.9999,5846,17.9,27.7,16.9,21.8,23.8,21.9
GENE-18193,NO,52.7,42.3,63.2,1.496,0.6,0.35,1.68,9.4e-02,1.0e+00,0.9999,5847,39.7,55.4,31.7,70.3,51.6,67.7
GENE-18197,NO,65.6,79.6,51.6,0.648,-0.6,0.38,-1.62,1.0e-01,1.0e+00,0.9999,5848,87.3,46.5,105.1,45.6,63.5,45.8
GENE-18201,NO,284.9,298.5,271.3,0.909,-0.1,0.31,-0.45,6.6e-01,1.0e+00,0.9999,5849,325.3,338.1,232.1,365.5,196.6,251.9
GENE-18215,NO,419.3,400,438.7,1.097,0.1,0.26,0.51,6.1e-01,1.0e+00,0.9999,5850,396.7,352.9,450.3,567.5,364.3,384.3
GENE-18219,NO,329.6,328,331.2,1.01,0,0.24,0.06,9.5e-01,1.0e+00,0.9999,5851,414.6,275.8,293.6,348.6,335.5,309.6
GENE-18220,NO,935.6,863.1,1008,1.168,0.2,0.21,1.07,2.8e-01,1.0e+00,0.9999,5852,835.1,971.8,782.5,931,926.2,1166.7
GENE-18224,NO,170.1,185.3,154.9,0.836,-0.3,0.26,-0.97,3.3e-01,1.0e+00,0.9999,5853,221.2,180.9,153.7,125.8,167.8,171.2
GENE-18228,NO,146,141.7,150.3,1.06,0.1,0.24,0.35,7.3e-01,1.0e+00,0.9999,5854,159.7,121.6,143.8,157.5,133,160.3
GENE-18233,NO,379.7,374.9,384.4,1.025,0,0.29,0.12,9.0e-01,1.0e+00,0.9999,5855,370,287.7,467.1,490.3,357.4,305.6
GENE-18234,NO,23,20.5,25.5,1.245,0.3,0.48,0.66,5.1e-01,1.0e+00,0.9999,5856,19.8,27.7,13.9,34.7,16.9,24.9
GENE-18237,NO,1,0.3,1.7,4.659,2.2,1.98,1.12,2.6e-01,1.0e+00,0.9999,5857,0,0,1,3,1,1
GENE-18245,NO,0.7,0,1.3,7.264,2.9,2.34,1.22,2.2e-01,1.0e+00,0.9999,5858,0,0,0,1,2,1
GENE-18250,NO,81.4,77.6,85.1,1.097,0.1,0.38,0.35,7.3e-01,1.0e+00,0.9999,5859,52.6,86,94.2,56.5,80.4,118.5
GENE-18253,NO,1525.8,1506.5,1545.1,1.026,0,0.24,0.15,8.8e-01,1.0e+00,0.9999,5860,1233.8,1559,1726.7,1600.6,1271.6,1763.1
GENE-18255,NO,8.1,7.9,8.3,1.044,0.1,0.65,0.1,9.2e-01,1.0e+00,0.9999,5861,8.9,9.9,5,8.9,6.9,9
GENE-18257,NO,380,414.6,345.4,0.833,-0.3,0.37,-0.72,4.7e-01,1.0e+00,0.9999,5862,334.2,540.7,368.9,323.9,503.3,209.1
GENE-18263,NO,395.2,320.3,470,1.467,0.6,0.32,1.75,8.0e-02,1.0e+00,0.9999,5863,336.2,333.1,291.6,689.3,368.3,352.4
GENE-18264,NO,24.3,23.8,24.8,1.044,0.1,0.4,0.15,8.8e-01,1.0e+00,0.9999,5864,26.8,25.7,18.8,25.8,25.8,22.9
GENE-18266,NO,316.7,315.1,318.3,1.01,0,0.53,0.03,9.8e-01,1.0e+00,0.9999,5865,265.8,575.3,104.1,339.7,407,208.1
GENE-18271,NO,129.8,128.8,130.7,1.015,0,0.24,0.09,9.3e-01,1.0e+00,0.9999,5866,129.9,110.7,145.8,132.7,119.1,140.4
GENE-18272,NO,1.3,1.7,1,0.601,-0.7,1.53,-0.48,6.3e-01,1.0e+00,0.9999,5867,3,1,1,1,1,1
GENE-18273,NO,1.8,1.3,2.3,1.755,0.8,1.41,0.58,5.7e-01,1.0e+00,0.9999,5868,0,3,1,3,2,2
GENE-18276,NO,7.9,9.9,5.9,0.601,-0.7,0.72,-1.03,3.1e-01,1.0e+00,0.9999,5869,7.9,5.9,15.9,6.9,6.9,4
GENE-18277,NO,1.7,2.3,1,0.43,-1.2,1.5,-0.81,4.2e-01,1.0e+00,0.9999,5870,1,3,3,0,1,2
GENE-18279,NO,1852.5,1719.7,1985.3,1.154,0.2,0.18,1.15,2.5e-01,1.0e+00,0.9999,5871,1723.8,1594.6,1840.8,1781.8,2101.5,2072.7
GENE-18280,NO,887.3,967.9,806.8,0.834,-0.3,0.31,-0.84,4.0e-01,1.0e+00,0.9999,5872,698.3,1332.6,872.8,619,862.6,938.8
GENE-18284,NO,19.2,18.8,19.5,1.037,0.1,0.45,0.12,9.1e-01,1.0e+00,0.9999,5873,21.8,15.8,18.8,16.8,23.8,17.9
GENE-18288,NO,57.9,57.5,58.3,1.014,0,0.32,0.06,9.5e-01,1.0e+00,0.9999,5874,47.6,63.3,61.5,51.5,73.5,49.8
GENE-18296,NO,137.2,161.9,112.4,0.694,-0.5,0.56,-0.94,3.5e-01,1.0e+00,0.9999,5875,123,70.2,292.6,193.1,74.5,69.7
GENE-18301,NO,132.7,146.7,118.8,0.81,-0.3,0.35,-0.88,3.8e-01,1.0e+00,0.9999,5876,101.2,123.6,215.2,137.7,102.2,116.5
GENE-18302,NO,1087.5,1021.2,1153.7,1.13,0.2,0.3,0.58,5.6e-01,1.0e+00,0.9999,5877,1065.2,942.1,1056.3,1587.7,747.5,1125.9
GENE-18308,NO,1178.4,1161,1195.7,1.03,0,0.23,0.18,8.6e-01,1.0e+00,0.9999,5878,1043.4,1315.8,1123.7,1114.2,1006.6,1466.4
GENE-18314,NO,531.6,583.5,479.7,0.822,-0.3,0.24,-1.17,2.4e-01,1.0e+00,0.9999,5879,655.6,568.4,526.6,375.4,490.4,573.4
GENE-18319,NO,2247.8,2303,2192.7,0.952,-0.1,0.18,-0.4,6.9e-01,1.0e+00,0.9999,5880,2420.1,2106.6,2382.3,2383,2128.3,2066.7
GENE-18320,NO,136,146.6,125.4,0.856,-0.2,0.22,-1.01,3.1e-01,1.0e+00,0.9999,5881,146.8,152.2,140.8,116.9,131,128.4
GENE-18326,NO,6.6,5.3,8,1.505,0.6,0.81,0.73,4.6e-01,1.0e+00,0.9999,5882,6.9,6.9,2,5,6,12.9
GENE-18332,NO,1.3,0.7,2,3.002,1.6,1.82,0.87,3.8e-01,1.0e+00,0.9999,5883,1,0,1,3,3,0
GENE-18337,NO,271.6,254.6,288.5,1.133,0.2,1.64,0.11,9.1e-01,1.0e+00,0.9999,5884,8.9,257,497.9,502.2,8.9,354.4
GENE-18340,NO,2702,2536.1,2868,1.131,0.2,0.23,0.77,4.4e-01,1.0e+00,0.9999,5885,2490.5,3001.3,2116.5,2652.4,3380.1,2571.4
GENE-18345,NO,532,578.9,485,0.838,-0.3,0.28,-0.92,3.6e-01,1.0e+00,0.9999,5886,700.2,554.6,482,349.6,536.1,569.4
GENE-18346,NO,127,126.5,127.4,1.007,0,0.23,0.05,9.6e-01,1.0e+00,0.9999,5887,122,124.6,132.9,115.9,143.9,122.4
GENE-18353,NO,2.5,3.3,1.7,0.501,-1,1.15,-0.86,3.9e-01,1.0e+00,0.9999,5888,2,4,4,2,1,2
GENE-18355,NO,10.4,7,13.9,2.004,1,0.61,1.63,1.0e-01,1.0e+00,0.9999,5889,6,8.9,6,16.8,15.9,9
GENE-18356,NO,1.5,1,2,2.008,1,1.79,0.56,5.7e-01,1.0e+00,0.9999,5890,1,2,0,1,0,5
GENE-18359,NO,1123.6,1000.7,1246.4,1.245,0.3,0.26,1.2,2.3e-01,1.0e+00,0.9999,5891,797.4,914.4,1290.3,1449,1240.9,1049.3
GENE-18360,NO,1,0.7,1.3,2.005,1,1.95,0.51,6.1e-01,1.0e+00,0.9999,5892,0,1,1,2,0,2
GENE-18362,NO,112.2,132.1,92.3,0.699,-0.5,0.44,-1.17,2.4e-01,1.0e+00,0.9999,5893,169.6,162.1,64.5,105,117.1,54.8
GENE-18364,NO,8.8,8.3,9.2,1.123,0.2,0.7,0.24,8.1e-01,1.0e+00,0.9999,5894,8.9,11.9,4,5.9,7.9,13.9
GENE-18367,NO,18.3,21.8,14.9,0.684,-0.5,0.48,-1.15,2.5e-01,1.0e+00,0.9999,5895,16.9,23.7,24.8,10.9,13.9,19.9
GENE-18370,NO,20.5,19.2,21.9,1.141,0.2,0.45,0.42,6.7e-01,1.0e+00,0.9999,5896,15.9,20.8,20.8,16.8,19.9,28.9
GENE-18375,NO,34.5,32.7,36.4,1.113,0.2,0.35,0.44,6.6e-01,1.0e+00,0.9999,5897,32.7,31.6,33.7,43.6,34.7,30.9
GENE-18378,NO,0.7,0.7,0.7,1.003,0,2.22,0,1.0e+00,1.0e+00,0.9999,5898,0,1,1,1,0,1
GENE-18379,NO,665.8,665.6,665.9,1.001,0,0.24,0,1.0e+00,1.0e+00,0.9999,5899,719.1,534.8,742.9,684.4,564.8,748.6
GENE-18380,NO,2.8,3,2.7,0.891,-0.2,1.07,-0.16,8.8e-01,1.0e+00,0.9999,5900,5,2,2,3,2,3
GENE-18382,NO,11.9,12.5,11.3,0.897,-0.2,0.59,-0.27,7.9e-01,1.0e+00,0.9999,5901,7.9,13.8,15.9,7.9,15.9,10
GENE-18384,NO,394,429.3,358.8,0.836,-0.3,0.29,-0.88,3.8e-01,1.0e+00,0.9999,5902,546.5,431,310.4,305.1,444.7,326.5
GENE-18387,NO,2.8,3,2.7,0.891,-0.2,1.21,-0.14,8.9e-01,1.0e+00,0.9999,5903,0,4.9,4,4,2,2
GENE-18399,NO,172.7,178,167.4,0.941,-0.1,0.24,-0.37,7.1e-01,1.0e+00,0.9999,5904,182.5,152.2,199.4,188.2,162.8,151.3
GENE-18401,NO,1426.9,1431.8,1422,0.993,0,0.21,-0.05,9.6e-01,1.0e+00,0.9999,5905,1511.6,1252.5,1531.3,1383.6,1656.8,1225.5
GENE-18403,NO,16.5,16.2,16.9,1.043,0.1,0.71,0.09,9.3e-01,1.0e+00,0.9999,5906,6,8.9,33.7,12.9,24.8,12.9
GENE-18405,NO,1.2,1.7,0.7,0.401,-1.3,1.75,-0.75,4.5e-01,1.0e+00,0.9999,5907,1,3,1,1,1,0
GENE-18406,NO,164,167.4,160.5,0.959,-0.1,0.32,-0.19,8.5e-01,1.0e+00,0.9999,5908,217.2,175,110.1,143.6,148.9,189.1
GENE-18407,NO,1.7,2.3,1,0.43,-1.2,1.7,-0.72,4.7e-01,1.0e+00,0.9999,5909,0,4.9,2,2,0,1
GENE-18409,NO,485.1,475.4,494.7,1.041,0.1,0.25,0.23,8.2e-01,1.0e+00,0.9999,5910,375.9,601,449.3,557.6,443.7,482.8
GENE-18410,NO,1382.5,1325.3,1439.7,1.086,0.1,0.16,0.76,4.5e-01,1.0e+00,0.9999,5911,1352.9,1332.6,1290.3,1452,1415.6,1451.5
GENE-18413,NO,143.8,151.9,135.7,0.893,-0.2,0.23,-0.71,4.8e-01,1.0e+00,0.9999,5912,157.7,138.4,159.7,130.7,151.9,124.4
GENE-18414,NO,259.8,281.6,237.9,0.845,-0.2,0.26,-0.92,3.6e-01,1.0e+00,0.9999,5913,231.1,347,266.8,286.2,209.5,218
GENE-18417,NO,12.4,10.9,13.9,1.275,0.4,0.55,0.63,5.3e-01,1.0e+00,0.9999,5914,11.9,8.9,11.9,15.8,16.9,9
GENE-18423,NO,1.2,0.7,1.7,2.506,1.3,1.72,0.77,4.4e-01,1.0e+00,0.9999,5915,1,1,0,2,1,2
GENE-18425,NO,72.9,76.6,69.2,0.903,-0.1,0.3,-0.5,6.2e-01,1.0e+00,0.9999,5916,63.5,94.9,71.4,71.3,61.5,74.7
GENE-18432,NO,2018.7,1937.6,2099.8,1.084,0.1,0.25,0.46,6.5e-01,1.0e+00,0.9999,5917,1748.6,1609.4,2454.7,1785.8,2443,2070.7
GENE-18433,NO,88.9,88.5,89.4,1.01,0,0.32,0.04,9.7e-01,1.0e+00,0.9999,5918,120,82.1,63.5,90.1,83.4,94.6
GENE-18439,NO,380.8,376.5,385.2,1.023,0,0.19,0.17,8.6e-01,1.0e+00,0.9999,5919,393.8,369.7,366,424.9,372.3,358.4
GENE-18441,NO,180.2,181.3,179.1,0.988,0,0.21,-0.09,9.3e-01,1.0e+00,0.9999,5920,188.4,185.9,169.6,177.3,179.7,180.2
GENE-18446,NO,9.8,6.3,13.2,2.11,1.1,0.61,1.76,7.9e-02,1.0e+00,0.9999,5921,6.9,5.9,6,9.9,15.9,13.9
GENE-18448,NO,9.9,9.2,10.6,1.145,0.2,0.71,0.28,7.8e-01,1.0e+00,0.9999,5922,15.9,4.9,6.9,12.9,5,13.9
GENE-18449,NO,42.5,43.6,41.3,0.949,-0.1,0.33,-0.23,8.2e-01,1.0e+00,0.9999,5923,39.7,45.5,45.6,50.5,37.7,35.8
GENE-18456,NO,1319.7,1331.6,1307.9,0.982,0,0.28,-0.09,9.3e-01,1.0e+00,0.9999,5924,961.1,1335.6,1698,1234.1,1096.9,1592.8
GENE-18458,NO,166,158.2,173.9,1.099,0.1,0.39,0.35,7.3e-01,1.0e+00,0.9999,5925,177.5,174,123,133.7,111.2,276.8
GENE-18459,NO,1415.7,1410.3,1421,1.008,0,0.19,0.06,9.6e-01,1.0e+00,0.9999,5926,1491.7,1536.2,1203.1,1499.5,1419.5,1344
GENE-18463,NO,84,100.4,67.5,0.672,-0.6,0.33,-1.72,8.6e-02,1.0e+00,0.9999,5927,88.3,77.1,135.9,73.3,75.4,53.8
GENE-18467,NO,35.5,40.3,30.8,0.764,-0.4,0.41,-0.95,3.4e-01,1.0e+00,0.9999,5928,46.6,40.5,33.7,42.6,30.8,18.9
GENE-18474,NO,248.4,251.3,245.5,0.977,0,0.22,-0.15,8.8e-01,1.0e+00,0.9999,5929,225.1,294.6,234.1,268.4,231.3,236.9
GENE-18475,NO,225.8,238.1,213.5,0.897,-0.2,0.26,-0.6,5.5e-01,1.0e+00,0.9999,5930,194.4,217.5,302.5,205,193.6,241.9
GENE-18476,NO,184.6,185.3,184,0.993,0,0.22,-0.04,9.6e-01,1.0e+00,0.9999,5931,213.2,172,170.6,194.1,171.7,186.2
GENE-18483,NO,11.1,9.6,12.6,1.314,0.4,0.63,0.63,5.3e-01,1.0e+00,0.9999,5932,10.9,9.9,7.9,8.9,7.9,20.9
GENE-18484,NO,54.2,58.5,50,0.855,-0.2,0.33,-0.69,4.9e-01,1.0e+00,0.9999,5933,73.4,47.5,54.5,42.6,50.6,56.7
GENE-18490,NO,1297,1330.3,1263.7,0.95,-0.1,0.18,-0.42,6.8e-01,1.0e+00,0.9999,5934,1303.3,1316.8,1370.7,1131.1,1380.8,1279.2
GENE-18491,NO,4126,4373.9,3878.1,0.887,-0.2,0.22,-0.78,4.4e-01,1.0e+00,0.9999,5935,3641,4808.4,4672.4,3220.9,4142.5,4270.8
GENE-18493,NO,276.8,250.7,302.9,1.208,0.3,0.28,0.97,3.3e-01,1.0e+00,0.9999,5936,310.4,196.7,245,234.7,313.7,360.4
GENE-18497,NO,1.5,2,1,0.501,-1,1.54,-0.65,5.2e-01,1.0e+00,0.9999,5937,1,2,3,0,2,1
GENE-18499,NO,2.1,2.3,2,0.859,-0.2,1.24,-0.18,8.6e-01,1.0e+00,0.9999,5938,3,2,2,1,4,1
GENE-18502,NO,416.1,410.4,421.8,1.028,0,0.33,0.12,9.0e-01,1.0e+00,0.9999,5939,367,485.4,378.9,259.5,575.8,430.1
GENE-18503,NO,695.4,696.3,694.6,0.998,0,0.29,-0.01,9.9e-01,1.0e+00,0.9999,5940,541.5,588.2,959.1,675.5,790.2,618.2
GENE-18504,NO,9.4,7.3,11.6,1.594,0.7,0.67,1,3.2e-01,1.0e+00,0.9999,5941,5,10.9,6,17.8,8.9,8
GENE-18511,NO,593.8,610.6,576.9,0.945,-0.1,0.23,-0.36,7.2e-01,1.0e+00,0.9999,5942,579.2,603,649.6,633.9,452.7,644.1
GENE-18513,NO,1153.7,1246.5,1061,0.851,-0.2,0.18,-1.26,2.1e-01,1.0e+00,0.9999,5943,1244.8,1149.7,1344.9,1140,959.9,1083.1
GENE-18515,NO,6.9,7.9,5.9,0.751,-0.4,0.72,-0.58,5.6e-01,1.0e+00,0.9999,5944,10.9,5.9,6.9,5.9,7.9,4
GENE-18516,NO,377.7,375.2,380.3,1.014,0,0.18,0.11,9.1e-01,1.0e+00,0.9999,5945,376.9,375.7,372.9,357.5,380.2,403.2
GENE-18523,NO,6.8,7.3,6.3,0.866,-0.2,0.72,-0.29,7.7e-01,1.0e+00,0.9999,5946,4,8.9,8.9,7.9,5,6
GENE-18525,NO,17.4,16.9,17.9,1.061,0.1,0.46,0.19,8.5e-01,1.0e+00,0.9999,5947,15.9,17.8,16.9,21.8,14.9,16.9
GENE-18532,NO,3.3,3,3.6,1.223,0.3,1.21,0.24,8.1e-01,1.0e+00,0.9999,5948,1,1,6.9,6.9,3,1
GENE-18535,NO,2,1.7,2.3,1.401,0.5,1.38,0.35,7.3e-01,1.0e+00,0.9999,5949,2,0,3,4,2,1
GENE-18539,NO,1019.6,939.8,1099.4,1.17,0.2,0.32,0.7,4.8e-01,1.0e+00,0.9999,5950,865.9,677.2,1276.4,1442.1,835.8,1020.4
GENE-18541,NO,219.5,218.9,220.1,1.005,0,0.22,0.04,9.7e-01,1.0e+00,0.9999,5951,193.4,250.1,213.2,226.8,214.4,219
GENE-18543,NO,38.2,40.9,35.4,0.865,-0.2,0.37,-0.57,5.7e-01,1.0e+00,0.9999,5952,37.7,41.5,43.6,23.8,40.7,41.8
GENE-18545,NO,1024.1,1013,1035.3,1.022,0,0.58,0.05,9.6e-01,1.0e+00,0.9999,5953,1534.4,277.8,1226.9,1661,953,491.8
GENE-18548,NO,228.2,221.8,234.7,1.058,0.1,0.29,0.28,7.8e-01,1.0e+00,0.9999,5954,178.5,304.5,182.5,219.9,251.1,233
GENE-18554,NO,18.3,19.5,17.2,0.883,-0.2,0.44,-0.41,6.8e-01,1.0e+00,0.9999,5955,17.9,19.8,20.8,16.8,17.9,16.9
GENE-18556,NO,2.1,2.6,1.7,0.627,-0.7,1.4,-0.48,6.3e-01,1.0e+00,0.9999,5956,2,5.9,0,2,2,1
GENE-18558,NO,21.3,21.1,21.5,1.018,0,0.44,0.06,9.5e-01,1.0e+00,0.9999,5957,25.8,22.7,14.9,20.8,18.9,24.9
GENE-18559,NO,10.7,12.2,9.3,0.758,-0.4,0.65,-0.61,5.4e-01,1.0e+00,0.9999,5958,18.8,11.9,6,12.9,7.9,7
GENE-18562,NO,20.8,18.2,23.5,1.294,0.4,0.49,0.76,4.5e-01,1.0e+00,0.9999,5959,18.8,10.9,24.8,18.8,20.8,30.9
GENE-18563,NO,4922.7,5263.1,4582.1,0.871,-0.2,0.2,-1.02,3.1e-01,1.0e+00,0.9999,5960,4550.5,5501.4,5737.5,4486.7,5083.5,4176.2
GENE-18571,NO,2253.7,1971.4,2535.9,1.286,0.4,0.32,1.13,2.6e-01,1.0e+00,0.9999,5961,2343.7,1493.7,2076.8,2327.5,1735.2,3545
GENE-18574,NO,221.8,236.8,206.8,0.873,-0.2,0.24,-0.82,4.1e-01,1.0e+00,0.9999,5962,284.7,215.5,210.3,228.8,195.6,196.1
GENE-18576,NO,437.5,389.2,485.8,1.248,0.3,0.3,1.08,2.8e-01,1.0e+00,0.9999,5963,328.3,529.9,309.4,554.6,389.1,513.7
GENE-18577,NO,2.3,2,2.7,1.334,0.4,1.33,0.31,7.5e-01,1.0e+00,0.9999,5964,3,0,3,5,1,2
GENE-18578,NO,35.9,30.7,41,1.336,0.4,0.35,1.19,2.3e-01,1.0e+00,0.9999,5965,25.8,33.6,32.7,40.6,46.7,35.8
GENE-18580,NO,258.3,278,238.6,0.858,-0.2,0.45,-0.49,6.2e-01,1.0e+00,0.9999,5966,310.4,338.1,185.5,142.6,415.9,157.3
GENE-18582,NO,22.5,21.5,23.5,1.095,0.1,0.43,0.3,7.6e-01,1.0e+00,0.9999,5967,17.9,18.8,27.8,19.8,24.8,25.9
GENE-18586,NO,76.2,71.7,80.8,1.127,0.2,0.31,0.55,5.8e-01,1.0e+00,0.9999,5968,78.4,72.2,64.5,60.4,77.4,104.5
GENE-18590,NO,1587.3,1731.1,1443.6,0.834,-0.3,0.23,-1.13,2.6e-01,1.0e+00,0.9999,5969,1364.8,1768.5,2060,1582.7,1293.5,1454.5
GENE-18599,NO,25.6,24.1,27.1,1.126,0.2,0.41,0.42,6.7e-01,1.0e+00,0.9999,5970,21.8,26.7,23.8,34.7,21.8,24.9
GENE-18600,NO,2376.3,2290.4,2462.2,1.075,0.1,0.17,0.61,5.4e-01,1.0e+00,0.9999,5971,2196.9,2407.2,2267.2,2455.3,2657.4,2273.8
GENE-18604,NO,227.1,166.5,287.7,1.728,0.8,1.42,0.56,5.8e-01,1.0e+00,0.9999,5972,5,428,66.5,487.3,191.6,184.2
GENE-18606,NO,343.4,341.1,345.8,1.014,0,0.23,0.09,9.3e-01,1.0e+00,0.9999,5973,303.5,372.7,347.1,357.5,397.1,282.7
GENE-18607,NO,573,582.2,563.8,0.968,0,0.22,-0.22,8.3e-01,1.0e+00,0.9999,5974,574.3,599.1,573.3,451.6,616.5,623.2
GENE-18608,NO,348.8,354.1,343.5,0.97,0,0.2,-0.22,8.3e-01,1.0e+00,0.9999,5975,391.8,312.4,358,347.6,350.4,332.5
GENE-18616,NO,7.3,5.6,9,1.591,0.7,0.7,0.95,3.4e-01,1.0e+00,0.9999,5976,6.9,4,6,11.9,6,9
GENE-18628,NO,19.5,21.1,17.9,0.846,-0.2,0.44,-0.54,5.9e-01,1.0e+00,0.9999,5977,21.8,18.8,22.8,17.8,13.9,21.9
GENE-18638,NO,736.2,711.7,760.6,1.069,0.1,0.18,0.53,5.9e-01,1.0e+00,0.9999,5978,705.2,703.9,726,741.8,700.8,839.2
GENE-18642,NO,1.7,1.7,1.7,1.002,0,1.34,0,1.0e+00,1.0e+00,0.9999,5979,2,1,2,2,1,2
GENE-18648,NO,17.3,19.5,15.2,0.781,-0.4,0.65,-0.55,5.8e-01,1.0e+00,0.9999,5980,6.9,22.7,28.8,23.8,7.9,13.9
GENE-18649,NO,636.7,657.2,616.3,0.938,-0.1,0.17,-0.54,5.9e-01,1.0e+00,0.9999,5981,624.9,673.2,673.4,629.9,585.7,633.2
GENE-18652,NO,21,18.8,23.2,1.231,0.3,0.44,0.68,4.9e-01,1.0e+00,0.9999,5982,14.9,23.7,17.9,22.8,19.9,26.9
GENE-18664,NO,1218.2,1189.5,1247,1.048,0.1,0.46,0.15,8.8e-01,1.0e+00,0.9999,5983,632.8,1867.4,1068.2,1073.6,1925.8,741.7
GENE-18666,NO,1.5,1.7,1.3,0.803,-0.3,1.54,-0.21,8.4e-01,1.0e+00,0.9999,5984,1,2,2,0,1,3
GENE-18668,NO,0.7,1.3,0,0.138,-2.9,3.38,-0.85,4.0e-01,1.0e+00,0.9999,5985,0,0,4,0,0,0
GENE-18670,NO,324,371.6,276.4,0.744,-0.4,0.25,-1.74,8.3e-02,1.0e+00,0.9999,5986,451.3,346,317.4,237.7,276,315.6
GENE-18671,NO,61.5,52.2,70.8,1.357,0.4,0.41,1.09,2.8e-01,1.0e+00,0.9999,5987,68.4,35.6,52.6,78.2,42.7,91.6
GENE-18673,NO,7.9,8.9,7,0.779,-0.4,0.67,-0.54,5.9e-01,1.0e+00,0.9999,5988,11.9,7.9,6.9,5,8.9,7
GENE-18674,NO,111.3,104.7,117.8,1.125,0.2,0.36,0.48,6.3e-01,1.0e+00,0.9999,5989,110.1,83,121,94.1,173.7,85.6
GENE-18676,YES,6.4,8.6,4.3,0.501,-1,0.83,-1.2,2.3e-01,1.0e+00,0.9999,5990,6,14.8,5,3,6.9,3
GENE-18677,NO,1587,1536.7,1637.3,1.065,0.1,0.19,0.48,6.3e-01,1.0e+00,0.9999,5991,1706,1443.3,1460.9,1734.3,1448.3,1729.2
GENE-18680,NO,992.4,1004,980.8,0.977,0,0.18,-0.19,8.5e-01,1.0e+00,0.9999,5992,973,966.8,1072.1,1018.2,1039.3,885
GENE-18681,NO,191.5,201.5,181.6,0.901,-0.1,0.32,-0.47,6.4e-01,1.0e+00,0.9999,5993,264.8,177,162.7,227.8,184.6,132.4
GENE-18683,NO,69.1,68.4,69.8,1.021,0,0.28,0.11,9.1e-01,1.0e+00,0.9999,5994,65.5,65.2,74.4,78.2,71.5,59.7
GENE-18684,NO,2219.5,2171,2268,1.045,0.1,0.25,0.26,8.0e-01,1.0e+00,0.9999,5995,2466.7,1577.8,2468.6,2200.8,2456.9,2146.3
GENE-18685,NO,84.6,76.6,92.7,1.209,0.3,0.28,0.98,3.2e-01,1.0e+00,0.9999,5996,82.3,66.2,81.3,86.2,110.2,81.6
GENE-18686,NO,7.8,7.2,8.3,1.139,0.2,0.64,0.29,7.7e-01,1.0e+00,0.9999,5997,6.9,6.9,7.9,7.9,7.9,9
GENE-18692,NO,192.7,190.9,194.5,1.019,0,0.29,0.09,9.3e-01,1.0e+00,0.9999,5998,208.3,172,192.4,252.6,196.6,134.4
GENE-18701,NO,173,174.8,171.1,0.979,0,0.53,-0.06,9.5e-01,1.0e+00,0.9999,5999,94.2,351.9,78.4,173.3,141,199.1
GENE-18704,NO,115.5,129.5,101.6,0.785,-0.3,0.26,-1.35,1.8e-01,1.0e+00,0.9999,6000,146.8,133.5,108.1,91.1,114.2,99.6
GENE-18707,NO,4.6,5.6,3.6,0.648,-0.6,0.95,-0.66,5.1e-01,1.0e+00,0.9999,6001,6.9,6.9,3,3,6.9,1
GENE-18709,NO,270.6,278.3,262.8,0.944,-0.1,0.25,-0.33,7.4e-01,1.0e+00,0.9999,6002,264.8,350,220.2,246.6,258.1,283.7
GENE-18716,NO,1.2,1,1.3,1.338,0.4,1.86,0.23,8.2e-01,1.0e+00,0.9999,6003,0,2,1,0,3,1
GENE-18721,NO,352.9,363,342.7,0.944,-0.1,0.34,-0.24,8.1e-01,1.0e+00,0.9999,6004,473.1,302.5,313.4,213.9,362.3,452
GENE-18731,NO,2.1,1.7,2.7,1.603,0.7,1.31,0.52,6.0e-01,1.0e+00,0.9999,6005,0,2,3,4,2,2
GENE-18741,NO,961.9,885.1,1038.8,1.174,0.2,0.34,0.69,4.9e-01,1.0e+00,0.9999,6006,1118.8,816.6,720,925.1,695.9,1495.3
GENE-18742,NO,260,277.7,242.3,0.872,-0.2,0.26,-0.74,4.6e-01,1.0e+00,0.9999,6007,225.1,260,348.1,212.9,283.9,230
GENE-18744,NO,2.6,2.6,2.7,1.002,0,1.24,0,1.0e+00,1.0e+00,0.9999,6008,3,4.9,0,4,2,2
GENE-18750,NO,1222.2,1052.1,1392.2,1.323,0.4,0.46,0.88,3.8e-01,1.0e+00,0.9999,6009,870.8,1063.7,1221.9,641.8,2550.2,984.6
GENE-18755,NO,6670.5,7235,6105.9,0.844,-0.2,0.26,-0.95,3.4e-01,1.0e+00,0.9999,6010,5375.7,7510.1,8819.1,6556.7,6634.1,5126.9
GENE-18757,NO,1.2,0.7,1.7,2.506,1.3,1.72,0.77,4.4e-01,1.0e+00,0.9999,6011,0,1,1,2,1,2
GENE-18759,YES,4.5,7,2,0.286,-1.8,1.09,-1.65,9.8e-02,1.0e+00,0.9999,6012,6,3,11.9,2,4,0
GENE-18765,NO,171.8,191.6,151.9,0.793,-0.3,0.25,-1.34,1.8e-01,1.0e+00,0.9999,6013,223.2,158.2,193.4,138.7,144.9,172.2
GENE-18767,NO,59.3,62.1,56.6,0.911,-0.1,0.32,-0.41,6.8e-01,1.0e+00,0.9999,6014,49.6,58.3,78.4,66.4,49.6,53.8
GENE-18775,NO,10.1,7.9,12.2,1.545,0.6,0.71,0.89,3.8e-01,1.0e+00,0.9999,6015,11.9,5.9,6,6.9,21.8,8
GENE-18778,NO,16.4,13.9,18.9,1.36,0.4,0.48,0.92,3.6e-01,1.0e+00,0.9999,6016,10.9,12.9,17.9,19.8,19.9,16.9
GENE-18783,NO,1349.5,1328.1,1370.9,1.032,0,0.22,0.21,8.4e-01,1.0e+00,0.9999,6017,1402.5,1203.1,1378.6,1641.2,1122.7,1348.9
GENE-18786,NO,7.6,8.6,6.6,0.771,-0.4,0.68,-0.56,5.8e-01,1.0e+00,0.9999,6018,10.9,6.9,7.9,8.9,5,6
GENE-18787,NO,49.1,48.2,50,1.037,0.1,0.41,0.13,9.0e-01,1.0e+00,0.9999,6019,63.5,45.5,35.7,31.7,49.6,68.7
GENE-18789,NO,95.8,104.7,87,0.831,-0.3,0.28,-0.95,3.4e-01,1.0e+00,0.9999,6020,100.2,111.7,102.2,104,91.3,65.7
GENE-18792,NO,21.8,21.5,22.2,1.033,0,0.43,0.11,9.1e-01,1.0e+00,0.9999,6021,20.8,26.7,16.9,21.8,25.8,18.9
GENE-18794,NO,2291.3,2206,2376.7,1.077,0.1,0.21,0.52,6.0e-01,1.0e+00,0.9999,6022,2259.4,2557.4,1801.1,2292.9,2420.2,2417.1
GENE-18795,NO,160.2,161.1,159.2,0.988,0,0.26,-0.07,9.5e-01,1.0e+00,0.9999,6023,143.8,194.7,144.8,141.6,152.9,183.2
GENE-18799,NO,14.4,15.9,12.9,0.814,-0.3,0.54,-0.55,5.8e-01,1.0e+00,0.9999,6024,9.9,19.8,17.9,9.9,16.9,11.9
GENE-18805,NO,1.2,1.3,1,0.752,-0.4,2.07,-0.2,8.4e-01,1.0e+00,0.9999,6025,0,2,2,0,3,0
GENE-18809,NO,6.3,5.6,6.9,1.238,0.3,0.72,0.42,6.7e-01,1.0e+00,0.9999,6026,6,4.9,6,6.9,8.9,5
GENE-18816,NO,1.7,1.7,1.7,1.003,0,1.4,0,1.0e+00,1.0e+00,0.9999,6027,1,3,1,1,3,1
GENE-18821,NO,59.2,62.7,55.7,0.886,-0.2,0.34,-0.52,6.1e-01,1.0e+00,0.9999,6028,61.5,59.3,67.4,45.6,44.7,76.7
GENE-18823,NO,124.5,126.5,122.5,0.968,0,0.27,-0.17,8.6e-01,1.0e+00,0.9999,6029,142.8,126.5,110.1,102,118.1,147.3
GENE-18824,NO,47.9,46.6,49.3,1.059,0.1,0.32,0.26,8.0e-01,1.0e+00,0.9999,6030,38.7,52.4,48.6,55.5,43.7,48.8
GENE-18825,NO,648.3,663.9,632.8,0.953,-0.1,0.19,-0.36,7.2e-01,1.0e+00,0.9999,6031,719.1,580.3,692.3,635.9,674,588.4
GENE-18826,NO,1.3,1.7,1,0.601,-0.7,1.63,-0.45,6.5e-01,1.0e+00,0.9999,6032,3,2,0,1,1,1
GENE-18829,NO,0.7,1,0.3,0.36,-1.5,2.86,-0.52,6.1e-01,1.0e+00,0.9999,6033,0,3,0,1,0,0
GENE-18833,NO,59.5,65,54,0.83,-0.3,0.41,-0.65,5.1e-01,1.0e+00,0.9999,6034,45.6,88,61.5,31.7,71.5,58.7
GENE-18841,NO,748,740.2,755.9,1.021,0,0.2,0.15,8.8e-01,1.0e+00,0.9999,6035,697.3,683.1,840.1,832,666.1,769.5
GENE-18852,NO,3104.1,2987.8,3220.5,1.078,0.1,0.18,0.59,5.6e-01,1.0e+00,0.9999,6036,3098.5,2597,3268,3360.6,3083.3,3217.5
GENE-18854,NO,0.7,0.7,0.7,1.001,0,2.22,0,1.0e+00,1.0e+00,0.9999,6037,1,0,1,1,1,0
GENE-18856,NO,14.9,15.9,13.9,0.877,-0.2,0.48,-0.39,6.9e-01,1.0e+00,0.9999,6038,14.9,16.8,15.9,12.9,13.9,14.9
GENE-18857,NO,0.8,0.7,1,1.504,0.6,2.07,0.28,7.8e-01,1.0e+00,0.9999,6039,1,1,0,0,2,1
GENE-18858,NO,3.5,3.3,3.6,1.101,0.1,1.03,0.14,8.9e-01,1.0e+00,0.9999,6040,3,3,4,6.9,3,1
GENE-18860,NO,4.1,5,3.3,0.668,-0.6,0.88,-0.66,5.1e-01,1.0e+00,0.9999,6041,5,4,6,4,3,3
GENE-18861,NO,0.8,0.7,1,1.5,0.6,2.3,0.25,8.0e-01,1.0e+00,0.9999,6042,2,0,0,2,1,0
GENE-18862,NO,21360.6,17930.7,24790.6,1.383,0.5,0.28,1.68,9.2e-02,1.0e+00,0.9999,6043,19775.2,15140.9,18875.9,25170.1,17365,31836.7
GENE-18867,NO,1.3,1.7,1,0.602,-0.7,1.63,-0.45,6.5e-01,1.0e+00,0.9999,6044,2,3,0,1,1,1
GENE-18868,NO,491.2,445.9,536.4,1.203,0.3,0.51,0.52,6.0e-01,1.0e+00,0.9999,6045,495.9,662.3,179.5,742.8,624.4,241.9
GENE-18870,NO,20.3,21.1,19.5,0.923,-0.1,0.46,-0.25,8.0e-01,1.0e+00,0.9999,6046,19.8,14.8,28.8,22.8,19.9,15.9
GENE-18876,NO,112.1,125.2,99,0.791,-0.3,0.29,-1.19,2.3e-01,1.0e+00,0.9999,6047,140.8,103.8,130.9,84.2,124.1,88.6
GENE-18888,NO,193.2,208.4,178,0.854,-0.2,0.22,-1.04,3.0e-01,1.0e+00,0.9999,6048,232.1,200.7,192.4,172.3,192.6,169.2
GENE-18893,NO,11.7,10.2,13.2,1.293,0.4,0.57,0.65,5.2e-01,1.0e+00,0.9999,6049,14.9,8.9,6.9,11.9,11.9,15.9
GENE-18894,NO,25.3,27.1,23.5,0.867,-0.2,0.48,-0.43,6.7e-01,1.0e+00,0.9999,6050,34.7,15.8,30.7,32.7,21.8,15.9
GENE-18899,NO,2193,2164.7,2221.3,1.026,0,0.16,0.23,8.2e-01,1.0e+00,0.9999,6051,2042.2,2202.5,2249.4,2249.3,2311,2103.5
GENE-18900,NO,2.3,2.3,2.3,1.001,0,1.5,0,1.0e+00,1.0e+00,0.9999,6052,4,0,3,5,0,2
GENE-18904,NO,19,19.2,18.9,0.985,0,0.45,-0.05,9.6e-01,1.0e+00,0.9999,6053,23.8,15.8,17.9,21.8,17.9,16.9
GENE-18914,NO,2.6,3.3,2,0.601,-0.7,1.2,-0.61,5.4e-01,1.0e+00,0.9999,6054,4,3,3,4,2,0
GENE-18916,NO,55.9,66,45.7,0.692,-0.5,0.34,-1.56,1.2e-01,1.0e+00,0.9999,6055,61.5,82.1,54.5,44.6,35.7,56.7
GENE-18919,NO,23.2,17.8,28.5,1.597,0.7,0.52,1.29,2.0e-01,1.0e+00,0.9999,6056,27.8,15.8,9.9,17.8,31.8,35.8
GENE-18921,NO,45,50.2,39.7,0.791,-0.3,0.33,-1.02,3.1e-01,1.0e+00,0.9999,6057,55.5,42.5,52.6,44.6,42.7,31.9
GENE-18924,NO,136,133.1,139,1.045,0.1,0.25,0.25,8.0e-01,1.0e+00,0.9999,6058,132.9,145.3,121,155.5,114.2,147.3
GENE-18934,NO,35.9,33.3,38.4,1.151,0.2,0.35,0.58,5.6e-01,1.0e+00,0.9999,6059,33.7,32.6,33.7,35.7,46.7,32.9
GENE-18939,NO,150.1,152.9,147.3,0.963,-0.1,0.29,-0.19,8.5e-01,1.0e+00,0.9999,6060,190.4,134.4,133.9,168.4,110.2,163.3
GENE-18942,NO,4079.2,4025.1,4133.3,1.027,0,0.2,0.2,8.4e-01,1.0e+00,0.9999,6061,4523.8,3635,3916.6,4466.9,3643.2,4289.7
GENE-18945,NO,1358.2,1329.2,1387.2,1.044,0.1,0.19,0.33,7.4e-01,1.0e+00,0.9999,6062,1291.4,1395.9,1300.2,1384.6,1559.5,1217.5
GENE-18951,NO,1.3,1.3,1.3,1.002,0,1.62,0,1.0e+00,1.0e+00,0.9999,6063,0,1,3,1,1,2
GENE-18954,NO,8.6,7.3,9.9,1.367,0.5,0.67,0.68,5.0e-01,1.0e+00,0.9999,6064,5,6.9,9.9,5.9,12.9,11
GENE-18960,NO,297.1,283.7,310.5,1.094,0.1,0.19,0.69,4.9e-01,1.0e+00,0.9999,6065,285.6,296.6,268.8,316,301.8,313.6
GENE-18964,NO,646.8,673,620.5,0.922,-0.1,0.2,-0.57,5.7e-01,1.0e+00,0.9999,6066,740.9,697.9,580.2,616.1,680,565.5
GENE-18969,NO,1426.8,1567.1,1286.5,0.821,-0.3,0.29,-0.97,3.3e-01,1.0e+00,0.9999,6067,1705,1507.6,1488.7,991.4,1033.4,1834.7
GENE-18971,NO,30.9,32.1,29.8,0.93,-0.1,0.59,-0.18,8.6e-01,1.0e+00,0.9999,6068,25.8,11.9,58.5,18.8,33.8,36.8
GENE-18974,NO,1.2,2,0.3,0.18,-2.5,2.11,-1.17,2.4e-01,1.0e+00,0.9999,6069,0,4,2,0,0,1
GENE-18976,NO,14.4,13.9,14.9,1.074,0.1,0.52,0.2,8.4e-01,1.0e+00,0.9999,6070,18.8,11.9,10.9,11.9,14.9,17.9
GENE-18977,NO,2.5,3,2,0.668,-0.6,1.14,-0.51,6.1e-01,1.0e+00,0.9999,6071,2,4,3,2,1,3
GENE-18983,NO,8.9,9.6,8.3,0.863,-0.2,0.82,-0.26,8.0e-01,1.0e+00,0.9999,6072,9.9,2,16.9,12.9,7.9,4
GENE-18988,NO,3.1,3,3.3,1.114,0.2,1.07,0.15,8.8e-01,1.0e+00,0.9999,6073,2,4,3,1,6,3
GENE-18992,NO,1652.8,1610.5,1695.1,1.052,0.1,0.18,0.4,6.9e-01,1.0e+00,0.9999,6074,1641.5,1711.2,1478.8,1680.8,1865.3,1539.1
GENE-18994,NO,39.4,68.9,9.9,0.144,-2.8,2.64,-1.06,2.9e-01,1.0e+00,0.9999,6075,0,190.8,15.9,0,8.9,20.9
GENE-18996,NO,41.7,44.9,38.4,0.855,-0.2,0.36,-0.64,5.2e-01,1.0e+00,0.9999,6076,46.6,35.6,52.6,29.7,45.7,39.8
GENE-18999,NO,1.7,1.3,2,1.504,0.6,1.38,0.43,6.7e-01,1.0e+00,0.9999,6077,1,2,1,1,2,3
GENE-19000,NO,1827.9,1821.6,1834.2,1.007,0,0.27,0.04,9.7e-01,1.0e+00,0.9999,6078,1422.3,1803.1,2239.5,1572.8,2291.1,1638.6
GENE-19002,NO,111,94.4,127.5,1.35,0.4,0.39,1.11,2.7e-01,1.0e+00,0.9999,6079,89.3,113.7,80.3,105,78.4,199.1
GENE-19003,NO,0.7,0.7,0.7,1.002,0,2.22,0,1.0e+00,1.0e+00,0.9999,6080,1,1,0,1,1,0
GENE-19011,NO,140.2,141.1,139.5,0.989,0,0.37,-0.04,9.6e-01,1.0e+00,0.9999,6081,125,124.6,173.6,86.2,122.1,210.1
GENE-19017,NO,40.8,39.3,42.4,1.078,0.1,0.34,0.32,7.5e-01,1.0e+00,0.9999,6082,33.7,42.5,41.7,42.6,35.7,48.8
GENE-19025,NO,270.5,275.1,265.8,0.966,0,0.22,-0.22,8.2e-01,1.0e+00,0.9999,6083,253.9,257,314.4,253.6,242.2,301.6
GENE-19032,NO,5.6,6.3,5,0.792,-0.3,0.79,-0.43,6.7e-01,1.0e+00,0.9999,6084,6,5.9,6.9,3,4,8
GENE-19034,NO,0.7,0.3,1,2.799,1.5,2.44,0.61,5.4e-01,1.0e+00,0.9999,6085,0,1,0,1,0,2
GENE-19038,NO,208.9,227.5,190.3,0.836,-0.3,0.22,-1.17,2.4e-01,1.0e+00,0.9999,6086,231.1,251.1,200.3,208,186.6,176.2
GENE-19044,NO,186.8,184,189.7,1.031,0,0.22,0.2,8.4e-01,1.0e+00,0.9999,6087,198.4,172,181.5,173.3,178.7,217
GENE-19052,NO,2532.8,2506,2559.6,1.021,0,0.16,0.19,8.5e-01,1.0e+00,0.9999,6088,2437.9,2684.9,2395.2,2560.3,2570.1,2548.5
GENE-19054,NO,6,5,6.9,1.403,0.5,0.74,0.66,5.1e-01,1.0e+00,0.9999,6089,6,4,5,5.9,6.9,8
GENE-19057,NO,62.3,65.4,59.2,0.906,-0.1,0.29,-0.49,6.2e-01,1.0e+00,0.9999,6090,74.4,63.3,58.5,54.5,65.5,57.7
GENE-19059,NO,2.2,1,3.3,3.341,1.7,1.35,1.29,2.0e-01,1.0e+00,0.9999,6091,2,1,0,3,3,4
GENE-19060,NO,99.8,111.7,88,0.788,-0.3,0.44,-0.78,4.3e-01,1.0e+00,0.9999,6092,88.3,72.2,174.6,83.2,125.1,55.7
GENE-19062,NO,2.8,2,3.7,1.838,0.9,1.15,0.76,4.5e-01,1.0e+00,0.9999,6093,2,1,3,2,2,7
GENE-19065,NO,5.8,7.9,3.6,0.459,-1.1,0.8,-1.41,1.6e-01,1.0e+00,0.9999,6094,7.9,8.9,6.9,5.9,2,3
GENE-19068,NO,26.3,29.7,22.9,0.768,-0.4,0.42,-0.9,3.7e-01,1.0e+00,0.9999,6095,32.7,26.7,29.8,14.9,29.8,23.9
GENE-19071,NO,216.8,235,198.6,0.845,-0.2,0.33,-0.73,4.6e-01,1.0e+00,0.9999,6096,189.4,336.1,179.5,158.5,240.2,197.1
GENE-19072,NO,3.5,3.3,3.6,1.102,0.1,1.05,0.13,8.9e-01,1.0e+00,0.9999,6097,3,2,5,1,6.9,3
GENE-19074,NO,476.2,479.5,472.9,0.986,0,0.19,-0.1,9.2e-01,1.0e+00,0.9999,6098,472.1,501.2,465.2,493.2,418.9,506.7
GENE-19080,NO,35.4,36,34.8,0.966,-0.1,0.41,-0.12,9.0e-01,1.0e+00,0.9999,6099,23.8,36.6,47.6,29.7,30.8,43.8
GENE-19081,NO,128,142,113.9,0.802,-0.3,0.41,-0.77,4.4e-01,1.0e+00,0.9999,6100,88.3,147.3,190.4,72.3,100.3,169.2
GENE-19090,NO,108.8,108.3,109.2,1.008,0,0.26,0.05,9.6e-01,1.0e+00,0.9999,6101,93.2,102.8,128.9,101,111.2,115.5
GENE-19091,NO,1.8,1,2.7,2.671,1.4,1.37,1.04,3.0e-01,1.0e+00,0.9999,6102,1,1,1,4,2,2
GENE-19096,NO,2.3,1.3,3.3,2.506,1.3,1.39,0.96,3.4e-01,1.0e+00,0.9999,6103,1,0,3,1,3,6
GENE-19104,NO,1127.2,1183,1071.4,0.906,-0.1,0.33,-0.43,6.6e-01,1.0e+00,0.9999,6104,659.6,1453.2,1436.1,958.7,1153.5,1102
GENE-19107,NO,956.2,901.9,1010.5,1.12,0.2,0.36,0.45,6.5e-01,1.0e+00,0.9999,6105,1230.9,962.9,511.8,893.4,812,1326
GENE-19108,NO,53.2,53.5,53,0.99,0,0.3,-0.05,9.6e-01,1.0e+00,0.9999,6106,46.6,57.3,56.5,53.5,50.6,54.8
GENE-19110,NO,5.8,5.9,5.6,0.946,-0.1,0.81,-0.1,9.2e-01,1.0e+00,0.9999,6107,5,5.9,6.9,8.9,2,6
GENE-19113,NO,729.1,741.4,716.9,0.967,0,0.2,-0.24,8.1e-01,1.0e+00,0.9999,6108,700.2,750.3,773.6,783.4,603.6,763.6
GENE-19119,NO,280.7,311,250.4,0.805,-0.3,0.33,-0.95,3.4e-01,1.0e+00,0.9999,6109,317.4,370.7,245,359.5,190.6,201.1
GENE-19125,NO,216.2,221,211.4,0.957,-0.1,0.24,-0.27,7.9e-01,1.0e+00,0.9999,6110,241,186.8,235.1,238.7,211.4,184.2
GENE-19126,NO,4.8,4.3,5.3,1.233,0.3,0.85,0.36,7.2e-01,1.0e+00,0.9999,6111,5,2,6,4,6,6
GENE-19130,NO,0.7,0.7,0.7,1,0,2.86,0,1.0e+00,1.0e+00,0.9999,6112,0,0,2,2,0,0
GENE-19133,NO,2.2,1.7,2.7,1.603,0.7,1.2,0.57,5.7e-01,1.0e+00,0.9999,6113,2,1,2,2,3,3
GENE-19134,NO,1157.1,924,1390.2,1.504,0.6,1.83,0.32,7.5e-01,1.0e+00,0.9999,6114,67.4,1193.2,1511.5,2663.3,4,1503.2
GENE-19139,NO,4.3,4.6,4,0.859,-0.2,0.88,-0.25,8.0e-01,1.0e+00,0.9999,6115,4,4.9,5,4,2,6
GENE-19140,NO,392.8,369.5,416,1.126,0.2,0.18,0.93,3.5e-01,1.0e+00,0.9999,6116,352.1,397.4,359,401.1,431.8,415.1
GENE-19141,NO,6.5,7.3,5.7,0.775,-0.4,0.78,-0.47,6.4e-01,1.0e+00,0.9999,6117,7.9,4,9.9,3,5,9
GENE-19143,NO,201.7,212.4,191,0.899,-0.2,0.24,-0.65,5.2e-01,1.0e+00,0.9999,6118,187.5,220.5,229.1,208,158.8,206.1
GENE-19144,NO,0.7,0.3,1,2.795,1.5,2.44,0.61,5.4e-01,1.0e+00,0.9999,6119,0,1,0,1,2,0
GENE-19146,NO,108.8,111.3,106.2,0.954,-0.1,0.24,-0.28,7.8e-01,1.0e+00,0.9999,6120,125,104.8,104.1,108.9,112.2,97.6
GENE-19150,NO,48.9,47.2,50.7,1.072,0.1,0.31,0.32,7.5e-01,1.0e+00,0.9999,6121,51.6,48.4,41.7,43.6,54.6,53.8
GENE-19152,NO,3039.9,2915.8,3164,1.085,0.1,0.25,0.46,6.4e-01,1.0e+00,0.9999,6122,2222.7,3452.1,3072.6,2572.2,3516.1,3403.7
GENE-19153,NO,1,1,1,1.001,0,1.78,0,1.0e+00,1.0e+00,0.9999,6123,1,1,1,2,1,0
GENE-19154,NO,1237.5,1123,1351.9,1.204,0.3,0.38,0.7,4.8e-01,1.0e+00,0.9999,6124,1085.1,1549.1,734.9,912.2,1151.5,1992
GENE-19158,NO,658.8,664.8,652.9,0.982,0,0.25,-0.1,9.2e-01,1.0e+00,0.9999,6125,743.9,694,556.4,599.2,820,539.6
GENE-19164,NO,166.1,180.6,151.6,0.839,-0.3,0.21,-1.19,2.3e-01,1.0e+00,0.9999,6126,168.6,188.8,184.5,151.5,158.8,144.4
GENE-19165,NO,437.6,507.2,368,0.726,-0.5,0.51,-0.91,3.6e-01,1.0e+00,0.9999,6127,375.9,520,625.8,485.3,514.2,104.5
GENE-19171,NO,60,61.7,58.2,0.943,-0.1,0.28,-0.3,7.7e-01,1.0e+00,0.9999,6128,69.4,56.3,59.5,60.4,58.6,55.7
GENE-19176,NO,783.8,760.3,807.4,1.062,0.1,0.2,0.44,6.6e-01,1.0e+00,0.9999,6129,787.5,717.7,775.6,720.1,775.3,926.8
GENE-19177,NO,106.1,92.5,119.8,1.295,0.4,0.33,1.13,2.6e-01,1.0e+00,0.9999,6130,81.3,98.9,97.2,170.4,91.3,97.6
GENE-19181,NO,12.6,12.9,12.2,0.951,-0.1,0.59,-0.12,9.0e-01,1.0e+00,0.9999,6131,16.9,14.8,6.9,7.9,13.9,14.9
GENE-19186,NO,10.9,11.6,10.2,0.888,-0.2,0.58,-0.3,7.7e-01,1.0e+00,0.9999,6132,7.9,12.9,13.9,7.9,9.9,12.9
GENE-19190,NO,1698.2,1294.9,2101.6,1.623,0.7,0.97,0.72,4.7e-01,1.0e+00,0.9999,6133,573.3,686.1,2625.3,2288.9,3523,492.8
GENE-19192,NO,23,20.5,25.5,1.244,0.3,0.47,0.67,5.0e-01,1.0e+00,0.9999,6134,19.8,11.9,29.8,21.8,27.8,26.9
GENE-19193,NO,20.8,16.8,24.8,1.474,0.6,0.45,1.25,2.1e-01,1.0e+00,0.9999,6135,19.8,15.8,14.9,19.8,31.8,22.9
GENE-19201,NO,298.9,303.5,294.3,0.969,0,0.21,-0.22,8.3e-01,1.0e+00,0.9999,6136,269.8,295.6,345.1,284.3,300.8,297.7
GENE-19202,NO,8.8,7.3,10.3,1.413,0.5,0.81,0.62,5.4e-01,1.0e+00,0.9999,6137,10.9,4.9,6,2,15.9,12.9
GENE-19204,NO,42.6,38.6,46.6,1.208,0.3,0.35,0.79,4.3e-01,1.0e+00,0.9999,6138,44.6,42.5,28.8,49.5,50.6,39.8
GENE-19205,NO,325.5,331.9,319.1,0.961,-0.1,0.2,-0.28,7.8e-01,1.0e+00,0.9999,6139,296.6,347,352.1,312,298.8,346.4
GENE-19214,NO,48.8,48.2,49.3,1.023,0,0.35,0.09,9.3e-01,1.0e+00,0.9999,6140,63.5,43.5,37.7,46.6,59.6,41.8
GENE-19216,NO,265,292.3,237.6,0.813,-0.3,0.23,-1.28,2.0e-01,1.0e+00,0.9999,6141,357.1,255.1,264.8,223.8,247.2,241.9
GENE-19218,NO,64,57.5,70.5,1.227,0.3,0.29,1.02,3.1e-01,1.0e+00,0.9999,6142,48.6,64.3,59.5,66.4,77.4,67.7
GENE-19223,NO,297.2,252.3,342.1,1.356,0.4,0.24,1.81,7.0e-02,1.0e+00,0.9999,6143,229.1,217.5,310.4,383.3,334.5,308.6
GENE-19229,NO,1.7,2,1.3,0.668,-0.6,1.67,-0.35,7.3e-01,1.0e+00,0.9999,6144,4,2,0,0,3,1
GENE-19230,NO,26.3,28.4,24.1,0.85,-0.2,0.48,-0.48,6.3e-01,1.0e+00,0.9999,6145,27.8,15.8,41.7,27.7,27.8,16.9
GENE-19239,NO,72.1,81.3,62.9,0.774,-0.4,0.27,-1.36,1.7e-01,1.0e+00,0.9999,6146,90.3,72.2,81.3,66.4,63.5,58.7
GENE-19242,NO,409.9,420.2,399.6,0.951,-0.1,0.35,-0.21,8.4e-01,1.0e+00,0.9999,6147,586.2,292.6,381.8,537.8,376.2,284.7
GENE-19248,NO,4.3,3,5.6,1.89,0.9,1.05,0.87,3.8e-01,1.0e+00,0.9999,6148,5,1,3,8.9,6.9,1
GENE-19250,NO,8.1,7.3,8.9,1.23,0.3,0.69,0.43,6.6e-01,1.0e+00,0.9999,6149,10.9,6.9,4,6.9,11.9,8
GENE-19254,NO,4.5,5,4,0.802,-0.3,0.86,-0.37,7.1e-01,1.0e+00,0.9999,6150,6,5.9,3,5,3,4
GENE-19256,NO,236.1,205.4,266.8,1.299,0.4,0.26,1.43,1.5e-01,1.0e+00,0.9999,6151,197.4,242.2,176.5,256.5,216.4,327.5
GENE-19259,NO,56.9,51.8,61.9,1.194,0.3,0.3,0.85,3.9e-01,1.0e+00,0.9999,6152,44.6,56.3,54.5,63.4,68.5,53.8
GENE-19261,NO,3.3,3.6,3,0.82,-0.3,0.98,-0.29,7.7e-01,1.0e+00,0.9999,6153,4,4.9,2,3,3,3
GENE-19263,NO,10.6,10.9,10.2,0.942,-0.1,0.62,-0.14,8.9e-01,1.0e+00,0.9999,6154,5,14.8,12.9,8.9,9.9,11.9
GENE-19268,NO,80.9,70.3,91.4,1.299,0.4,0.28,1.37,1.7e-01,1.0e+00,0.9999,6155,69.4,77.1,64.5,81.2,85.4,107.5
GENE-19269,NO,8.6,9.3,7.9,0.86,-0.2,0.72,-0.3,7.6e-01,1.0e+00,0.9999,6156,9.9,11.9,6,5.9,4,13.9
GENE-19271,NO,1.2,1,1.3,1.337,0.4,2.14,0.2,8.4e-01,1.0e+00,0.9999,6157,0,2,1,0,4,0
GENE-19272,NO,13.4,16.8,9.9,0.59,-0.8,0.56,-1.35,1.8e-01,1.0e+00,0.9999,6158,17.9,22.7,9.9,10.9,7.9,11
GENE-19275,NO,4.5,5.3,3.7,0.689,-0.5,0.87,-0.62,5.4e-01,1.0e+00,0.9999,6159,4,4.9,6.9,2,5,4
GENE-19285,NO,5.5,6.6,4.3,0.652,-0.6,0.85,-0.72,4.7e-01,1.0e+00,0.9999,6160,2,9.9,7.9,4,4,5
GENE-19293,NO,27.1,27.1,27.1,1.002,0,0.43,0.01,1.0e+00,1.0e+00,0.9999,6161,26.8,22.7,31.7,28.7,35.7,16.9
GENE-19295,NO,19.3,20.8,17.9,0.859,-0.2,0.44,-0.5,6.2e-01,1.0e+00,0.9999,6162,18.8,23.7,19.8,16.8,15.9,20.9
GENE-19299,NO,268.9,263.3,274.5,1.042,0.1,0.31,0.2,8.5e-01,1.0e+00,0.9999,6163,252.9,188.8,348.1,253.6,230.3,339.5
GENE-19301,NO,5.5,4.6,6.3,1.359,0.4,0.88,0.51,6.1e-01,1.0e+00,0.9999,6164,4,4.9,5,11.9,2,5
GENE-19302,NO,3,3.7,2.3,0.638,-0.6,1.02,-0.63,5.3e-01,1.0e+00,0.9999,6165,3,4,4,2,2,3
GENE-19304,NO,7.8,8.3,7.3,0.882,-0.2,0.67,-0.27,7.9e-01,1.0e+00,0.9999,6166,6,10.9,7.9,6.9,8.9,6
GENE-19309,NO,3.6,2.7,4.7,1.755,0.8,1.01,0.8,4.2e-01,1.0e+00,0.9999,6167,4,2,2,2,4,8
GENE-19311,NO,302.4,293.5,311.3,1.061,0.1,0.32,0.26,7.9e-01,1.0e+00,0.9999,6168,279.7,333.1,267.8,291.2,441.7,201.1
GENE-19314,NO,39.8,37.3,42.4,1.135,0.2,0.37,0.49,6.2e-01,1.0e+00,0.9999,6169,35.7,50.4,25.8,46.6,41.7,38.8
GENE-19315,NO,43,37.3,48.6,1.303,0.4,0.35,1.1,2.7e-01,1.0e+00,0.9999,6170,41.7,38.6,31.7,55.5,53.6,36.8
GENE-19316,NO,0.8,0.3,1.3,3.731,1.9,2.06,0.92,3.6e-01,1.0e+00,0.9999,6171,0,1,0,1,1,2
GENE-19320,NO,98.7,95.4,101.9,1.068,0.1,0.24,0.39,7.0e-01,1.0e+00,0.9999,6172,91.2,96.9,98.2,105,108.2,92.6
GENE-19322,NO,0.8,0.7,1,1.502,0.6,1.91,0.31,7.6e-01,1.0e+00,0.9999,6173,1,0,1,1,1,1
GENE-19323,NO,0.8,0.3,1.3,3.731,1.9,2.06,0.92,3.6e-01,1.0e+00,0.9999,6174,1,0,0,1,1,2
GENE-19327,NO,0.7,1,0.3,0.359,-1.5,2.44,-0.61,5.4e-01,1.0e+00,0.9999,6175,1,0,2,0,0,1
GENE-19329,NO,5.3,5,5.6,1.135,0.2,0.81,0.23,8.2e-01,1.0e+00,0.9999,6176,5,4,6,5.9,7.9,3
GENE-19330,NO,1.3,0.7,2,3.005,1.6,1.67,0.95,3.4e-01,1.0e+00,0.9999,6177,0,1,1,3,2,1
GENE-19337,NO,0.7,1,0.3,0.359,-1.5,2.44,-0.61,5.4e-01,1.0e+00,0.9999,6178,2,0,1,0,0,1
GENE-19339,NO,48.1,48.2,48,0.995,0,0.4,-0.02,9.9e-01,1.0e+00,0.9999,6179,72.4,37.6,34.7,45.6,41.7,56.7
GENE-19342,NO,105.3,96.8,113.8,1.175,0.2,0.53,0.44,6.6e-01,1.0e+00,0.9999,6180,85.3,40.5,164.6,119.8,162.8,58.7
GENE-19343,NO,276.1,260.5,291.6,1.119,0.2,0.21,0.79,4.3e-01,1.0e+00,0.9999,6181,243,276.8,261.8,265.4,323.6,285.7
GENE-19345,NO,0.7,0.7,0.7,1.004,0,2.48,0,1.0e+00,1.0e+00,0.9999,6182,0,2,0,1,0,1
GENE-19353,NO,248.4,223.8,273,1.22,0.3,0.28,1.02,3.1e-01,1.0e+00,0.9999,6183,200.4,293.6,177.5,298.1,228.3,292.7
GENE-19356,NO,65.6,63.4,67.9,1.07,0.1,0.3,0.32,7.5e-01,1.0e+00,0.9999,6184,69.4,66.2,54.5,53.5,73.5,76.7
GENE-19361,NO,0.8,0.7,1,1.502,0.6,2.07,0.28,7.8e-01,1.0e+00,0.9999,6185,1,0,1,2,0,1
GENE-19362,NO,241.7,247.3,236,0.954,-0.1,0.22,-0.3,7.6e-01,1.0e+00,0.9999,6186,244,266.9,231.1,232.8,202.5,272.8
GENE-19364,NO,14.4,15.5,13.2,0.852,-0.2,0.58,-0.4,6.9e-01,1.0e+00,0.9999,6187,14.9,18.8,12.9,20.8,12.9,6
GENE-19365,NO,33.6,38,29.2,0.767,-0.4,0.36,-1.07,2.9e-01,1.0e+00,0.9999,6188,38.7,32.6,42.6,25.8,33.8,27.9
GENE-19368,NO,25.3,21.2,29.5,1.393,0.5,0.55,0.87,3.9e-01,1.0e+00,0.9999,6189,15.9,9.9,37.7,20.8,34.7,32.9
GENE-19371,NO,629.1,608,650.1,1.069,0.1,0.24,0.41,6.8e-01,1.0e+00,0.9999,6190,640.7,532.8,650.6,682.4,510.2,757.6
GENE-19382,NO,373.1,369.3,376.9,1.021,0,0.19,0.16,8.7e-01,1.0e+00,0.9999,6191,388.8,339.1,379.9,384.3,376.2,370.3
GENE-19384,NO,6.1,6.3,6,0.95,-0.1,0.78,-0.1,9.2e-01,1.0e+00,0.9999,6192,3,7.9,7.9,4,7.9,6
GENE-19385,NO,6.8,7.9,5.7,0.71,-0.5,0.71,-0.69,4.9e-01,1.0e+00,0.9999,6193,6,10.9,6.9,5,5,7
GENE-19387,NO,858.9,854.4,863.4,1.011,0,0.23,0.07,9.5e-01,1.0e+00,0.9999,6194,928.4,837.3,797.4,817.1,711.8,1061.2
GENE-19394,NO,345.9,323.7,368.1,1.137,0.2,0.25,0.74,4.6e-01,1.0e+00,0.9999,6195,376.9,270.9,323.3,340.7,314.7,449
GENE-19403,NO,28.6,28.4,28.8,1.013,0,0.43,0.04,9.7e-01,1.0e+00,0.9999,6196,29.8,23.7,31.7,42.6,20.8,22.9
GENE-19408,NO,4.5,3.7,5.3,1.457,0.5,0.85,0.64,5.2e-01,1.0e+00,0.9999,6197,3,3,5,5.9,6,4
GENE-19409,NO,3.5,3,4,1.336,0.4,0.97,0.43,6.7e-01,1.0e+00,0.9999,6198,3,4,2,3,6,3
GENE-19411,NO,41.3,45.2,37.4,0.826,-0.3,0.4,-0.68,4.9e-01,1.0e+00,0.9999,6199,33.7,50.4,51.6,40.6,48.6,22.9
GENE-19412,NO,94.9,94.1,95.6,1.016,0,0.27,0.09,9.3e-01,1.0e+00,0.9999,6200,96.2,92.9,93.2,88.1,117.1,81.6
GENE-19421,NO,2.5,2,3,1.502,0.6,1.15,0.51,6.1e-01,1.0e+00,0.9999,6201,2,2,2,4,4,1
GENE-19423,NO,1763.9,1837.6,1690.3,0.92,-0.1,0.18,-0.65,5.1e-01,1.0e+00,0.9999,6202,1674.2,1745.8,2092.7,1625.3,1713.4,1732.2
GENE-19425,NO,49.1,54.5,43.7,0.802,-0.3,0.48,-0.67,5.0e-01,1.0e+00,0.9999,6203,24.8,87,51.6,47.5,50.6,32.9
GENE-19428,NO,3.6,5.3,2,0.376,-1.4,0.97,-1.45,1.5e-01,1.0e+00,0.9999,6204,5,5.9,5,2,2,2
GENE-19431,NO,53.4,47.2,59.5,1.261,0.3,0.56,0.6,5.5e-01,1.0e+00,0.9999,6205,34.7,80.1,26.8,105,34.7,38.8
GENE-19438,NO,2.3,2,2.7,1.336,0.4,1.2,0.35,7.3e-01,1.0e+00,0.9999,6206,1,3,2,3,4,1
GENE-19440,NO,26.1,32.4,19.8,0.613,-0.7,0.44,-1.62,1.1e-01,1.0e+00,0.9999,6207,41.7,23.7,31.7,15.8,25.8,17.9
GENE-19442,NO,173.7,168.4,179,1.063,0.1,0.22,0.4,6.9e-01,1.0e+00,0.9999,6208,184.5,168.1,152.7,192.1,181.7,163.3
GENE-19444,NO,55.2,55.5,54.9,0.99,0,0.56,-0.03,9.8e-01,1.0e+00,0.9999,6209,17.9,54.4,94.2,49.5,79.4,35.8
GENE-19448,NO,3.8,3.3,4.3,1.302,0.4,0.99,0.38,7.0e-01,1.0e+00,0.9999,6210,4,3,3,6.9,5,1
GENE-19450,NO,64.3,60.1,68.5,1.139,0.2,0.39,0.49,6.3e-01,1.0e+00,0.9999,6211,77.4,40.5,62.5,82.2,43.7,79.6
GENE-19451,NO,207.1,219.2,194.9,0.889,-0.2,0.22,-0.77,4.4e-01,1.0e+00,0.9999,6212,205.3,250.1,202.3,184.2,210.4,190.1
GENE-19454,NO,364.8,365,364.7,0.999,0,0.19,-0.01,1.0e+00,1.0e+00,0.9999,6213,377.9,336.1,380.9,374.4,372.3,347.4
GENE-19463,NO,0.7,0.3,1,2.801,1.5,2.44,0.61,5.4e-01,1.0e+00,0.9999,6214,1,0,0,0,1,2
GENE-19468,NO,33.6,31.7,35.4,1.117,0.2,0.37,0.43,6.7e-01,1.0e+00,0.9999,6215,40.7,29.7,24.8,32.7,37.7,35.8
GENE-19471,NO,5.6,6,5.3,0.891,-0.2,0.77,-0.22,8.3e-01,1.0e+00,0.9999,6216,7.9,4,6,5.9,4,6
GENE-19477,NO,19,18.5,19.5,1.056,0.1,0.53,0.15,8.8e-01,1.0e+00,0.9999,6217,9.9,14.8,30.7,21.8,19.9,16.9
GENE-19478,NO,100.3,102.7,98,0.954,-0.1,0.26,-0.26,7.9e-01,1.0e+00,0.9999,6218,87.3,100.8,120,105,99.3,89.6
GENE-19493,NO,17.9,18.1,17.6,0.966,0,0.51,-0.1,9.2e-01,1.0e+00,0.9999,6219,10.9,21.7,21.8,14.9,13.9,23.9
GENE-19494,NO,72.1,64.1,80.1,1.25,0.3,0.3,1.06,2.9e-01,1.0e+00,0.9999,6220,61.5,68.2,62.5,92.1,58.6,89.6
GENE-19496,NO,327.2,306.5,347.8,1.135,0.2,0.28,0.66,5.1e-01,1.0e+00,0.9999,6221,336.2,257,326.3,404.1,245.2,394.2
GENE-19501,NO,1.5,0.7,2.3,3.509,1.8,1.59,1.14,2.5e-01,1.0e+00,0.9999,6222,0,1,1,2,2,3
GENE-19504,NO,1078.5,918.7,1238.2,1.348,0.4,0.28,1.55,1.2e-01,1.0e+00,0.9999,6223,759.7,946.1,1050.3,1565.9,888.5,1260.3
GENE-19506,NO,24,23.8,24.2,1.016,0,0.5,0.05,9.6e-01,1.0e+00,0.9999,6224,24.8,15.8,30.7,15.8,19.9,36.8
GENE-19507,NO,1,1,1,1.002,0,1.78,0,1.0e+00,1.0e+00,0.9999,6225,1,0,2,1,1,1
GENE-19508,NO,299.5,284.7,314.4,1.104,0.1,0.21,0.69,4.9e-01,1.0e+00,0.9999,6226,260.9,312.4,280.7,320.9,341.5,280.7
GENE-19515,NO,1268.6,1256.2,1281,1.02,0,0.17,0.17,8.7e-01,1.0e+00,0.9999,6227,1216,1284.1,1268.5,1257.9,1199.2,1385.8
GENE-19517,NO,7.9,6.9,8.9,1.289,0.4,0.65,0.57,5.7e-01,1.0e+00,0.9999,6228,6.9,7.9,6,7.9,7.9,11
GENE-19519,NO,15.4,18.5,12.2,0.662,-0.6,0.52,-1.14,2.6e-01,1.0e+00,0.9999,6229,23.8,17.8,13.9,13.9,7.9,14.9
GENE-19526,NO,169.9,167.8,172.1,1.026,0,0.26,0.14,8.9e-01,1.0e+00,0.9999,6230,194.4,168.1,140.8,150.5,206.5,159.3
GENE-19528,NO,176.9,175.8,177.9,1.012,0,0.42,0.04,9.7e-01,1.0e+00,0.9999,6231,191.4,105.8,230.1,276.3,122.1,135.4
GENE-19532,NO,211.9,217.3,206.6,0.951,-0.1,0.29,-0.25,8.0e-01,1.0e+00,0.9999,6232,277.7,208.6,165.6,188.2,175.7,255.8
GENE-19533,NO,20.2,19.1,21.2,1.106,0.1,0.43,0.34,7.4e-01,1.0e+00,0.9999,6233,20.8,17.8,18.8,19.8,24.8,18.9
GENE-19534,NO,40.5,49.6,31.4,0.634,-0.7,0.39,-1.69,9.2e-02,1.0e+00,0.9999,6234,61.5,33.6,53.6,28.7,39.7,25.9
GENE-19549,NO,823.7,821.1,826.4,1.006,0,0.2,0.05,9.6e-01,1.0e+00,0.9999,6235,890.7,730.6,842,893.4,721.7,864.1
GENE-19552,NO,1201.9,1293.4,1110.5,0.859,-0.2,0.37,-0.59,5.5e-01,1.0e+00,0.9999,6236,1294.3,1724.1,861.9,1267.8,1421.5,642.1
GENE-19553,NO,1346.2,1080.3,1612.2,1.492,0.6,0.45,1.3,1.9e-01,1.0e+00,0.9999,6237,1769.4,1018.2,453.3,2072,1414.6,1349.9
GENE-19554,NO,66.9,63.4,70.5,1.112,0.2,0.36,0.43,6.7e-01,1.0e+00,0.9999,6238,41.7,83,65.5,80.2,76.4,54.8
GENE-19557,NO,45691.9,46882,44501.7,0.949,-0.1,0.18,-0.42,6.8e-01,1.0e+00,0.9999,6239,50660.9,45123.1,44862,46840,39297.4,47367.8
GENE-19559,NO,61.5,52.5,70.5,1.342,0.4,0.32,1.33,1.8e-01,1.0e+00,0.9999,6240,50.6,39.5,67.4,76.3,68.5,66.7
GENE-19562,NO,7.3,7.6,7,0.915,-0.1,1,-0.13,9.0e-01,1.0e+00,0.9999,6241,15.9,6.9,0,9.9,6,5
GENE-19564,NO,19.3,18.2,20.5,1.13,0.2,0.46,0.38,7.0e-01,1.0e+00,0.9999,6242,16.9,20.8,16.9,27.7,16.9,16.9
GENE-19566,NO,2.8,3.3,2.3,0.702,-0.5,1.09,-0.47,6.4e-01,1.0e+00,0.9999,6243,2,3,5,1,3,3
GENE-19568,NO,77.5,87.8,67.2,0.765,-0.4,0.32,-1.21,2.3e-01,1.0e+00,0.9999,6244,81.3,106.8,75.4,62.4,86.4,52.8
GENE-19571,NO,1.3,1.3,1.3,1.003,0,1.62,0,1.0e+00,1.0e+00,0.9999,6245,1,2,1,0,3,1
GENE-19576,NO,33.9,38,29.8,0.784,-0.4,0.36,-0.97,3.3e-01,1.0e+00,0.9999,6246,46.6,32.6,34.7,27.7,28.8,32.9
GENE-19579,NO,566.5,538.1,595,1.106,0.1,0.21,0.69,4.9e-01,1.0e+00,0.9999,6247,564.4,455.7,594.1,656.7,584.7,543.6
GENE-19580,NO,1084.4,1026.5,1142.4,1.113,0.2,0.24,0.65,5.1e-01,1.0e+00,0.9999,6248,964.1,980.7,1134.6,1412.4,1100.9,913.9
GENE-19581,NO,4.5,5.3,3.7,0.689,-0.5,1,-0.54,5.9e-01,1.0e+00,0.9999,6249,4,5.9,6,5,6,0
GENE-19582,NO,1.5,2.3,0.7,0.286,-1.8,1.74,-1.03,3.0e-01,1.0e+00,0.9999,6250,4,1,2,0,2,0
GENE-19586,NO,1849.3,1987.9,1710.7,0.861,-0.2,0.17,-1.26,2.1e-01,1.0e+00,0.9999,6251,1879.5,2101.7,1982.6,1628.3,1856.3,1647.6
GENE-19587,NO,6,4,7.9,2.005,1,0.79,1.28,2.0e-01,1.0e+00,0.9999,6252,2,5.9,4,6.9,6.9,10
GENE-19609,NO,2087.1,2139.3,2034.9,0.951,-0.1,0.22,-0.33,7.4e-01,1.0e+00,0.9999,6253,2131.5,2132.3,2154.2,2518.7,1696.5,1889.5
GENE-19613,NO,0.7,0.7,0.7,1.001,0,2.48,0,1.0e+00,1.0e+00,0.9999,6254,1,0,1,0,2,0
GENE-19614,NO,134,130.1,138,1.06,0.1,0.26,0.33,7.4e-01,1.0e+00,0.9999,6255,115.1,129.5,145.8,150.5,150.9,112.5
GENE-19616,NO,2313.1,2353.8,2272.5,0.965,-0.1,0.21,-0.25,8.0e-01,1.0e+00,0.9999,6256,2543.1,2572.3,1945.9,2324.6,2076.7,2416.1
GENE-19618,NO,92.6,88.5,96.7,1.092,0.1,0.25,0.51,6.1e-01,1.0e+00,0.9999,6257,81.3,97.9,86.3,97.1,95.3,97.6
GENE-19621,NO,392.6,359,426.1,1.187,0.2,0.36,0.69,4.9e-01,1.0e+00,0.9999,6258,228.1,353.9,494.9,565.5,297.8,415.1
GENE-19622,NO,47.3,43.9,50.6,1.153,0.2,0.32,0.65,5.2e-01,1.0e+00,0.9999,6259,49.6,38.6,43.6,53.5,54.6,43.8
GENE-19624,NO,587,621.9,552,0.888,-0.2,0.18,-0.98,3.3e-01,1.0e+00,0.9999,6260,608,589.2,668.5,536.8,565.8,553.5
GENE-19630,NO,219,209.7,228.3,1.089,0.1,0.23,0.54,5.9e-01,1.0e+00,0.9999,6261,209.3,198.7,221.2,255.5,240.2,189.1
GENE-19631,NO,93.1,78.6,107.6,1.368,0.5,0.28,1.64,1.0e-01,1.0e+00,0.9999,6262,91.2,60.3,84.3,108,112.2,102.5
GENE-19634,NO,0.8,1,0.7,0.668,-0.6,2.07,-0.28,7.8e-01,1.0e+00,0.9999,6263,0,1,2,1,0,1
GENE-19635,NO,1629.2,1611.6,1646.7,1.022,0,0.24,0.13,9.0e-01,1.0e+00,0.9999,6264,1434.2,1855.5,1545.2,1492.6,2033,1414.6
GENE-19646,NO,4.1,2.3,5.9,2.577,1.4,0.96,1.42,1.5e-01,1.0e+00,0.9999,6265,2,4,1,6.9,6.9,4
GENE-19663,NO,918.6,897.8,939.3,1.046,0.1,0.19,0.34,7.3e-01,1.0e+00,0.9999,6266,870.8,983.6,839.1,970.6,831.9,1015.4
GENE-19665,NO,144.3,166.4,122.2,0.734,-0.4,0.35,-1.27,2.0e-01,1.0e+00,0.9999,6267,175.6,187.8,135.9,69.3,146.9,150.3
GENE-19666,NO,2122.4,1960.9,2284,1.165,0.2,0.22,1,3.2e-01,1.0e+00,0.9999,6268,1755.5,2034.5,2092.7,1849.2,2320.9,2681.9
GENE-19667,NO,36.7,40.6,32.8,0.807,-0.3,0.39,-0.79,4.3e-01,1.0e+00,0.9999,6269,49.6,27.7,44.6,25.8,31.8,40.8
GENE-19668,NO,240.7,214.7,266.7,1.243,0.3,0.26,1.22,2.2e-01,1.0e+00,0.9999,6270,183.5,237.3,223.2,319.9,210.4,269.8
GENE-19670,NO,37.7,29.7,45.7,1.538,0.6,0.79,0.79,4.3e-01,1.0e+00,0.9999,6271,20.8,60.3,7.9,24.8,96.3,15.9
GENE-19672,NO,256.7,261.6,251.8,0.963,-0.1,0.25,-0.22,8.3e-01,1.0e+00,0.9999,6272,251.9,244.2,288.6,288.2,189.6,277.7
GENE-19673,NO,88.6,83.9,93.3,1.113,0.2,0.26,0.6,5.5e-01,1.0e+00,0.9999,6273,75.4,86,90.3,84.2,95.3,100.5
GENE-19677,NO,3.6,4,3.3,0.834,-0.3,1.11,-0.24,8.1e-01,1.0e+00,0.9999,6274,5,1,6,2,6.9,1
GENE-19678,NO,0.8,1,0.7,0.668,-0.6,2.07,-0.28,7.8e-01,1.0e+00,0.9999,6275,2,1,0,1,0,1
GENE-19684,NO,4105.6,4357.1,3854.2,0.885,-0.2,0.24,-0.73,4.7e-01,1.0e+00,0.9999,6276,5143.7,3591.5,4336.1,3468.5,4700.4,3393.7
GENE-19688,NO,1129.4,1157.8,1101,0.951,-0.1,0.29,-0.25,8.1e-01,1.0e+00,0.9999,6277,872.8,1139.8,1460.9,1409.4,1047.3,846.2
GENE-19691,NO,118,117.2,118.8,1.013,0,0.24,0.08,9.4e-01,1.0e+00,0.9999,6278,107.1,111.7,132.9,113.9,119.1,123.4
GENE-19695,NO,7.4,8.6,6.3,0.733,-0.4,0.78,-0.57,5.7e-01,1.0e+00,0.9999,6279,7.9,6.9,10.9,5,2,11.9
GENE-19696,NO,8.4,9.2,7.6,0.823,-0.3,0.64,-0.44,6.6e-01,1.0e+00,0.9999,6280,11.9,7.9,7.9,5.9,8.9,8
GENE-19697,NO,229.7,237.7,221.7,0.933,-0.1,0.24,-0.41,6.8e-01,1.0e+00,0.9999,6281,197.4,266.9,248.9,203,259.1,203.1
GENE-19699,NO,5.1,5,5.3,1.069,0.1,0.79,0.12,9.0e-01,1.0e+00,0.9999,6282,6,4.9,4,6.9,5,4
GENE-19700,NO,962,956.3,967.8,1.012,0,0.21,0.08,9.3e-01,1.0e+00,0.9999,6283,864.9,1084.5,919.4,840.9,1097.9,964.7
GENE-19702,NO,4.3,2.7,6,2.253,1.2,0.95,1.24,2.2e-01,1.0e+00,0.9999,6284,2,2,4,9.9,4,4
GENE-19705,NO,55.2,48.6,61.9,1.275,0.4,0.39,0.91,3.7e-01,1.0e+00,0.9999,6285,53.6,44.5,47.6,81.2,34.7,69.7
GENE-19713,NO,2,1.7,2.3,1.4,0.5,1.62,0.3,7.6e-01,1.0e+00,0.9999,6286,4,0,1,5,2,0
GENE-19716,NO,251.4,243.7,259.1,1.063,0.1,0.27,0.33,7.4e-01,1.0e+00,0.9999,6287,315.4,227.4,188.4,289.2,244.2,243.9
GENE-19718,NO,1.7,1,2.3,2.337,1.2,1.42,0.86,3.9e-01,1.0e+00,0.9999,6288,1,1,1,3,3,1
GENE-19719,NO,187,167.8,206.2,1.229,0.3,0.24,1.26,2.1e-01,1.0e+00,0.9999,6289,198.4,146.3,158.7,189.2,225.3,204.1
GENE-19726,NO,4908.6,5005.2,4811.9,0.961,-0.1,0.18,-0.31,7.6e-01,1.0e+00,0.9999,6290,5353.9,4661.1,5000.6,4609.5,5431,4395.2
GENE-19727,NO,61.2,71.3,51,0.714,-0.5,0.45,-1.09,2.8e-01,1.0e+00,0.9999,6291,117,61.3,35.7,50.5,47.6,54.8
GENE-19732,NO,6.3,7.9,4.6,0.584,-0.8,0.76,-1.01,3.1e-01,1.0e+00,0.9999,6292,8.9,7.9,6.9,5,6.9,2
GENE-19734,NO,390,347.8,432.2,1.243,0.3,0.2,1.58,1.1e-01,1.0e+00,0.9999,6293,326.3,337.1,379.9,413,478.5,405.2
GENE-19736,NO,3.5,2.3,4.6,2.003,1,1.05,0.95,3.4e-01,1.0e+00,0.9999,6294,4,1,2,5,6.9,2
GENE-19739,NO,3.6,4,3.3,0.835,-0.3,1.03,-0.25,8.0e-01,1.0e+00,0.9999,6295,4,6.9,1,3,5,2
GENE-19744,NO,63.5,57.8,69.1,1.197,0.3,0.34,0.76,4.4e-01,1.0e+00,0.9999,6296,58.5,74.1,40.7,79.2,71.5,56.7
GENE-19749,NO,1217.7,1111.4,1324,1.191,0.3,0.37,0.68,5.0e-01,1.0e+00,0.9999,6297,1497.7,955.9,880.7,868.6,2027.1,1076.2
GENE-19753,NO,1.2,1.3,1,0.751,-0.4,1.68,-0.25,8.1e-01,1.0e+00,0.9999,6298,2,1,1,2,0,1
GENE-19756,NO,7.9,6.6,9.3,1.405,0.5,0.92,0.53,5.9e-01,1.0e+00,0.9999,6299,1,14.8,4,4,10.9,12.9
GENE-19760,NO,1689.4,1831.9,1547,0.845,-0.2,0.21,-1.14,2.5e-01,1.0e+00,0.9999,6300,1948,1838.7,1708.9,1270.7,1545.6,1824.8
GENE-19762,NO,5.5,5,6,1.203,0.3,0.8,0.33,7.4e-01,1.0e+00,0.9999,6301,7.9,4,3,5,6.9,6
GENE-19763,NO,233.6,226.3,240.9,1.065,0.1,0.25,0.36,7.2e-01,1.0e+00,0.9999,6302,228.1,192.8,257.9,220.9,293.8,208.1
GENE-19767,NO,533.2,676.1,390.3,0.577,-0.8,0.57,-1.39,1.6e-01,1.0e+00,0.9999,6303,696.3,560.5,771.6,78.2,444.7,648.1
GENE-19769,NO,227.7,154.2,301.2,1.953,1,0.59,1.65,9.9e-02,1.0e+00,0.9999,6304,117,146.3,199.4,384.3,459.6,59.7
GENE-19773,NO,13.1,11.9,14.2,1.197,0.3,0.55,0.47,6.4e-01,1.0e+00,0.9999,6305,6.9,14.8,13.9,11.9,13.9,16.9
GENE-19780,NO,7.8,10.6,5,0.47,-1.1,0.82,-1.32,1.9e-01,1.0e+00,0.9999,6306,15.9,9.9,6,5,1,9
GENE-19781,NO,228.4,220.3,236.6,1.074,0.1,0.23,0.45,6.5e-01,1.0e+00,0.9999,6307,199.4,227.4,234.1,241.7,270,198.1
GENE-19787,NO,192.2,193.1,191.3,0.99,0,0.24,-0.06,9.5e-01,1.0e+00,0.9999,6308,188.4,212.5,178.5,181.3,227.3,165.3
GENE-19788,NO,2.1,2,2.3,1.168,0.2,1.29,0.17,8.6e-01,1.0e+00,0.9999,6309,3,2,1,5,1,1
GENE-19792,NO,127.3,118.2,136.3,1.153,0.2,0.26,0.78,4.4e-01,1.0e+00,0.9999,6310,111.1,103.8,139.8,158.5,133,117.5
GENE-19793,NO,1,1,1,1.001,0,2.2,0,1.0e+00,1.0e+00,0.9999,6311,0,0,3,1,2,0
GENE-19795,NO,57.2,61.4,53,0.862,-0.2,0.31,-0.68,5.0e-01,1.0e+00,0.9999,6312,70.4,55.4,58.5,42.6,52.6,63.7
GENE-19796,NO,1122.2,1224.2,1020.2,0.833,-0.3,0.21,-1.26,2.1e-01,1.0e+00,0.9999,6313,1378.6,1261.4,1032.5,1132.1,937.1,991.5
GENE-19800,NO,56.2,62.4,50,0.801,-0.3,0.29,-1.1,2.7e-01,1.0e+00,0.9999,6314,62.5,61.3,63.5,43.6,55.6,50.8
GENE-19807,NO,331.9,357.1,306.6,0.859,-0.2,0.36,-0.61,5.4e-01,1.0e+00,0.9999,6315,475.1,226.4,369.9,218.9,281.9,419.1
GENE-19809,NO,353.5,330,377.1,1.142,0.2,0.29,0.67,5.0e-01,1.0e+00,0.9999,6316,336.2,238.2,415.6,304.1,439.8,387.3
GENE-19811,NO,239.5,245.9,233,0.947,-0.1,0.36,-0.22,8.3e-01,1.0e+00,0.9999,6317,272.8,335.1,129.9,252.6,216.4,230
GENE-19812,NO,166,165.8,166.1,1.002,0,0.25,0.01,9.9e-01,1.0e+00,0.9999,6318,187.5,149.3,160.7,198.1,139,161.3
GENE-19817,NO,109.3,109.6,108.9,0.994,0,0.42,-0.02,9.8e-01,1.0e+00,0.9999,6319,98.2,140.4,90.3,52.5,161.8,112.5
GENE-19818,NO,14.4,12.9,15.9,1.234,0.3,0.55,0.56,5.8e-01,1.0e+00,0.9999,6320,10.9,11.9,15.9,17.8,8.9,20.9
GENE-19827,NO,15.9,18.8,12.9,0.686,-0.5,0.51,-1.07,2.8e-01,1.0e+00,0.9999,6321,16.9,23.7,15.9,16.8,8.9,12.9
GENE-19834,NO,191.3,174.4,208.2,1.194,0.3,0.25,1.02,3.1e-01,1.0e+00,0.9999,6322,175.6,137.4,210.3,202.1,196.6,226
GENE-19839,NO,23.6,22.5,24.8,1.105,0.1,0.43,0.34,7.4e-01,1.0e+00,0.9999,6323,27.8,16.8,22.8,23.8,29.8,20.9
GENE-19842,NO,47.8,46.3,49.3,1.066,0.1,0.35,0.27,7.9e-01,1.0e+00,0.9999,6324,54.6,35.6,48.6,60.4,47.6,39.8
GENE-19847,NO,627.4,605.1,649.7,1.074,0.1,0.2,0.52,6.0e-01,1.0e+00,0.9999,6325,588.2,535.8,691.3,674.5,617.5,657
GENE-19848,NO,257.8,271.1,244.6,0.902,-0.1,0.21,-0.69,4.9e-01,1.0e+00,0.9999,6326,254.9,312.4,246,248.6,229.3,255.8
GENE-19852,NO,89.4,93.2,85.7,0.92,-0.1,0.33,-0.36,7.2e-01,1.0e+00,0.9999,6327,130.9,70.2,78.4,95.1,75.4,86.6
GENE-19853,NO,956.9,930.2,983.7,1.057,0.1,0.22,0.37,7.1e-01,1.0e+00,0.9999,6328,961.1,994.5,835.1,1054.8,791.2,1105
GENE-19854,NO,182.5,178.3,186.6,1.046,0.1,0.28,0.23,8.2e-01,1.0e+00,0.9999,6329,140.8,176,218.2,230.8,166.8,162.3
GENE-19866,NO,36.9,35,38.8,1.107,0.1,0.39,0.38,7.1e-01,1.0e+00,0.9999,6330,32.7,33.6,38.7,24.8,41.7,49.8
GENE-19868,NO,13.1,13.2,12.9,0.977,0,0.53,-0.06,9.5e-01,1.0e+00,0.9999,6331,14.9,13.8,10.9,8.9,14.9,14.9
GENE-19872,NO,4.5,5,4,0.802,-0.3,0.94,-0.34,7.4e-01,1.0e+00,0.9999,6332,5,3,6.9,1,6.9,4
GENE-19874,NO,2334.4,2388.6,2280.3,0.955,-0.1,0.2,-0.34,7.4e-01,1.0e+00,0.9999,6333,2178.1,2433.9,2553.9,2635.6,2036,2169.2
GENE-19881,NO,16.9,16.5,17.2,1.042,0.1,0.47,0.13,9.0e-01,1.0e+00,0.9999,6334,20.8,13.8,14.9,19.8,16.9,14.9
GENE-19884,NO,1001.8,966.3,1037.3,1.074,0.1,0.18,0.57,5.7e-01,1.0e+00,0.9999,6335,927.4,985.6,985.8,1000.3,959.9,1151.8
GENE-19889,NO,9.9,10.9,8.9,0.819,-0.3,0.66,-0.43,6.7e-01,1.0e+00,0.9999,6336,13.9,4.9,13.9,12.9,6.9,7
GENE-19900,NO,109.4,90.2,128.8,1.428,0.5,0.3,1.73,8.4e-02,1.0e+00,0.9999,6337,102.2,106.8,61.5,118.9,130,137.4
GENE-19903,NO,462.6,484,441.2,0.912,-0.1,0.24,-0.56,5.8e-01,1.0e+00,0.9999,6338,378.9,581.3,491.9,405.1,434.8,483.8
GENE-19905,NO,7.6,6.9,8.3,1.193,0.3,0.69,0.37,7.1e-01,1.0e+00,0.9999,6339,5,8.9,6.9,8.9,10.9,5
GENE-19906,NO,10.4,9.3,11.6,1.251,0.3,0.73,0.45,6.6e-01,1.0e+00,0.9999,6340,8.9,3,15.9,13.9,14.9,6
GENE-19915,NO,1202.8,1181.6,1224,1.036,0.1,0.17,0.29,7.7e-01,1.0e+00,0.9999,6341,1108.9,1177.4,1258.6,1136,1276.6,1259.3
GENE-19918,NO,25.6,26.1,25.2,0.964,-0.1,0.46,-0.12,9.1e-01,1.0e+00,0.9999,6342,18.8,19.8,39.7,20.8,28.8,25.9
GENE-19921,NO,478.7,474.6,482.8,1.017,0,0.2,0.12,9.0e-01,1.0e+00,0.9999,6343,512.8,429,482,535.8,463.6,449
GENE-19926,NO,2063.9,2083.5,2044.3,0.981,0,0.16,-0.17,8.7e-01,1.0e+00,0.9999,6344,1942,2111.6,2196.8,2047.2,2096.6,1989
GENE-19937,NO,2.6,2.7,2.7,1.002,0,1.12,0,1.0e+00,1.0e+00,0.9999,6345,2,4,2,4,1,3
GENE-19939,NO,4504.5,4116.6,4892.4,1.188,0.2,0.22,1.13,2.6e-01,1.0e+00,0.9999,6346,3793.8,4897.4,3658.7,4357,4685.5,5634.6
GENE-19941,NO,2.8,2.3,3.3,1.432,0.5,1.06,0.49,6.3e-01,1.0e+00,0.9999,6347,2,2,3,4,2,4
GENE-19943,NO,6.8,5.3,8.3,1.566,0.6,0.7,0.93,3.5e-01,1.0e+00,0.9999,6348,6,4,6,7.9,7.9,9
GENE-19949,NO,531.3,520.6,542.1,1.041,0.1,0.3,0.19,8.5e-01,1.0e+00,0.9999,6349,345.2,663.3,553.4,510.1,651.2,464.9
GENE-19952,NO,420.3,453.8,386.9,0.853,-0.2,0.26,-0.88,3.8e-01,1.0e+00,0.9999,6350,482,431,448.3,464.5,273,423.1
GENE-19955,NO,5.5,6.3,4.7,0.739,-0.4,0.86,-0.51,6.1e-01,1.0e+00,0.9999,6351,6,10.9,2,5,4,5
GENE-19957,NO,29.3,34.4,24.2,0.704,-0.5,0.42,-1.2,2.3e-01,1.0e+00,0.9999,6352,40.7,27.7,34.7,15.8,23.8,32.9
GENE-19959,NO,1.3,0.7,2,3.009,1.6,1.67,0.95,3.4e-01,1.0e+00,0.9999,6353,0,1,1,1,2,3
GENE-19963,NO,14.9,16.2,13.6,0.839,-0.3,0.51,-0.5,6.2e-01,1.0e+00,0.9999,6354,13.9,12.9,21.8,10.9,13.9,15.9
GENE-19964,NO,248.7,237.1,260.4,1.098,0.1,0.25,0.55,5.8e-01,1.0e+00,0.9999,6355,214.2,244.2,252.9,318.9,250.2,212
GENE-19973,NO,34.7,35.7,33.8,0.947,-0.1,0.38,-0.21,8.4e-01,1.0e+00,0.9999,6356,31.7,28.7,46.6,27.7,33.8,39.8
GENE-19975,NO,5.6,6.9,4.3,0.62,-0.7,0.81,-0.86,3.9e-01,1.0e+00,0.9999,6357,6.9,4,9.9,5.9,4,3
GENE-19989,NO,1,0.7,1.3,2.005,1,1.81,0.55,5.8e-01,1.0e+00,0.9999,6358,1,1,0,1,2,1
GENE-19990,NO,500.6,548.9,452.2,0.824,-0.3,0.22,-1.28,2.0e-01,1.0e+00,0.9999,6359,593.1,485.4,568.3,397.2,430.8,528.6
GENE-19991,NO,66.4,63.1,69.9,1.107,0.1,0.31,0.47,6.4e-01,1.0e+00,0.9999,6360,47.6,77.1,64.5,71.3,60.6,77.7
GENE-19992,NO,2.1,2.7,1.7,0.626,-0.7,1.29,-0.52,6.0e-01,1.0e+00,0.9999,6361,3,3,2,3,0,2
GENE-19993,NO,1,1.3,0.7,0.5,-1,2.21,-0.45,6.5e-01,1.0e+00,0.9999,6362,3,0,1,2,0,0
GENE-19994,NO,18,18.8,17.2,0.914,-0.1,0.44,-0.29,7.7e-01,1.0e+00,0.9999,6363,18.8,19.8,17.9,18.8,15.9,16.9
GENE-19998,NO,1769.5,1828.6,1710.4,0.935,-0.1,0.19,-0.5,6.2e-01,1.0e+00,0.9999,6364,2095.7,1759.6,1630.5,1775.9,1582.3,1773
GENE-20000,NO,50.3,52.2,48.3,0.926,-0.1,0.32,-0.35,7.3e-01,1.0e+00,0.9999,6365,55.5,49.4,51.6,43.6,41.7,59.7
GENE-811,YES,73.2,46.5,99.9,2.15,1.1,2.67,0.41,NA,NA,1,6366,1,127.5,10.9,0,297.8,2
GENE-3485,YES,50.4,3,97.9,32.911,5,2.99,1.68,NA,NA,1,6367,3,1,5,0,0,293.7
GENE-1093,NO,32.1,11.2,53,4.713,2.2,2.15,1.04,NA,NA,1,6368,4,6.9,22.8,3,155.9,0
GENE-1928,NO,23.6,46.9,0.3,0.008,-7,2.22,-3.17,NA,NA,1,6369,130.9,6.9,3,0,1,0
GENE-2910,NO,517.3,114.7,920,8.019,3,3.41,0.88,NA,NA,1,6370,14.9,0,329.3,0,2680.3,79.6
GENE-4981,NO,1494.1,1479.7,1508.5,1.019,0,1.16,0.02,NA,NA,1,6371,422.5,326.2,3690.5,952.8,2825.2,747.6
GENE-6764,NO,196.7,97.9,295.5,3.02,1.6,2.33,0.68,NA,NA,1,6372,1,2,290.6,856.7,13.9,15.9
GENE-6789,NO,197.6,365.1,30.1,0.082,-3.6,2.73,-1.32,NA,NA,1,6373,1,1090.4,4,73.3,16.9,0
GENE-8510,NO,728.9,1371.3,86.4,0.063,-4,3.73,-1.07,NA,NA,1,6374,4087.3,26.7,0,0,259.1,0
GENE-9495,NO,31.9,63.1,0.7,0.01,-6.6,3.86,-1.7,NA,NA,1,6375,189.4,0,0,2,0,0
GENE-10848,NO,79,137.5,20.5,0.149,-2.7,1.86,-1.48,NA,NA,1,6376,24.8,25.7,362,35.7,25.8,0
GENE-17407,NO,883.6,1682.1,85.1,0.051,-4.3,3.73,-1.16,NA,NA,1,6377,0,0,5046.3,122.8,0,132.4
GENE-17847,NO,320.2,511.1,129.4,0.253,-2,2.61,-0.76,NA,NA,1,6378,22.8,1510.5,0,5,54.6,328.5
GENE-18038,NO,42.6,38,47.2,1.242,0.3,1.73,0.18,NA,NA,1,6379,9.9,3,101.2,128.8,8.9,4
GENE-18984,NO,56.5,39.7,73.3,1.847,0.9,1.63,0.54,NA,NA,1,6380,2,6.9,110.1,21.8,22.8,175.2
